55.0000000000000000 0.19001000000000000 0.016550
55.1020410000000000 0.17659300000000000 0.015873
55.2040820000000000 0.12706600000000000 0.013325
55.3061220000000000 0.10025700000000000 0.011573
55.4081630000000000 0.08303300000000000 0.010629
55.5102040000000000 0.04917200000000000 0.008575
55.6122450000000000 0.04210000000000000 0.007635
55.7142860000000000 0.01324300000000000 0.004886
55.8163270000000000 0.00338000000000000 0.003935
55.9183670000000000 0.00011100000000000 0.003350
56.0204080000000000 0.00122300000000000 0.003678
56.1224490000000000 -0.0031550000000000 0.002890
56.2244900000000000 0.00113800000000000 0.003424
56.3265310000000000 -0.0044430000000000 0.002804
56.4285710000000000 0.00011200000000000 0.003386
56.5306120000000000 0.00456300000000000 0.004172
56.6326530000000000 -0.0031480000000000 0.002884
56.7346940000000000 0.00443500000000000 0.004055
56.8367350000000000 0.00238800000000000 0.003938
56.9387760000000000 0.00010600000000000 0.003198
57.0408160000000000 -0.0020740000000000 0.003102
57.1428570000000000 0.00227200000000000 0.003747
57.2448980000000000 -0.0066940000000000 0.002290
57.3469390000000000 0.00012100000000000 0.003668
57.4489800000000000 0.00442100000000000 0.004041
57.5510200000000000 -0.0020210000000000 0.003023
57.6530610000000000 0.00122100000000000 0.003673
57.7551020000000000 -0.0063830000000000 0.002183
57.8571430000000000 -0.0009790000000000 0.003286
57.9591840000000000 0.00119600000000000 0.003598
58.0612240000000000 -0.0009570000000000 0.003212
58.1632650000000000 -0.0021890000000000 0.003274
58.2653060000000000 0.00122700000000000 0.003690
58.3673470000000000 0.00234200000000000 0.003864
58.4693880000000000 -0.0042630000000000 0.002690
58.5714290000000000 -0.0053170000000000 0.002441
58.6734690000000000 0.00011500000000000 0.003471
58.7755100000000000 0.00117300000000000 0.003529
58.8775510000000000 -0.0009880000000000 0.003319
58.9795920000000000 -0.0053170000000000 0.002441
59.0816330000000000 -0.0030230000000000 0.002770
59.1836730000000000 -0.0021330000000000 0.003189
59.2857140000000000 0.00482600000000000 0.004412
59.3877550000000000 0.00336500000000000 0.003918
59.4897960000000000 0.00666800000000000 0.004386
59.5918370000000000 0.01499600000000000 0.005256
59.6938780000000000 0.02091200000000000 0.005970
59.7959180000000000 0.01566200000000000 0.005490
59.8979590000000000 0.02832500000000000 0.006629
60.0000000000000000 0.01419800000000000 0.005546
