55.0000000000000000 0.17728000000000000 0.015892
55.1020410000000000 0.18190900000000000 0.016149
55.2040820000000000 0.13683200000000000 0.013877
55.3061220000000000 0.10025700000000000 0.011573
55.4081630000000000 0.04857300000000000 0.008250
55.5102040000000000 0.03776500000000000 0.007663
55.6122450000000000 0.02110500000000000 0.005826
55.7142860000000000 0.01526400000000000 0.005101
55.8163270000000000 -0.0042400000000000 0.002676
55.9183670000000000 -0.0020040000000000 0.002997
56.0204080000000000 -0.0032040000000000 0.002935
56.1224490000000000 0.00229400000000000 0.003784
56.2244900000000000 -0.0009220000000000 0.003096
56.3265310000000000 0.00126000000000000 0.003791
56.4285710000000000 0.00225000000000000 0.003711
56.5306120000000000 0.00011700000000000 0.003521
56.6326530000000000 0.00772600000000000 0.004504
56.7346940000000000 -0.0063690000000000 0.002178
56.8367350000000000 0.00125300000000000 0.003769
56.9387760000000000 -0.0009040000000000 0.003034
57.0408160000000000 0.00230400000000000 0.003800
57.1428570000000000 0.00335100000000000 0.003901
57.2448980000000000 -0.0021520000000000 0.003218
57.3469390000000000 0.00127900000000000 0.003848
57.4489800000000000 -0.0020410000000000 0.003052
57.5510200000000000 0.00011200000000000 0.003379
57.6530610000000000 -0.0032000000000000 0.002932
57.7551020000000000 -0.0020520000000000 0.003068
57.8571430000000000 -0.0009790000000000 0.003286
57.9591840000000000 0.00336200000000000 0.003914
58.0612240000000000 -0.0041630000000000 0.002627
58.1632650000000000 0.00012100000000000 0.003660
58.2653060000000000 -0.0009940000000000 0.003337
58.3673470000000000 -0.0009960000000000 0.003344
58.4693880000000000 -0.0086420000000000 0.001587
58.5714290000000000 0.00771800000000000 0.004499
58.6734690000000000 -0.0031720000000000 0.002906
58.7755100000000000 0.00223500000000000 0.003687
58.8775510000000000 0.00232400000000000 0.003834
58.9795920000000000 0.00011400000000000 0.003441
59.0816330000000000 0.00011000000000000 0.003308
59.1836730000000000 0.00574500000000000 0.004374
59.2857140000000000 0.00365000000000000 0.004250
59.3877550000000000 0.00119800000000000 0.003602
59.4897960000000000 -0.0009780000000000 0.003282
59.5918370000000000 0.00649000000000000 0.004270
59.6938780000000000 0.00011500000000000 0.003467
59.7959180000000000 0.00566800000000000 0.004316
59.8979590000000000 0.00553900000000000 0.004217
60.0000000000000000 0.00364200000000000 0.004240
