55.0000000000000000 0.38627500000000000 0.025915
55.1020410000000000 0.37008600000000000 0.025202
55.2040820000000000 0.36903500000000000 0.025385
55.3061220000000000 0.30898500000000000 0.022289
55.4081630000000000 0.28548700000000000 0.021392
55.5102040000000000 0.28417000000000000 0.021908
55.6122450000000000 0.21740900000000000 0.017847
55.7142860000000000 0.19917500000000000 0.016626
55.8163270000000000 0.17755700000000000 0.016108
55.9183670000000000 0.16402700000000000 0.015171
56.0204080000000000 0.16722400000000000 0.015687
56.1224490000000000 0.13524800000000000 0.013819
56.2244900000000000 0.12168200000000000 0.012678
56.3265310000000000 0.09822500000000000 0.011934
56.4285710000000000 0.08989300000000000 0.011020
56.5306120000000000 0.04791500000000000 0.008352
56.6326530000000000 0.03491200000000000 0.007208
56.7346940000000000 0.01307800000000000 0.005107
56.8367350000000000 0.00125300000000000 0.003769
56.9387760000000000 0.01222000000000000 0.004771
57.0408160000000000 -0.0020740000000000 0.003102
57.1428570000000000 0.00550900000000000 0.004194
57.2448980000000000 -0.0021520000000000 0.003218
57.3469390000000000 -0.0010360000000000 0.003480
57.4489800000000000 -0.0009640000000000 0.003236
57.5510200000000000 -0.0009550000000000 0.003205
57.6530610000000000 0.00785400000000000 0.004579
57.7551020000000000 0.00011400000000000 0.003430
57.8571430000000000 0.00011500000000000 0.003464
57.9591840000000000 0.00552700000000000 0.004208
58.0612240000000000 0.00225000000000000 0.003711
58.1632650000000000 0.00012100000000000 0.003660
58.2653060000000000 0.00011600000000000 0.003518
58.3673470000000000 -0.0054470000000000 0.002501
58.4693880000000000 -0.0042630000000000 0.002690
58.5714290000000000 0.00337300000000000 0.003927
58.6734690000000000 -0.0042680000000000 0.002693
58.7755100000000000 0.00329700000000000 0.003839
58.8775510000000000 0.00674100000000000 0.004435
58.9795920000000000 0.00989000000000000 0.004762
59.0816330000000000 0.00428700000000000 0.003919
59.1836730000000000 0.00236900000000000 0.003907
59.2857140000000000 -0.0069300000000000 0.002371
59.3877550000000000 -0.0009700000000000 0.003257
59.4897960000000000 0.00011500000000000 0.003460
59.5918370000000000 -0.0041410000000000 0.002613
59.6938780000000000 0.00120900000000000 0.003637
59.7959180000000000 -0.0009940000000000 0.003337
59.8979590000000000 0.01313500000000000 0.005129
60.0000000000000000 0.00246900000000000 0.004072
