55.0000000000000000 0.38309200000000000 0.025771
55.1020410000000000 0.40091700000000000 0.026603
55.2040820000000000 0.38314100000000000 0.026034
55.3061220000000000 0.36907300000000000 0.025061
55.4081630000000000 0.33502300000000000 0.023727
55.5102040000000000 0.32523700000000000 0.023892
55.6122450000000000 0.26569700000000000 0.020200
55.7142860000000000 0.22342700000000000 0.017821
55.8163270000000000 0.20912600000000000 0.017739
55.9183670000000000 0.18623500000000000 0.016331
56.0204080000000000 0.12074400000000000 0.013094
56.1224490000000000 0.10037500000000000 0.011782
56.2244900000000000 0.08047000000000000 0.010220
56.3265310000000000 0.03776500000000000 0.007663
56.4285710000000000 0.01614500000000000 0.005397
56.5306120000000000 0.00345100000000000 0.004018
56.6326530000000000 -0.0031480000000000 0.002884
56.7346940000000000 0.00119400000000000 0.003590
56.8367350000000000 -0.0044180000000000 0.002788
56.9387760000000000 -0.0059510000000000 0.002034
57.0408160000000000 0.00120900000000000 0.003637
57.1428570000000000 0.00550900000000000 0.004194
57.2448980000000000 -0.0032880000000000 0.003012
57.3469390000000000 0.00012100000000000 0.003668
57.4489800000000000 0.00549700000000000 0.004185
57.5510200000000000 -0.0020210000000000 0.003023
57.6530610000000000 -0.0043060000000000 0.002717
57.7551020000000000 -0.0009690000000000 0.003254
57.8571430000000000 0.00230100000000000 0.003796
57.9591840000000000 0.00552700000000000 0.004208
58.0612240000000000 0.00011200000000000 0.003386
58.1632650000000000 0.02438200000000000 0.006528
58.2653060000000000 0.03009600000000000 0.006884
58.3673470000000000 0.04685600000000000 0.008275
58.4693880000000000 0.04827600000000000 0.008305
58.5714290000000000 0.07615100000000000 0.010231
58.6734690000000000 0.08777600000000000 0.011032
58.7755100000000000 0.06914200000000000 0.009642
58.8775510000000000 0.04538900000000000 0.008124
58.9795920000000000 0.03487400000000000 0.007201
59.0816330000000000 0.03874800000000000 0.007347
59.1836730000000000 0.03950600000000000 0.007744
59.2857140000000000 0.11180800000000000 0.012967
59.3877550000000000 0.13126400000000000 0.013556
59.4897960000000000 0.13882000000000000 0.014034
59.5918370000000000 0.16064600000000000 0.015031
59.6938780000000000 0.14897500000000000 0.014613
59.7959180000000000 0.19776100000000000 0.017323
59.8979590000000000 0.18348900000000000 0.016393
60.0000000000000000 0.20772200000000000 0.018315
