55.0000000000000000 0.35763100000000000 0.024608
55.1020410000000000 0.40091700000000000 0.026603
55.2040820000000000 0.37120500000000000 0.025485
55.3061220000000000 0.35958500000000000 0.024627
55.4081630000000000 0.40394400000000000 0.026893
55.5102040000000000 0.33436300000000000 0.024327
55.6122450000000000 0.32448300000000000 0.022967
55.7142860000000000 0.33256100000000000 0.022942
55.8163270000000000 0.30383500000000000 0.022375
55.9183670000000000 0.34592100000000000 0.024035
56.0204080000000000 0.35978600000000000 0.025182
56.1224490000000000 0.37936200000000000 0.025911
56.2244900000000000 0.38646400000000000 0.025589
56.3265310000000000 0.36174100000000000 0.025623
56.4285710000000000 0.38488900000000000 0.025938
56.5306120000000000 0.41474200000000000 0.027771
56.6326530000000000 0.38071200000000000 0.025947
56.7346940000000000 0.35447600000000000 0.024665
56.8367350000000000 0.35742100000000000 0.025354
56.9387760000000000 0.34736800000000000 0.023603
57.0408160000000000 0.40619800000000000 0.027192
57.1428570000000000 0.37136000000000000 0.025431
57.2448980000000000 0.41574200000000000 0.028083
57.3469390000000000 0.40887200000000000 0.028009
57.4489800000000000 0.34794600000000000 0.024327
57.5510200000000000 0.39473400000000000 0.026361
57.6530610000000000 0.36823200000000000 0.025562
57.7551020000000000 0.36173900000000000 0.025025
57.8571430000000000 0.37295300000000000 0.025654
57.9591840000000000 0.37040100000000000 0.025424
58.0612240000000000 0.37313200000000000 0.025402
58.1632650000000000 0.37673600000000000 0.026477
58.2653060000000000 0.37652900000000000 0.025998
58.3673470000000000 0.36957800000000000 0.025701
58.4693880000000000 0.38102300000000000 0.026038
58.5714290000000000 0.37703900000000000 0.025766
58.6734690000000000 0.34856700000000000 0.024548
58.7755100000000000 0.28154500000000000 0.021068
58.8775510000000000 0.19004400000000000 0.016876
58.9795920000000000 0.10982400000000000 0.012330
59.0816330000000000 0.11497900000000000 0.012381
59.1836730000000000 0.14641500000000000 0.014674
59.2857140000000000 0.26699200000000000 0.021365
59.3877550000000000 0.33286700000000000 0.023696
59.4897960000000000 0.36490000000000000 0.025269
59.5918370000000000 0.36583300000000000 0.025008
59.6938780000000000 0.37007700000000000 0.025533
59.7959180000000000 0.34432900000000000 0.024497
59.8979590000000000 0.36252400000000000 0.025085
60.0000000000000000 0.38130700000000000 0.026875
