55.0000000000000000 0.38627500000000000 0.025915
55.1020410000000000 0.40835900000000000 0.026940
55.2040820000000000 0.42437300000000000 0.027911
55.3061220000000000 0.39859000000000000 0.026399
55.4081630000000000 0.47071100000000000 0.029896
55.5102040000000000 0.39026000000000000 0.026958
55.6122450000000000 0.36122500000000000 0.024656
55.7142860000000000 0.32346700000000000 0.022527
55.8163270000000000 0.29186000000000000 0.021805
55.9183670000000000 0.28775700000000000 0.021321
56.0204080000000000 0.32437200000000000 0.023521
56.1224490000000000 0.30852500000000000 0.022609
56.2244900000000000 0.33495000000000000 0.023253
56.3265310000000000 0.27504300000000000 0.021461
56.4285710000000000 0.26304300000000000 0.020242
56.5306120000000000 0.18908800000000000 0.016881
56.6326530000000000 0.17192700000000000 0.015802
56.7346940000000000 0.10382900000000000 0.011938
56.8367350000000000 0.05796800000000000 0.009204
56.9387760000000000 0.02837100000000000 0.006341
57.0408160000000000 -0.0031690000000000 0.002903
57.1428570000000000 0.00119200000000000 0.003586
57.2448980000000000 0.00352600000000000 0.004105
57.3469390000000000 -0.0021940000000000 0.003282
57.4489800000000000 0.00119000000000000 0.003579
57.5510200000000000 -0.0030880000000000 0.002829
57.6530610000000000 -0.0020950000000000 0.003133
57.7551020000000000 -0.0031350000000000 0.002872
57.8571430000000000 0.00120800000000000 0.003633
57.9591840000000000 0.00119600000000000 0.003598
58.0612240000000000 -0.0009570000000000 0.003212
58.1632650000000000 0.00589700000000000 0.004490
58.2653060000000000 0.02343400000000000 0.006272
58.3673470000000000 0.02793800000000000 0.006700
58.4693880000000000 0.05374800000000000 0.008714
58.5714290000000000 0.04899500000000000 0.008323
58.6734690000000000 0.07572300000000000 0.010251
58.7755100000000000 0.07339000000000000 0.009925
58.8775510000000000 0.06747400000000000 0.009736
58.9795920000000000 0.05116700000000000 0.008486
59.0816330000000000 0.04083600000000000 0.007513
59.1836730000000000 0.08114400000000000 0.010759
59.2857140000000000 0.13414500000000000 0.014295
59.3877550000000000 0.16161300000000000 0.015227
59.4897960000000000 0.17267800000000000 0.015876
59.5918370000000000 0.19785600000000000 0.016969
59.6938780000000000 0.22340600000000000 0.018508
59.7959180000000000 0.19220900000000000 0.017035
59.8979590000000000 0.22038100000000000 0.018280
60.0000000000000000 0.21124000000000000 0.018499
