55.0000000000000000 0.36505700000000000 0.024948
55.1020410000000000 0.37965400000000000 0.025639
55.2040820000000000 0.35926900000000000 0.024935
55.3061220000000000 0.35747700000000000 0.024531
55.4081630000000000 0.38456000000000000 0.026010
55.5102040000000000 0.35831900000000000 0.025461
55.6122450000000000 0.32238400000000000 0.022869
55.7142860000000000 0.29517300000000000 0.021225
55.8163270000000000 0.31145500000000000 0.022736
55.9183670000000000 0.30150500000000000 0.021970
56.0204080000000000 0.36199900000000000 0.025285
56.1224490000000000 0.33577000000000000 0.023890
56.2244900000000000 0.43488800000000000 0.027747
56.3265310000000000 0.39368300000000000 0.027117
56.4285710000000000 0.36351300000000000 0.024961
56.5306120000000000 0.37583600000000000 0.025979
56.6326530000000000 0.34047700000000000 0.024087
56.7346940000000000 0.36095800000000000 0.024964
56.8367350000000000 0.35288400000000000 0.025140
56.9387760000000000 0.37159500000000000 0.024694
57.0408160000000000 0.32520000000000000 0.023442
57.1428570000000000 0.34438000000000000 0.024185
57.2448980000000000 0.39984400000000000 0.027348
57.3469390000000000 0.38571400000000000 0.026927
57.4489800000000000 0.36840700000000000 0.025270
57.5510200000000000 0.36807000000000000 0.025146
57.6530610000000000 0.35828300000000000 0.025099
57.7551020000000000 0.37256700000000000 0.025523
57.8571430000000000 0.38826000000000000 0.026358
57.9591840000000000 0.35524300000000000 0.024724
58.0612240000000000 0.36565000000000000 0.025059
58.1632650000000000 0.36287300000000000 0.025823
58.2653060000000000 0.37430900000000000 0.025895
58.3673470000000000 0.35733600000000000 0.025131
58.4693880000000000 0.37773900000000000 0.025887
58.5714290000000000 0.37595300000000000 0.025716
58.6734690000000000 0.34528000000000000 0.024395
58.7755100000000000 0.34632800000000000 0.024100
58.8775510000000000 0.21102400000000000 0.017958
58.9795920000000000 0.11416900000000000 0.012586
59.0816330000000000 0.10035900000000000 0.011522
59.1836730000000000 0.16892200000000000 0.015908
59.2857140000000000 0.24935700000000000 0.020478
59.3877550000000000 0.31986000000000000 0.023086
59.4897960000000000 0.34196400000000000 0.024204
59.5918370000000000 0.35945400000000000 0.024715
59.6938780000000000 0.32957800000000000 0.023648
59.7959180000000000 0.34210800000000000 0.024393
59.8979590000000000 0.37120500000000000 0.025485
60.0000000000000000 0.36371400000000000 0.026042
