55.0000000000000000 0.22395900000000000 0.018263
55.1020410000000000 0.19785600000000000 0.016969
55.2040820000000000 0.17914900000000000 0.016166
55.3061220000000000 0.15718300000000000 0.014784
55.4081630000000000 0.09703200000000000 0.011506
55.5102040000000000 0.10621100000000000 0.012427
55.6122450000000000 0.05784600000000000 0.008804
55.7142860000000000 0.04052600000000000 0.007345
55.8163270000000000 0.03603800000000000 0.007307
55.9183670000000000 0.02126100000000000 0.005870
56.0204080000000000 0.01561000000000000 0.005472
56.1224490000000000 0.00665300000000000 0.004377
56.2244900000000000 -0.0009220000000000 0.003096
56.3265310000000000 -0.0033030000000000 0.003026
56.4285710000000000 -0.0030940000000000 0.002835
56.5306120000000000 0.00234000000000000 0.003859
56.6326530000000000 0.00120200000000000 0.003614
56.7346940000000000 -0.0031280000000000 0.002865
56.8367350000000000 0.00011900000000000 0.003593
56.9387760000000000 -0.0039320000000000 0.002481
57.0408160000000000 0.00449300000000000 0.004108
57.1428570000000000 -0.0020450000000000 0.003058
57.2448980000000000 0.00579700000000000 0.004414
57.3469390000000000 -0.0010360000000000 0.003480
57.4489800000000000 -0.0041950000000000 0.002647
57.5510200000000000 -0.0020210000000000 0.003023
57.6530610000000000 0.00011600000000000 0.003502
57.7551020000000000 -0.0031350000000000 0.002872
57.8571430000000000 -0.0009790000000000 0.003286
57.9591840000000000 0.00011400000000000 0.003430
58.0612240000000000 -0.0009570000000000 0.003212
58.1632650000000000 0.00474200000000000 0.004336
58.2653060000000000 0.00344800000000000 0.004014
58.3673470000000000 -0.0009960000000000 0.003344
58.4693880000000000 0.00230400000000000 0.003800
58.5714290000000000 0.00011400000000000 0.003441
58.6734690000000000 -0.0020770000000000 0.003105
58.7755100000000000 -0.0030750000000000 0.002817
58.8775510000000000 -0.0009880000000000 0.003319
58.9795920000000000 -0.0064030000000000 0.002190
59.0816330000000000 0.00219800000000000 0.003625
59.1836730000000000 0.00461900000000000 0.004223
59.2857140000000000 0.00365000000000000 0.004250
59.3877550000000000 0.00119800000000000 0.003602
59.4897960000000000 -0.0009780000000000 0.003282
59.5918370000000000 -0.0030780000000000 0.002820
59.6938780000000000 0.00449300000000000 0.004108
59.7959180000000000 0.00122700000000000 0.003690
59.8979590000000000 0.00662400000000000 0.004358
60.0000000000000000 0.00598700000000000 0.004559
