55.0000000000000000 0.30140300000000000 0.021997
55.1020410000000000 0.24144500000000000 0.019143
55.2040820000000000 0.21712600000000000 0.018116
55.3061220000000000 0.18353800000000000 0.016167
55.4081630000000000 0.15410700000000000 0.014774
55.5102040000000000 0.09366200000000000 0.011647
55.6122450000000000 0.06099600000000000 0.009025
55.7142860000000000 0.02739000000000000 0.006258
55.8163270000000000 0.00773400000000000 0.004509
55.9183670000000000 0.00116800000000000 0.003514
56.0204080000000000 0.00122300000000000 0.003678
56.1224490000000000 -0.0042450000000000 0.002679
56.2244900000000000 0.00113800000000000 0.003424
56.3265310000000000 -0.0010210000000000 0.003428
56.4285710000000000 0.00118100000000000 0.003552
56.5306120000000000 -0.0021070000000000 0.003150
56.6326530000000000 -0.0020610000000000 0.003082
56.7346940000000000 0.00335400000000000 0.003905
56.8367350000000000 -0.0032840000000000 0.003009
56.9387760000000000 0.00414400000000000 0.003788
57.0408160000000000 -0.0031690000000000 0.002903
57.1428570000000000 0.00119200000000000 0.003586
57.2448980000000000 -0.0066940000000000 0.002290
57.3469390000000000 0.00243700000000000 0.004020
57.4489800000000000 0.00657400000000000 0.004325
57.5510200000000000 0.00011200000000000 0.003379
57.6530610000000000 0.00453800000000000 0.004149
57.7551020000000000 0.01960200000000000 0.005798
57.8571430000000000 0.02416900000000000 0.006279
57.9591840000000000 0.02068500000000000 0.005905
58.0612240000000000 0.03752100000000000 0.007349
58.1632650000000000 0.04633200000000000 0.008416
58.2653060000000000 0.06451800000000000 0.009560
58.3673470000000000 0.05464600000000000 0.008863
58.4693880000000000 0.07345100000000000 0.010093
58.5714290000000000 0.08701300000000000 0.010933
58.6734690000000000 0.08887200000000000 0.011101
58.7755100000000000 0.09994100000000000 0.011599
58.8775510000000000 0.07409900000000000 0.010185
58.9795920000000000 0.03813200000000000 0.007470
59.0816330000000000 0.03352600000000000 0.006919
59.1836730000000000 0.06201300000000000 0.009454
59.2857140000000000 0.12121300000000000 0.013534
59.3877550000000000 0.15727700000000000 0.014993
59.4897960000000000 0.16721700000000000 0.015585
59.5918370000000000 0.19254100000000000 0.016697
59.6938780000000000 0.17743400000000000 0.016144
59.7959180000000000 0.16334000000000000 0.015503
59.8979590000000000 0.21604100000000000 0.018061
60.0000000000000000 0.21124000000000000 0.018499
