55.0000000000000000 0.30246400000000000 0.022047
55.1020410000000000 0.34457000000000000 0.024030
55.2040820000000000 0.36143900000000000 0.025035
55.3061220000000000 0.37434400000000000 0.025300
55.4081630000000000 0.41471300000000000 0.027381
55.5102040000000000 0.34234800000000000 0.024706
55.6122450000000000 0.30873700000000000 0.022234
55.7142860000000000 0.30123600000000000 0.021506
55.8163270000000000 0.30165800000000000 0.022272
55.9183670000000000 0.34592100000000000 0.024035
56.0204080000000000 0.34539900000000000 0.024510
56.1224490000000000 0.37391300000000000 0.025660
56.2244900000000000 0.33598100000000000 0.023300
56.3265310000000000 0.33778500000000000 0.024490
56.4285710000000000 0.37206300000000000 0.025353
56.5306120000000000 0.34360000000000000 0.024475
56.6326530000000000 0.37744900000000000 0.025798
56.7346940000000000 0.33070700000000000 0.023560
56.8367350000000000 0.38691300000000000 0.026733
56.9387760000000000 0.34433900000000000 0.023466
57.0408160000000000 0.39196800000000000 0.026541
57.1428570000000000 0.38970700000000000 0.026271
57.2448980000000000 0.39870800000000000 0.027295
57.3469390000000000 0.37992400000000000 0.026655
57.4489800000000000 0.37056000000000000 0.025369
57.5510200000000000 0.36273700000000000 0.024902
57.6530610000000000 0.38813000000000000 0.026482
57.7551020000000000 0.39530300000000000 0.026564
57.8571430000000000 0.38388600000000000 0.026157
57.9591840000000000 0.34225100000000000 0.024122
58.0612240000000000 0.37420100000000000 0.025451
58.1632650000000000 0.36287300000000000 0.025823
58.2653060000000000 0.35765300000000000 0.025120
58.3673470000000000 0.35511100000000000 0.025027
58.4693880000000000 0.37992800000000000 0.025988
58.5714290000000000 0.36400400000000000 0.025166
58.6734690000000000 0.32336500000000000 0.023367
58.7755100000000000 0.31022000000000000 0.022422
58.8775510000000000 0.16685500000000000 0.015650
58.9795920000000000 0.12394500000000000 0.013154
59.0816330000000000 0.09096100000000000 0.010952
59.1836730000000000 0.14641500000000000 0.014674
59.2857140000000000 0.29050400000000000 0.022531
59.3877550000000000 0.34912500000000000 0.024453
59.4897960000000000 0.35507100000000000 0.024814
59.5918370000000000 0.35413800000000000 0.024471
59.6938780000000000 0.36241500000000000 0.025179
59.7959180000000000 0.39984700000000000 0.027074
59.8979590000000000 0.37337500000000000 0.025585
60.0000000000000000 0.36371400000000000 0.026042
