55.0000000000000000 0.39794400000000000 0.026444
55.1020410000000000 0.43812700000000000 0.028277
55.2040820000000000 0.43088300000000000 0.028205
55.3061220000000000 0.39542700000000000 0.026256
55.4081630000000000 0.35548400000000000 0.024675
55.5102040000000000 0.33208200000000000 0.024218
55.6122450000000000 0.28669200000000000 0.021199
55.7142860000000000 0.28102600000000000 0.020567
55.8163270000000000 0.21239200000000000 0.017905
55.9183670000000000 0.21373000000000000 0.017726
56.0204080000000000 0.19599800000000000 0.017204
56.1224490000000000 0.15159500000000000 0.014724
56.2244900000000000 0.09798500000000000 0.011300
56.3265310000000000 0.06400200000000000 0.009668
56.4285710000000000 0.02042000000000000 0.005829
56.5306120000000000 0.01567900000000000 0.005496
56.6326530000000000 0.00555100000000000 0.004226
56.7346940000000000 0.00875600000000000 0.004607
56.8367350000000000 -0.0032840000000000 0.003009
56.9387760000000000 0.00414400000000000 0.003788
57.0408160000000000 0.00230400000000000 0.003800
57.1428570000000000 0.00011300000000000 0.003419
57.2448980000000000 0.00693300000000000 0.004561
57.3469390000000000 -0.0021940000000000 0.003282
57.4489800000000000 -0.0031180000000000 0.002856
57.5510200000000000 -0.0009550000000000 0.003205
57.6530610000000000 -0.0043060000000000 0.002717
57.7551020000000000 0.00011400000000000 0.003430
57.8571430000000000 0.00667500000000000 0.004391
57.9591840000000000 -0.0020520000000000 0.003068
58.0612240000000000 -0.0009570000000000 0.003212
58.1632650000000000 -0.0045000000000000 0.002840
58.2653060000000000 0.00455800000000000 0.004167
58.3673470000000000 0.00345500000000000 0.004023
58.4693880000000000 0.00011500000000000 0.003467
58.5714290000000000 0.00771800000000000 0.004499
58.6734690000000000 0.01326400000000000 0.005180
58.7755100000000000 0.02772400000000000 0.006486
58.8775510000000000 0.02551300000000000 0.006445
58.9795920000000000 0.00989000000000000 0.004762
59.0816330000000000 0.01681800000000000 0.005380
59.1836730000000000 0.03725500000000000 0.007558
59.2857140000000000 0.04832400000000000 0.008660
59.3877550000000000 0.08682500000000000 0.010908
59.4897960000000000 0.10714700000000000 0.012205
59.5918370000000000 0.10855200000000000 0.012119
59.6938780000000000 0.11942200000000000 0.012943
59.7959180000000000 0.12225600000000000 0.013204
59.8979590000000000 0.14659700000000000 0.014419
60.0000000000000000 0.13500400000000000 0.014328
