55.0000000000000000 0.32686500000000000 0.023188
55.1020410000000000 0.29885500000000000 0.021899
55.2040820000000000 0.29850600000000000 0.022088
55.3061220000000000 0.27630500000000000 0.020747
55.4081630000000000 0.26718000000000000 0.020513
55.5102040000000000 0.21800500000000000 0.018601
55.6122450000000000 0.15232400000000000 0.014493
55.7142860000000000 0.10924000000000000 0.011847
55.8163270000000000 0.09700000000000000 0.011569
55.9183670000000000 0.07519500000000000 0.010021
56.0204080000000000 0.06319700000000000 0.009450
56.1224490000000000 0.04043700000000000 0.007672
56.2244900000000000 0.01865300000000000 0.005516
56.3265310000000000 0.00582300000000000 0.004434
56.4285710000000000 0.00545600000000000 0.004154
56.5306120000000000 0.00011700000000000 0.003521
56.6326530000000000 -0.0020610000000000 0.003082
56.7346940000000000 -0.0042080000000000 0.002655
56.8367350000000000 -0.0021500000000000 0.003215
56.9387760000000000 -0.0009040000000000 0.003034
57.0408160000000000 -0.0053580000000000 0.002460
57.1428570000000000 0.00119200000000000 0.003586
57.2448980000000000 0.00352600000000000 0.004105
57.3469390000000000 0.00127900000000000 0.003848
57.4489800000000000 0.00334400000000000 0.003893
57.5510200000000000 0.00224500000000000 0.003703
57.6530610000000000 0.00232700000000000 0.003838
57.7551020000000000 -0.0009690000000000 0.003254
57.8571430000000000 -0.0031650000000000 0.002900
57.9591840000000000 0.00227900000000000 0.003759
58.0612240000000000 -0.0020260000000000 0.003029
58.1632650000000000 0.00012100000000000 0.003660
58.2653060000000000 -0.0021040000000000 0.003147
58.3673470000000000 -0.0032220000000000 0.002952
58.4693880000000000 0.00011500000000000 0.003467
58.5714290000000000 0.00120000000000000 0.003610
58.6734690000000000 0.00121100000000000 0.003641
58.7755100000000000 -0.0030750000000000 0.002817
58.8775510000000000 0.00674100000000000 0.004435
58.9795920000000000 0.00663100000000000 0.004362
59.0816330000000000 0.00428700000000000 0.003919
59.1836730000000000 0.00687000000000000 0.004520
59.2857140000000000 0.01305500000000000 0.005427
59.3877550000000000 0.01962400000000000 0.005805
59.4897960000000000 0.02086600000000000 0.005957
59.5918370000000000 0.02669000000000000 0.006398
59.6938780000000000 0.01981700000000000 0.005862
59.7959180000000000 0.04120000000000000 0.007819
59.8979590000000000 0.04894200000000000 0.008314
60.0000000000000000 0.06345800000000000 0.009780
