55.0000000000000000 0.38097000000000000 0.025674
55.1020410000000000 0.36795900000000000 0.025105
55.2040820000000000 0.32129200000000000 0.023165
55.3061220000000000 0.37434400000000000 0.025300
55.4081630000000000 0.35979200000000000 0.024874
55.5102040000000000 0.32409600000000000 0.023837
55.6122450000000000 0.32028400000000000 0.022772
55.7142860000000000 0.30527800000000000 0.021692
55.8163270000000000 0.23525300000000000 0.019051
55.9183670000000000 0.33111500000000000 0.023351
56.0204080000000000 0.34982600000000000 0.024717
56.1224490000000000 0.38481100000000000 0.026161
56.2244900000000000 0.37307100000000000 0.024986
56.3265310000000000 0.34348900000000000 0.024760
56.4285710000000000 0.34641200000000000 0.024174
56.5306120000000000 0.33359600000000000 0.024004
56.6326530000000000 0.37962400000000000 0.025898
56.7346940000000000 0.37500300000000000 0.025610
56.8367350000000000 0.33927300000000000 0.024497
56.9387760000000000 0.34534900000000000 0.023512
57.0408160000000000 0.39744100000000000 0.026791
57.1428570000000000 0.37891500000000000 0.025777
57.2448980000000000 0.36691200000000000 0.025812
57.3469390000000000 0.37181800000000000 0.026273
57.4489800000000000 0.37702200000000000 0.025666
57.5510200000000000 0.35847100000000000 0.024706
57.6530610000000000 0.36270500000000000 0.025305
57.7551020000000000 0.37256700000000000 0.025523
57.8571430000000000 0.38060600000000000 0.026006
57.9591840000000000 0.31410000000000000 0.022804
58.0612240000000000 0.40199000000000000 0.026715
58.1632650000000000 0.35247500000000000 0.025331
58.2653060000000000 0.34655000000000000 0.024601
58.3673470000000000 0.36957800000000000 0.025701
58.4693880000000000 0.35584800000000000 0.024874
58.5714290000000000 0.35531500000000000 0.024764
58.6734690000000000 0.37815300000000000 0.025919
58.7755100000000000 0.30915800000000000 0.022372
58.8775510000000000 0.20881600000000000 0.017845
58.9795920000000000 0.12720400000000000 0.013341
59.0816330000000000 0.12437800000000000 0.012918
59.1836730000000000 0.16329500000000000 0.015604
59.2857140000000000 0.25641100000000000 0.020834
59.3877550000000000 0.33503400000000000 0.023797
59.4897960000000000 0.35070200000000000 0.024611
59.5918370000000000 0.35626500000000000 0.024569
59.6938780000000000 0.34380800000000000 0.024314
59.7959180000000000 0.31879100000000000 0.023292
59.8979590000000000 0.36795000000000000 0.025335
60.0000000000000000 0.33204600000000000 0.024527
