55.0000000000000000 0.29079500000000000 0.021497
55.1020410000000000 0.26589700000000000 0.020329
55.2040820000000000 0.23665700000000000 0.019091
55.3061220000000000 0.23730100000000000 0.018865
55.4081630000000000 0.20041300000000000 0.017205
55.5102040000000000 0.12902600000000000 0.013783
55.6122450000000000 0.10508500000000000 0.011836
55.7142860000000000 0.07387300000000000 0.009694
55.8163270000000000 0.07305100000000000 0.010037
55.9183670000000000 0.02654900000000000 0.006364
56.0204080000000000 0.02225000000000000 0.006145
56.1224490000000000 0.01210200000000000 0.005030
56.2244900000000000 0.00835000000000000 0.004393
56.3265310000000000 -0.0033030000000000 0.003026
56.4285710000000000 0.00225000000000000 0.003711
56.5306120000000000 0.00345100000000000 0.004018
56.6326530000000000 0.00120200000000000 0.003614
56.7346940000000000 -0.0020470000000000 0.003062
56.8367350000000000 0.00125300000000000 0.003769
56.9387760000000000 0.00515300000000000 0.003923
57.0408160000000000 0.00449300000000000 0.004108
57.1428570000000000 -0.0031240000000000 0.002862
57.2448980000000000 -0.0044230000000000 0.002791
57.3469390000000000 -0.0056680000000000 0.002603
57.4489800000000000 0.00226700000000000 0.003739
57.5510200000000000 -0.0020210000000000 0.003023
57.6530610000000000 -0.0020950000000000 0.003133
57.7551020000000000 0.00227900000000000 0.003759
57.8571430000000000 -0.0009790000000000 0.003286
57.9591840000000000 -0.0031350000000000 0.002872
58.0612240000000000 -0.0009570000000000 0.003212
58.1632650000000000 -0.0021890000000000 0.003274
58.2653060000000000 -0.0032150000000000 0.002945
58.3673470000000000 0.00456800000000000 0.004176
58.4693880000000000 -0.0031690000000000 0.002903
58.5714290000000000 0.00228600000000000 0.003771
58.6734690000000000 0.00449800000000000 0.004112
58.7755100000000000 0.00860800000000000 0.004529
58.8775510000000000 -0.0009880000000000 0.003319
58.9795920000000000 0.00228600000000000 0.003771
59.0816330000000000 0.00219800000000000 0.003625
59.1836730000000000 0.01137200000000000 0.005066
59.2857140000000000 0.01775800000000000 0.005939
59.3877550000000000 0.03046300000000000 0.006813
59.4897960000000000 0.05253900000000000 0.008614
59.5918370000000000 0.04051100000000000 0.007566
59.6938780000000000 0.05484300000000000 0.008795
59.7959180000000000 0.06673800000000000 0.009714
59.8979590000000000 0.05979200000000000 0.009107
60.0000000000000000 0.08457000000000000 0.011229
