55.0000000000000000 0.43719700000000000 0.028209
55.1020410000000000 0.42324300000000000 0.027610
55.2040820000000000 0.46777500000000000 0.029863
55.3061220000000000 0.43970300000000000 0.028242
55.4081630000000000 0.38348300000000000 0.025961
55.5102040000000000 0.38683800000000000 0.026798
55.6122450000000000 0.37802100000000000 0.025420
55.7142860000000000 0.32346700000000000 0.022527
55.8163270000000000 0.32234100000000000 0.023249
55.9183670000000000 0.31313800000000000 0.022515
56.0204080000000000 0.35203900000000000 0.024821
56.1224490000000000 0.33359100000000000 0.023789
56.2244900000000000 0.33907100000000000 0.023442
56.3265310000000000 0.28759200000000000 0.022075
56.4285710000000000 0.27266300000000000 0.020705
56.5306120000000000 0.24689100000000000 0.019821
56.6326530000000000 0.22521000000000000 0.018541
56.7346940000000000 0.20322300000000000 0.017375
56.8367350000000000 0.14077100000000000 0.014415
56.9387760000000000 0.08288300000000000 0.010261
57.0408160000000000 0.04937000000000000 0.008388
57.1428570000000000 0.02061800000000000 0.005886
57.2448980000000000 0.00239000000000000 0.003943
57.3469390000000000 0.00706900000000000 0.004651
57.4489800000000000 0.00226700000000000 0.003739
57.5510200000000000 0.00011200000000000 0.003379
57.6530610000000000 0.00232700000000000 0.003838
57.7551020000000000 -0.0042170000000000 0.002661
57.8571430000000000 -0.0042590000000000 0.002687
57.9591840000000000 0.00227900000000000 0.003759
58.0612240000000000 -0.0041630000000000 0.002627
58.1632650000000000 0.00243200000000000 0.004011
58.2653060000000000 0.00344800000000000 0.004014
58.3673470000000000 0.00568100000000000 0.004325
58.4693880000000000 0.00230400000000000 0.003800
58.5714290000000000 0.00337300000000000 0.003927
58.6734690000000000 -0.0009810000000000 0.003293
58.7755100000000000 0.00117300000000000 0.003529
58.8775510000000000 -0.0009880000000000 0.003319
58.9795920000000000 0.00228600000000000 0.003771
59.0816330000000000 -0.0019790000000000 0.002959
59.1836730000000000 0.00799600000000000 0.004662
59.2857140000000000 0.01070400000000000 0.005155
59.3877550000000000 0.01203600000000000 0.005002
59.4897960000000000 0.03943300000000000 0.007601
59.5918370000000000 0.04051100000000000 0.007566
59.6938780000000000 0.04499200000000000 0.008052
59.7959180000000000 0.06673800000000000 0.009714
59.8979590000000000 0.07823800000000000 0.010362
60.0000000000000000 0.07636000000000000 0.010680
