55.0000000000000000 0.36823900000000000 0.025094
55.1020410000000000 0.37965400000000000 0.025639
55.2040820000000000 0.39507600000000000 0.026579
55.3061220000000000 0.37961500000000000 0.025540
55.4081630000000000 0.33933100000000000 0.023927
55.5102040000000000 0.37314900000000000 0.026158
55.6122450000000000 0.32343400000000000 0.022918
55.7142860000000000 0.25980500000000000 0.019568
55.8163270000000000 0.30165800000000000 0.022272
55.9183670000000000 0.30679200000000000 0.022218
56.0204080000000000 0.32990600000000000 0.023782
56.1224490000000000 0.32923100000000000 0.023584
56.2244900000000000 0.36482800000000000 0.024613
56.3265310000000000 0.35831900000000000 0.025461
56.4285710000000000 0.39557700000000000 0.026424
56.5306120000000000 0.37361300000000000 0.025876
56.6326530000000000 0.34482700000000000 0.024289
56.7346940000000000 0.38796700000000000 0.026204
56.8367350000000000 0.34494400000000000 0.024765
56.9387760000000000 0.38976600000000000 0.025506
57.0408160000000000 0.33505100000000000 0.023904
57.1428570000000000 0.38862800000000000 0.026221
57.2448980000000000 0.32830200000000000 0.023988
57.3469390000000000 0.36950300000000000 0.026164
57.4489800000000000 0.37163700000000000 0.025419
57.5510200000000000 0.36060400000000000 0.024804
57.6530610000000000 0.37486400000000000 0.025869
57.7551020000000000 0.36715300000000000 0.025274
57.8571430000000000 0.36967200000000000 0.025502
57.9591840000000000 0.37040100000000000 0.025424
58.0612240000000000 0.36671900000000000 0.025108
58.1632650000000000 0.38135700000000000 0.026694
58.2653060000000000 0.34988100000000000 0.024757
58.3673470000000000 0.37625500000000000 0.026011
58.4693880000000000 0.36460400000000000 0.025280
58.5714290000000000 0.37052200000000000 0.025466
58.6734690000000000 0.30583300000000000 0.022537
58.7755100000000000 0.30809600000000000 0.022322
58.8775510000000000 0.19446100000000000 0.017106
58.9795920000000000 0.12285900000000000 0.013092
59.0816330000000000 0.08574000000000000 0.010627
59.1836730000000000 0.16217000000000000 0.015543
59.2857140000000000 0.24465500000000000 0.020240
59.3877550000000000 0.34478900000000000 0.024252
59.4897960000000000 0.35507100000000000 0.024814
59.5918370000000000 0.35201200000000000 0.024373
59.6938780000000000 0.37555000000000000 0.025786
59.7959180000000000 0.36764700000000000 0.025586
59.8979590000000000 0.37446000000000000 0.025635
60.0000000000000000 0.39538200000000000 0.027538
