55.0000000000000000 0.37566600000000000 0.025433
55.1020410000000000 0.36264400000000000 0.024862
55.2040820000000000 0.39507600000000000 0.026579
55.3061220000000000 0.35853100000000000 0.024579
55.4081630000000000 0.35117700000000000 0.024476
55.5102040000000000 0.32980000000000000 0.024109
55.6122450000000000 0.30978700000000000 0.022283
55.7142860000000000 0.29012000000000000 0.020990
55.8163270000000000 0.26682200000000000 0.020600
55.9183670000000000 0.30467700000000000 0.022119
56.0204080000000000 0.37638600000000000 0.025953
56.1224490000000000 0.34339900000000000 0.024247
56.2244900000000000 0.36379800000000000 0.024567
56.3265310000000000 0.36744500000000000 0.025891
56.4285710000000000 0.36671900000000000 0.025108
56.5306120000000000 0.33026100000000000 0.023847
56.6326530000000000 0.37201200000000000 0.025547
56.7346940000000000 0.39877100000000000 0.026696
56.8367350000000000 0.36422700000000000 0.025673
56.9387760000000000 0.36553900000000000 0.024422
57.0408160000000000 0.37117200000000000 0.025584
57.1428570000000000 0.38431100000000000 0.026024
57.2448980000000000 0.35555600000000000 0.025279
57.3469390000000000 0.37645000000000000 0.026491
57.4489800000000000 0.41363600000000000 0.027332
57.5510200000000000 0.36593700000000000 0.025048
57.6530610000000000 0.38591900000000000 0.026380
57.7551020000000000 0.35740900000000000 0.024825
57.8571430000000000 0.38826000000000000 0.026358
57.9591840000000000 0.38772400000000000 0.026218
58.0612240000000000 0.37954500000000000 0.025695
58.1632650000000000 0.35016500000000000 0.025221
58.2653060000000000 0.34210800000000000 0.024393
58.3673470000000000 0.38293200000000000 0.026321
58.4693880000000000 0.35037500000000000 0.024620
58.5714290000000000 0.33467600000000000 0.023804
58.6734690000000000 0.32555600000000000 0.023470
58.7755100000000000 0.31977800000000000 0.022869
58.8775510000000000 0.19446100000000000 0.017106
58.9795920000000000 0.11308300000000000 0.012522
59.0816330000000000 0.11915600000000000 0.012621
59.1836730000000000 0.15429200000000000 0.015111
59.2857140000000000 0.23525000000000000 0.019761
59.3877550000000000 0.28300800000000000 0.021338
59.4897960000000000 0.33104300000000000 0.023693
59.5918370000000000 0.36583300000000000 0.025008
59.6938780000000000 0.37664400000000000 0.025836
59.7959180000000000 0.38652300000000000 0.026460
59.8979590000000000 0.37120500000000000 0.025485
60.0000000000000000 0.35667700000000000 0.025707
