55.0000000000000000 0.38733500000000000 0.025963
55.1020410000000000 0.33393900000000000 0.023539
55.2040820000000000 0.29850600000000000 0.022088
55.3061220000000000 0.29422600000000000 0.021596
55.4081630000000000 0.25964200000000000 0.020148
55.5102040000000000 0.19290900000000000 0.017297
55.6122450000000000 0.15022500000000000 0.014380
55.7142860000000000 0.12439800000000000 0.012706
55.8163270000000000 0.09046800000000000 0.011163
55.9183670000000000 0.08259800000000000 0.010499
56.0204080000000000 0.04991700000000000 0.008482
56.1224490000000000 0.03716700000000000 0.007406
56.2244900000000000 0.00732000000000000 0.004267
56.3265310000000000 -0.0033030000000000 0.003026
56.4285710000000000 -0.0009570000000000 0.003212
56.5306120000000000 0.00678600000000000 0.004464
56.6326530000000000 0.00228900000000000 0.003775
56.7346940000000000 0.00335400000000000 0.003905
56.8367350000000000 0.00125300000000000 0.003769
56.9387760000000000 -0.0009040000000000 0.003034
57.0408160000000000 0.00120900000000000 0.003637
57.1428570000000000 0.00227200000000000 0.003747
57.2448980000000000 -0.0032880000000000 0.003012
57.3469390000000000 -0.0021940000000000 0.003282
57.4489800000000000 -0.0031180000000000 0.002856
57.5510200000000000 -0.0009550000000000 0.003205
57.6530610000000000 0.00896000000000000 0.004715
57.7551020000000000 0.00444400000000000 0.004063
57.8571430000000000 -0.0009790000000000 0.003286
57.9591840000000000 0.00011400000000000 0.003430
58.0612240000000000 -0.0073700000000000 0.001876
58.1632650000000000 -0.0010340000000000 0.003472
58.2653060000000000 -0.0009940000000000 0.003337
58.3673470000000000 -0.0054470000000000 0.002501
58.4693880000000000 0.00668200000000000 0.004396
58.5714290000000000 -0.0031450000000000 0.002881
58.6734690000000000 0.00121100000000000 0.003641
58.7755100000000000 0.00542100000000000 0.004127
58.8775510000000000 0.00342900000000000 0.003992
58.9795920000000000 -0.0009720000000000 0.003264
59.0816330000000000 0.00324200000000000 0.003775
59.1836730000000000 0.01249700000000000 0.005194
59.2857140000000000 0.01423100000000000 0.005559
59.3877550000000000 0.01745600000000000 0.005585
59.4897960000000000 0.01977400000000000 0.005849
59.5918370000000000 0.02988000000000000 0.006681
59.6938780000000000 0.03076300000000000 0.006881
59.7959180000000000 0.04342100000000000 0.007996
59.8979590000000000 0.07064300000000000 0.009857
60.0000000000000000 0.05642100000000000 0.009265
