55.0000000000000000 0.37248300000000000 0.025288
55.1020410000000000 0.38922200000000000 0.026074
55.2040820000000000 0.33648300000000000 0.023877
55.3061220000000000 0.39015600000000000 0.026018
55.4081630000000000 0.35979200000000000 0.024874
55.5102040000000000 0.33094100000000000 0.024164
55.6122450000000000 0.33288100000000000 0.023355
55.7142860000000000 0.33458200000000000 0.023034
55.8163270000000000 0.32560700000000000 0.023403
55.9183670000000000 0.31948300000000000 0.022811
56.0204080000000000 0.33322600000000000 0.023939
56.1224490000000000 0.32051300000000000 0.023175
56.2244900000000000 0.35555600000000000 0.024193
56.3265310000000000 0.39140100000000000 0.027011
56.4285710000000000 0.36030600000000000 0.024814
56.5306120000000000 0.35582800000000000 0.025048
56.6326530000000000 0.35243900000000000 0.024643
56.7346940000000000 0.39012800000000000 0.026302
56.8367350000000000 0.35742100000000000 0.025354
56.9387760000000000 0.38068100000000000 0.025100
57.0408160000000000 0.38102300000000000 0.026038
57.1428570000000000 0.34977600000000000 0.024435
57.2448980000000000 0.36009800000000000 0.025492
57.3469390000000000 0.37876600000000000 0.026600
57.4489800000000000 0.36625300000000000 0.025171
57.5510200000000000 0.38833400000000000 0.026070
57.6530610000000000 0.35828300000000000 0.025099
57.7551020000000000 0.35416000000000000 0.024674
57.8571430000000000 0.40684700000000000 0.027208
57.9591840000000000 0.36282200000000000 0.025074
58.0612240000000000 0.35603100000000000 0.024617
58.1632650000000000 0.35016500000000000 0.025221
58.2653060000000000 0.36653600000000000 0.025534
58.3673470000000000 0.34175700000000000 0.024401
58.4693880000000000 0.34599700000000000 0.024416
58.5714290000000000 0.40419500000000000 0.027008
58.6734690000000000 0.34637600000000000 0.024446
58.7755100000000000 0.29216500000000000 0.021572
58.8775510000000000 0.19666900000000000 0.017221
58.9795920000000000 0.11634200000000000 0.012714
59.0816330000000000 0.08051800000000000 0.010297
59.1836730000000000 0.16329500000000000 0.015604
59.2857140000000000 0.27051900000000000 0.021541
59.3877550000000000 0.34262200000000000 0.024151
59.4897960000000000 0.31902900000000000 0.023128
59.5918370000000000 0.33181200000000000 0.023440
59.6938780000000000 0.35037500000000000 0.024620
59.7959180000000000 0.36320500000000000 0.025379
59.8979590000000000 0.36360900000000000 0.025135
60.0000000000000000 0.39303600000000000 0.027428
