55.0000000000000000 0.36399600000000000 0.024900
55.1020410000000000 0.39028500000000000 0.026122
55.2040820000000000 0.36903500000000000 0.025385
55.3061220000000000 0.40491500000000000 0.026684
55.4081630000000000 0.38671400000000000 0.026109
55.5102040000000000 0.34577100000000000 0.024869
55.6122450000000000 0.34023000000000000 0.023694
55.7142860000000000 0.26384700000000000 0.019759
55.8163270000000000 0.22545500000000000 0.018563
55.9183670000000000 0.26660700000000000 0.020313
56.0204080000000000 0.26461200000000000 0.020651
56.1224490000000000 0.21589300000000000 0.018092
56.2244900000000000 0.16907500000000000 0.015242
56.3265310000000000 0.09366200000000000 0.011647
56.4285710000000000 0.02362600000000000 0.006137
56.5306120000000000 0.00122800000000000 0.003694
56.6326530000000000 0.00011400000000000 0.003445
56.7346940000000000 -0.0009670000000000 0.003247
56.8367350000000000 0.00805900000000000 0.004699
56.9387760000000000 0.00212500000000000 0.003505
57.0408160000000000 0.00996600000000000 0.004799
57.1428570000000000 -0.0042040000000000 0.002652
57.2448980000000000 0.00466100000000000 0.004262
57.3469390000000000 0.01054300000000000 0.005077
57.4489800000000000 0.02380400000000000 0.006183
57.5510200000000000 0.04277400000000000 0.007759
57.6530610000000000 0.08191900000000000 0.010707
57.7551020000000000 0.12029500000000000 0.012922
57.8571430000000000 0.12694500000000000 0.013370
57.9591840000000000 0.15061100000000000 0.014623
58.0612240000000000 0.17219300000000000 0.015683
58.1632650000000000 0.17572100000000000 0.016485
58.2653060000000000 0.22441000000000000 0.018686
58.3673470000000000 0.22379600000000000 0.018675
58.4693880000000000 0.22012200000000000 0.018343
58.5714290000000000 0.23908700000000000 0.019221
58.6734690000000000 0.25104500000000000 0.019891
58.7755100000000000 0.22525900000000000 0.018336
58.8775510000000000 0.16575100000000000 0.015591
58.9795920000000000 0.08266800000000000 0.010655
59.0816330000000000 0.08156300000000000 0.010363
59.1836730000000000 0.12053100000000000 0.013194
59.2857140000000000 0.23525000000000000 0.019761
59.3877550000000000 0.28625900000000000 0.021493
59.4897960000000000 0.25786700000000000 0.020195
59.5918370000000000 0.30842300000000000 0.022349
59.6938780000000000 0.27485000000000000 0.021041
59.7959180000000000 0.31545900000000000 0.023134
59.8979590000000000 0.29633600000000000 0.021985
60.0000000000000000 0.29334200000000000 0.022645
