55.0000000000000000 0.43931900000000000 0.028304
55.1020410000000000 0.39879000000000000 0.026507
55.2040820000000000 0.37663000000000000 0.025735
55.3061220000000000 0.32163500000000000 0.022878
55.4081630000000000 0.31779300000000000 0.022921
55.5102040000000000 0.33664500000000000 0.024435
55.6122450000000000 0.23000600000000000 0.018470
55.7142860000000000 0.23252200000000000 0.018263
55.8163270000000000 0.17864500000000000 0.016165
55.9183670000000000 0.14181900000000000 0.013974
56.0204080000000000 0.12074400000000000 0.013094
56.1224490000000000 0.07640000000000000 0.010265
56.2244900000000000 0.04647100000000000 0.007886
56.3265310000000000 0.01609000000000000 0.005641
56.4285710000000000 0.00545600000000000 0.004154
56.5306120000000000 0.00678600000000000 0.004464
56.6326530000000000 -0.0009730000000000 0.003268
56.7346940000000000 -0.0031280000000000 0.002865
56.8367350000000000 0.00238800000000000 0.003938
56.9387760000000000 0.00313400000000000 0.003649
57.0408160000000000 0.00230400000000000 0.003800
57.1428570000000000 -0.0020450000000000 0.003058
57.2448980000000000 -0.0032880000000000 0.003012
57.3469390000000000 -0.0033520000000000 0.003071
57.4489800000000000 0.00011300000000000 0.003411
57.5510200000000000 0.00117800000000000 0.003544
57.6530610000000000 0.00453800000000000 0.004149
57.7551020000000000 0.00119600000000000 0.003598
57.8571430000000000 0.00448800000000000 0.004103
57.9591840000000000 -0.0020520000000000 0.003068
58.0612240000000000 0.00118100000000000 0.003552
58.1632650000000000 -0.0033450000000000 0.003064
58.2653060000000000 0.00122700000000000 0.003690
58.3673470000000000 -0.0021090000000000 0.003154
58.4693880000000000 0.00230400000000000 0.003800
58.5714290000000000 0.00120000000000000 0.003610
58.6734690000000000 0.02422200000000000 0.006293
58.7755100000000000 0.01816600000000000 0.005580
58.8775510000000000 0.01778400000000000 0.005691
58.9795920000000000 0.02183900000000000 0.006030
59.0816330000000000 0.01159700000000000 0.004819
59.1836730000000000 0.02825200000000000 0.006776
59.2857140000000000 0.04714900000000000 0.008568
59.3877550000000000 0.06514700000000000 0.009477
59.4897960000000000 0.09076500000000000 0.011201
59.5918370000000000 0.09685800000000000 0.011418
59.6938780000000000 0.10738200000000000 0.012233
59.7959180000000000 0.13225000000000000 0.013779
59.8979590000000000 0.14442700000000000 0.014299
60.0000000000000000 0.14673200000000000 0.015000
