55.0000000000000000 0.43083200000000000 0.027924
55.1020410000000000 0.44025300000000000 0.028372
55.2040820000000000 0.40918200000000000 0.027222
55.3061220000000000 0.42389000000000000 0.027536
55.4081630000000000 0.37056000000000000 0.025369
55.5102040000000000 0.35489700000000000 0.025300
55.6122450000000000 0.31398600000000000 0.022479
55.7142860000000000 0.31033000000000000 0.021925
55.8163270000000000 0.24287300000000000 0.019428
55.9183670000000000 0.24016800000000000 0.019033
56.0204080000000000 0.26461200000000000 0.020651
56.1224490000000000 0.26602300000000000 0.020571
56.2244900000000000 0.23192200000000000 0.018401
56.3265310000000000 0.18948600000000000 0.017116
56.4285710000000000 0.14867900000000000 0.014424
56.5306120000000000 0.11238800000000000 0.012631
56.6326530000000000 0.12190500000000000 0.013044
56.7346940000000000 0.05953400000000000 0.009067
56.8367350000000000 0.04095400000000000 0.007899
56.9387760000000000 0.02231500000000000 0.005793
57.0408160000000000 0.00120900000000000 0.003637
57.1428570000000000 0.00443000000000000 0.004050
57.2448980000000000 -0.0010160000000000 0.003413
57.3469390000000000 0.00012100000000000 0.003668
57.4489800000000000 0.00549700000000000 0.004185
57.5510200000000000 -0.0030880000000000 0.002829
57.6530610000000000 -0.0043060000000000 0.002717
57.7551020000000000 0.00011400000000000 0.003430
57.8571430000000000 -0.0009790000000000 0.003286
57.9591840000000000 0.00011400000000000 0.003430
58.0612240000000000 0.00225000000000000 0.003711
58.1632650000000000 -0.0010340000000000 0.003472
58.2653060000000000 -0.0009940000000000 0.003337
58.3673470000000000 -0.0009960000000000 0.003344
58.4693880000000000 0.00996600000000000 0.004799
58.5714290000000000 0.00445900000000000 0.004077
58.6734690000000000 -0.0020770000000000 0.003105
58.7755100000000000 -0.0009510000000000 0.003192
58.8775510000000000 -0.0009880000000000 0.003319
58.9795920000000000 0.00228600000000000 0.003771
59.0816330000000000 0.00011000000000000 0.003308
59.1836730000000000 0.00687000000000000 0.004520
59.2857140000000000 0.00482600000000000 0.004412
59.3877550000000000 0.00444900000000000 0.004068
59.4897960000000000 0.01758900000000000 0.005628
59.5918370000000000 0.00861700000000000 0.004534
59.6938780000000000 0.01981700000000000 0.005862
59.7959180000000000 0.01788200000000000 0.005723
59.8979590000000000 0.04134600000000000 0.007725
60.0000000000000000 0.03296400000000000 0.007379
