55.0000000000000000 0.37142200000000000 0.025239
55.1020410000000000 0.38922200000000000 0.026074
55.2040820000000000 0.38422600000000000 0.026083
55.3061220000000000 0.35431400000000000 0.024386
55.4081630000000000 0.35979200000000000 0.024874
55.5102040000000000 0.35489700000000000 0.025300
55.6122450000000000 0.34442900000000000 0.023887
55.7142860000000000 0.33357200000000000 0.022988
55.8163270000000000 0.30383500000000000 0.022375
55.9183670000000000 0.29621700000000000 0.021721
56.0204080000000000 0.36531900000000000 0.025439
56.1224490000000000 0.36301500000000000 0.025157
56.2244900000000000 0.38337400000000000 0.025450
56.3265310000000000 0.39368300000000000 0.027117
56.4285710000000000 0.36137500000000000 0.024863
56.5306120000000000 0.36583200000000000 0.025514
56.6326530000000000 0.37962400000000000 0.025898
56.7346940000000000 0.35123400000000000 0.024515
56.8367350000000000 0.37783800000000000 0.026310
56.9387760000000000 0.37462400000000000 0.024830
57.0408160000000000 0.37336100000000000 0.025685
57.1428570000000000 0.36812300000000000 0.025282
57.2448980000000000 0.39303000000000000 0.027031
57.3469390000000000 0.34171200000000000 0.024845
57.4489800000000000 0.35117700000000000 0.024476
57.5510200000000000 0.37873500000000000 0.025633
57.6530610000000000 0.37928600000000000 0.026074
57.7551020000000000 0.38555900000000000 0.026119
57.8571430000000000 0.34780500000000000 0.024488
57.9591840000000000 0.38231100000000000 0.025970
58.0612240000000000 0.32396600000000000 0.023131
58.1632650000000000 0.37904600000000000 0.026586
58.2653060000000000 0.34432900000000000 0.024497
58.3673470000000000 0.39294700000000000 0.026783
58.4693880000000000 0.39853600000000000 0.026841
58.5714290000000000 0.37703900000000000 0.025766
58.6734690000000000 0.36171700000000000 0.025159
58.7755100000000000 0.29853800000000000 0.021873
58.8775510000000000 0.19004400000000000 0.016876
58.9795920000000000 0.10547900000000000 0.012071
59.0816330000000000 0.09305000000000000 0.011080
59.1836730000000000 0.16779600000000000 0.015848
59.2857140000000000 0.21173700000000000 0.018546
59.3877550000000000 0.33178300000000000 0.023645
59.4897960000000000 0.34524100000000000 0.024356
59.5918370000000000 0.35307500000000000 0.024422
59.6938780000000000 0.40181900000000000 0.026992
59.7959180000000000 0.35432200000000000 0.024965
59.8979590000000000 0.36469500000000000 0.025185
60.0000000000000000 0.33908400000000000 0.024866
