55.0000000000000000 0.42871000000000000 0.027829
55.1020410000000000 0.39028500000000000 0.026122
55.2040820000000000 0.42328800000000000 0.027862
55.3061220000000000 0.39648100000000000 0.026304
55.4081630000000000 0.37702200000000000 0.025666
55.5102040000000000 0.34577100000000000 0.024869
55.6122450000000000 0.34337900000000000 0.023839
55.7142860000000000 0.28911000000000000 0.020944
55.8163270000000000 0.23525300000000000 0.019051
55.9183670000000000 0.30256200000000000 0.022020
56.0204080000000000 0.26793200000000000 0.020813
56.1224490000000000 0.23115000000000000 0.018857
56.2244900000000000 0.25458800000000000 0.019496
56.3265310000000000 0.19519000000000000 0.017417
56.4285710000000000 0.16150500000000000 0.015116
56.5306120000000000 0.12016900000000000 0.013090
56.6326530000000000 0.09037000000000000 0.011151
56.7346940000000000 0.05197100000000000 0.008519
56.8367350000000000 0.02280500000000000 0.006299
56.9387760000000000 0.00919100000000000 0.004425
57.0408160000000000 0.00996600000000000 0.004799
57.1428570000000000 0.00550900000000000 0.004194
57.2448980000000000 -0.0021520000000000 0.003218
57.3469390000000000 0.00243700000000000 0.004020
57.4489800000000000 0.00011300000000000 0.003411
57.5510200000000000 0.00011200000000000 0.003379
57.6530610000000000 -0.0009890000000000 0.003322
57.7551020000000000 0.00227900000000000 0.003759
57.8571430000000000 0.00558200000000000 0.004249
57.9591840000000000 -0.0020520000000000 0.003068
58.0612240000000000 -0.0063010000000000 0.002155
58.1632650000000000 0.00127600000000000 0.003839
58.2653060000000000 -0.0021040000000000 0.003147
58.3673470000000000 -0.0043350000000000 0.002735
58.4693880000000000 0.00230400000000000 0.003800
58.5714290000000000 -0.0009720000000000 0.003264
58.6734690000000000 0.00449800000000000 0.004112
58.7755100000000000 0.00967000000000000 0.004656
58.8775510000000000 0.00122000000000000 0.003669
58.9795920000000000 0.00771800000000000 0.004499
59.0816330000000000 0.00533100000000000 0.004058
59.1836730000000000 0.01024600000000000 0.004934
59.2857140000000000 0.02010900000000000 0.006181
59.3877550000000000 0.02612700000000000 0.006425
59.4897960000000000 0.03943300000000000 0.007601
59.5918370000000000 0.06283700000000000 0.009217
59.6938780000000000 0.04937000000000000 0.008388
59.7959180000000000 0.07673200000000000 0.010392
59.8979590000000000 0.09559900000000000 0.011463
60.0000000000000000 0.09512600000000000 0.011913
