55.0000000000000000 0.33641300000000000 0.023631
55.1020410000000000 0.32437000000000000 0.023094
55.2040820000000000 0.30610100000000000 0.022449
55.3061220000000000 0.30266000000000000 0.021992
55.4081630000000000 0.27579500000000000 0.020928
55.5102040000000000 0.22256800000000000 0.018834
55.6122450000000000 0.18486600000000000 0.016203
55.7142860000000000 0.16279700000000000 0.014773
55.8163270000000000 0.13292400000000000 0.013680
55.9183670000000000 0.13547400000000000 0.013624
56.0204080000000000 0.09639700000000000 0.011632
56.1224490000000000 0.08184900000000000 0.010621
56.2244900000000000 0.05780400000000000 0.008710
56.3265310000000000 0.03776500000000000 0.007663
56.4285710000000000 0.01293800000000000 0.005052
56.5306120000000000 0.02123700000000000 0.006064
56.6326530000000000 0.00337600000000000 0.003931
56.7346940000000000 0.00227400000000000 0.003751
56.8367350000000000 0.00125300000000000 0.003769
56.9387760000000000 0.00616300000000000 0.004054
57.0408160000000000 0.00011500000000000 0.003467
57.1428570000000000 -0.0031240000000000 0.002862
57.2448980000000000 0.00125500000000000 0.003774
57.3469390000000000 0.00706900000000000 0.004651
57.4489800000000000 0.00334400000000000 0.003893
57.5510200000000000 -0.0009550000000000 0.003205
57.6530610000000000 0.00453800000000000 0.004149
57.7551020000000000 0.00769300000000000 0.004485
57.8571430000000000 -0.0020720000000000 0.003099
57.9591840000000000 -0.0009690000000000 0.003254
58.0612240000000000 -0.0030940000000000 0.002835
58.1632650000000000 0.00012100000000000 0.003660
58.2653060000000000 0.00233700000000000 0.003855
58.3673470000000000 0.00345500000000000 0.004023
58.4693880000000000 0.00120900000000000 0.003637
58.5714290000000000 0.00011400000000000 0.003441
58.6734690000000000 -0.0009810000000000 0.003293
58.7755100000000000 0.00117300000000000 0.003529
58.8775510000000000 -0.0031970000000000 0.002929
58.9795920000000000 -0.0009720000000000 0.003264
59.0816330000000000 -0.0009350000000000 0.003138
59.1836730000000000 -0.0055090000000000 0.002529
59.2857140000000000 0.00012300000000000 0.003724
59.3877550000000000 0.00011400000000000 0.003434
59.4897960000000000 -0.0009780000000000 0.003282
59.5918370000000000 -0.0041410000000000 0.002613
59.6938780000000000 -0.0042630000000000 0.002690
59.7959180000000000 0.00566800000000000 0.004316
59.8979590000000000 0.00011400000000000 0.003437
60.0000000000000000 0.00364200000000000 0.004240
