55.0000000000000000 0.31095100000000000 0.022445
55.1020410000000000 0.25314000000000000 0.019713
55.2040820000000000 0.26161400000000000 0.020316
55.3061220000000000 0.22043400000000000 0.018033
55.4081630000000000 0.14549200000000000 0.014304
55.5102040000000000 0.11077400000000000 0.012704
55.6122450000000000 0.06939400000000000 0.009598
55.7142860000000000 0.03749500000000000 0.007106
55.8163270000000000 0.01644300000000000 0.005497
55.9183670000000000 0.00116800000000000 0.003514
56.0204080000000000 -0.0009910000000000 0.003326
56.1224490000000000 0.00447300000000000 0.004090
56.2244900000000000 0.00113800000000000 0.003424
56.3265310000000000 0.00126000000000000 0.003791
56.4285710000000000 0.00545600000000000 0.004154
56.5306120000000000 0.00345100000000000 0.004018
56.6326530000000000 -0.0009730000000000 0.003268
56.7346940000000000 0.00011300000000000 0.003423
56.8367350000000000 0.00352200000000000 0.004100
56.9387760000000000 -0.0029230000000000 0.002677
57.0408160000000000 0.00011500000000000 0.003467
57.1428570000000000 -0.0020450000000000 0.003058
57.2448980000000000 0.00011900000000000 0.003597
57.3469390000000000 -0.0079840000000000 0.002034
57.4489800000000000 0.00334400000000000 0.003893
57.5510200000000000 0.01184400000000000 0.004922
57.6530610000000000 0.00896000000000000 0.004715
57.7551020000000000 0.03692600000000000 0.007357
57.8571430000000000 0.01979500000000000 0.005856
57.9591840000000000 0.05208400000000000 0.008538
58.0612240000000000 0.06317300000000000 0.009268
58.1632650000000000 0.09716300000000000 0.011947
58.2653060000000000 0.07229000000000000 0.010094
58.3673470000000000 0.09248200000000000 0.011421
58.4693880000000000 0.10081500000000000 0.011836
58.5714290000000000 0.11199700000000000 0.012458
58.6734690000000000 0.11736200000000000 0.012830
58.7755100000000000 0.12224300000000000 0.012907
58.8775510000000000 0.07630800000000000 0.010332
58.9795920000000000 0.06420200000000000 0.009423
59.0816330000000000 0.05963300000000000 0.008904
59.1836730000000000 0.06989000000000000 0.010004
59.2857140000000000 0.11063300000000000 0.012896
59.3877550000000000 0.17245200000000000 0.015804
59.4897960000000000 0.18469200000000000 0.016508
59.5918370000000000 0.18722500000000000 0.016424
59.6938780000000000 0.18619100000000000 0.016604
59.7959180000000000 0.23218200000000000 0.019077
59.8979590000000000 0.22472200000000000 0.018497
60.0000000000000000 0.22179600000000000 0.019047
