55.0000000000000000 0.34808300000000000 0.024169
55.1020410000000000 0.33074900000000000 0.023391
55.2040820000000000 0.32129200000000000 0.023165
55.3061220000000000 0.29422600000000000 0.021596
55.4081630000000000 0.28225600000000000 0.021238
55.5102040000000000 0.25907300000000000 0.020672
55.6122450000000000 0.18486600000000000 0.016203
55.7142860000000000 0.14359700000000000 0.013757
55.8163270000000000 0.10679800000000000 0.012163
55.9183670000000000 0.07836800000000000 0.010228
56.0204080000000000 0.04770300000000000 0.008314
56.1224490000000000 0.03280800000000000 0.007039
56.2244900000000000 0.01350200000000000 0.004982
56.3265310000000000 0.00240100000000000 0.003961
56.4285710000000000 0.00225000000000000 0.003711
56.5306120000000000 0.00345100000000000 0.004018
56.6326530000000000 -0.0042360000000000 0.002673
56.7346940000000000 0.00119400000000000 0.003590
56.8367350000000000 -0.0021500000000000 0.003215
56.9387760000000000 0.00313400000000000 0.003649
57.0408160000000000 -0.0042630000000000 0.002690
57.1428570000000000 -0.0042040000000000 0.002652
57.2448980000000000 0.00352600000000000 0.004105
57.3469390000000000 -0.0010360000000000 0.003480
57.4489800000000000 0.00011300000000000 0.003411
57.5510200000000000 -0.0009550000000000 0.003205
57.6530610000000000 -0.0087280000000000 0.001603
57.7551020000000000 -0.0031350000000000 0.002872
57.8571430000000000 -0.0031650000000000 0.002900
57.9591840000000000 -0.0009690000000000 0.003254
58.0612240000000000 -0.0009570000000000 0.003212
58.1632650000000000 0.00012100000000000 0.003660
58.2653060000000000 0.01566200000000000 0.005490
58.3673470000000000 0.01347100000000000 0.005261
58.4693880000000000 0.02857300000000000 0.006687
58.5714290000000000 0.02835600000000000 0.006636
58.6734690000000000 0.05052000000000000 0.008480
58.7755100000000000 0.04365400000000000 0.007809
58.8775510000000000 0.01999200000000000 0.005914
58.9795920000000000 0.02618400000000000 0.006439
59.0816330000000000 0.01995100000000000 0.005694
59.1836730000000000 0.04175600000000000 0.007926
59.2857140000000000 0.06008100000000000 0.009548
59.3877550000000000 0.07815300000000000 0.010350
59.4897960000000000 0.09076500000000000 0.011201
59.5918370000000000 0.08410000000000000 0.010625
59.6938780000000000 0.12380000000000000 0.013197
59.7959180000000000 0.14224300000000000 0.014343
59.8979590000000000 0.15093700000000000 0.014657
60.0000000000000000 0.13969500000000000 0.014598
