55.0000000000000000 0.36187400000000000 0.024803
55.1020410000000000 0.37965400000000000 0.025639
55.2040820000000000 0.39399100000000000 0.026530
55.3061220000000000 0.38172300000000000 0.025636
55.4081630000000000 0.34040800000000000 0.023977
55.5102040000000000 0.35261500000000000 0.025192
55.6122450000000000 0.31608500000000000 0.022577
55.7142860000000000 0.31740400000000000 0.022250
55.8163270000000000 0.28206300000000000 0.021335
55.9183670000000000 0.32265500000000000 0.022959
56.0204080000000000 0.31662600000000000 0.023154
56.1224490000000000 0.37282300000000000 0.025610
56.2244900000000000 0.34937400000000000 0.023912
56.3265310000000000 0.36858600000000000 0.025944
56.4285710000000000 0.36778800000000000 0.025157
56.5306120000000000 0.36360900000000000 0.025411
56.6326530000000000 0.32960300000000000 0.023578
56.7346940000000000 0.35555600000000000 0.024715
56.8367350000000000 0.39485300000000000 0.027102
56.9387760000000000 0.34333000000000000 0.023421
57.0408160000000000 0.37773900000000000 0.025887
57.1428570000000000 0.36380600000000000 0.025083
57.2448980000000000 0.36691200000000000 0.025812
57.3469390000000000 0.38918800000000000 0.027090
57.4489800000000000 0.35763800000000000 0.024775
57.5510200000000000 0.39153400000000000 0.026216
57.6530610000000000 0.35828300000000000 0.025099
57.7551020000000000 0.36173900000000000 0.025025
57.8571430000000000 0.36967200000000000 0.025502
57.9591840000000000 0.37256700000000000 0.025523
58.0612240000000000 0.35923700000000000 0.024765
58.1632650000000000 0.36171700000000000 0.025769
58.2653060000000000 0.36209500000000000 0.025327
58.3673470000000000 0.35844900000000000 0.025183
58.4693880000000000 0.38102300000000000 0.026038
58.5714290000000000 0.33141700000000000 0.023652
58.6734690000000000 0.33761000000000000 0.024036
58.7755100000000000 0.27092500000000000 0.020561
58.8775510000000000 0.22427500000000000 0.018630
58.9795920000000000 0.11416900000000000 0.012586
59.0816330000000000 0.09722700000000000 0.011334
59.1836730000000000 0.14866500000000000 0.014799
59.2857140000000000 0.24583000000000000 0.020300
59.3877550000000000 0.33395000000000000 0.023747
59.4897960000000000 0.32776600000000000 0.023539
59.5918370000000000 0.37752800000000000 0.025542
59.6938780000000000 0.37773900000000000 0.025887
59.7959180000000000 0.36542600000000000 0.025483
59.8979590000000000 0.33973800000000000 0.024028
60.0000000000000000 0.36606000000000000 0.026153
