55.0000000000000000 0.37566600000000000 0.025433
55.1020410000000000 0.36583300000000000 0.025008
55.2040820000000000 0.35384400000000000 0.024684
55.3061220000000000 0.34377300000000000 0.023902
55.4081630000000000 0.37594500000000000 0.025616
55.5102040000000000 0.34691100000000000 0.024923
55.6122450000000000 0.30768700000000000 0.022185
55.7142860000000000 0.29416200000000000 0.021178
55.8163270000000000 0.27770900000000000 0.021126
55.9183670000000000 0.30890700000000000 0.022317
56.0204080000000000 0.31994600000000000 0.023311
56.1224490000000000 0.38263100000000000 0.026061
56.2244900000000000 0.37925200000000000 0.025264
56.3265310000000000 0.37314900000000000 0.026158
56.4285710000000000 0.36137500000000000 0.024863
56.5306120000000000 0.37027800000000000 0.025721
56.6326530000000000 0.36875000000000000 0.025397
56.7346940000000000 0.37500300000000000 0.025610
56.8367350000000000 0.40619600000000000 0.027628
56.9387760000000000 0.38774700000000000 0.025416
57.0408160000000000 0.40838700000000000 0.027291
57.1428570000000000 0.40157800000000000 0.026811
57.2448980000000000 0.38621700000000000 0.026714
57.3469390000000000 0.36487100000000000 0.025945
57.4489800000000000 0.36625300000000000 0.025171
57.5510200000000000 0.36380400000000000 0.024950
57.6530610000000000 0.35828300000000000 0.025099
57.7551020000000000 0.35849100000000000 0.024875
57.8571430000000000 0.33031100000000000 0.023670
57.9591840000000000 0.39638600000000000 0.026614
58.0612240000000000 0.37420100000000000 0.025451
58.1632650000000000 0.37095900000000000 0.026205
58.2653060000000000 0.34988100000000000 0.024757
58.3673470000000000 0.39962400000000000 0.027091
58.4693880000000000 0.35694200000000000 0.024925
58.5714290000000000 0.35965900000000000 0.024965
58.6734690000000000 0.36719500000000000 0.025413
58.7755100000000000 0.32615000000000000 0.023166
58.8775510000000000 0.19225200000000000 0.016991
58.9795920000000000 0.12937700000000000 0.013464
59.0816330000000000 0.08991700000000000 0.010887
59.1836730000000000 0.15541700000000000 0.015173
59.2857140000000000 0.26934300000000000 0.021482
59.3877550000000000 0.29276300000000000 0.021804
59.4897960000000000 0.38019000000000000 0.025974
59.5918370000000000 0.32968600000000000 0.023341
59.6938780000000000 0.34599700000000000 0.024416
59.7959180000000000 0.35876400000000000 0.025172
59.8979590000000000 0.36686500000000000 0.025285
60.0000000000000000 0.40593700000000000 0.028033
