55.0000000000000000 0.42234500000000000 0.027543
55.1020410000000000 0.41686400000000000 0.027323
55.2040820000000000 0.40050200000000000 0.026827
55.3061220000000000 0.42810700000000000 0.027724
55.4081630000000000 0.44163500000000000 0.028595
55.5102040000000000 0.41193500000000000 0.027964
55.6122450000000000 0.35072700000000000 0.024176
55.7142860000000000 0.34468700000000000 0.023493
55.8163270000000000 0.30710100000000000 0.022530
55.9183670000000000 0.33640300000000000 0.023596
56.0204080000000000 0.31219900000000000 0.022944
56.1224490000000000 0.32596200000000000 0.023431
56.2244900000000000 0.28549700000000000 0.020961
56.3265310000000000 0.31839200000000000 0.023564
56.4285710000000000 0.23846000000000000 0.019045
56.5306120000000000 0.23132900000000000 0.019044
56.6326530000000000 0.21216100000000000 0.017884
56.7346940000000000 0.16000800000000000 0.015116
56.8367350000000000 0.09766800000000000 0.011863
56.9387760000000000 0.06875100000000000 0.009354
57.0408160000000000 0.03185700000000000 0.006976
57.1428570000000000 0.00982600000000000 0.004731
57.2448980000000000 0.00125500000000000 0.003774
57.3469390000000000 0.00243700000000000 0.004020
57.4489800000000000 -0.0009640000000000 0.003236
57.5510200000000000 -0.0030880000000000 0.002829
57.6530610000000000 0.00564300000000000 0.004296
57.7551020000000000 0.00552700000000000 0.004208
57.8571430000000000 0.00120800000000000 0.003633
57.9591840000000000 -0.0042170000000000 0.002661
58.0612240000000000 -0.0020260000000000 0.003029
58.1632650000000000 0.00358700000000000 0.004176
58.2653060000000000 -0.0021040000000000 0.003147
58.3673470000000000 -0.0032220000000000 0.002952
58.4693880000000000 0.00120900000000000 0.003637
58.5714290000000000 -0.0053170000000000 0.002441
58.6734690000000000 0.00011500000000000 0.003471
58.7755100000000000 0.00223500000000000 0.003687
58.8775510000000000 0.00011600000000000 0.003498
58.9795920000000000 0.00011400000000000 0.003441
59.0816330000000000 0.00637500000000000 0.004194
59.1836730000000000 0.01249700000000000 0.005194
59.2857140000000000 0.03656800000000000 0.007702
59.3877550000000000 0.05864400000000000 0.009020
59.4897960000000000 0.07110600000000000 0.009924
59.5918370000000000 0.07772100000000000 0.010215
59.6938780000000000 0.10409800000000000 0.012035
59.7959180000000000 0.10560100000000000 0.012216
59.8979590000000000 0.11404500000000000 0.012572
60.0000000000000000 0.12210200000000000 0.013571
