55.0000000000000000 0.34171700000000000 0.023876
55.1020410000000000 0.33181200000000000 0.023440
55.2040820000000000 0.41460700000000000 0.027468
55.3061220000000000 0.39121100000000000 0.026065
55.4081630000000000 0.36302200000000000 0.025023
55.5102040000000000 0.37086800000000000 0.026051
55.6122450000000000 0.32763300000000000 0.023112
55.7142860000000000 0.32346700000000000 0.022527
55.8163270000000000 0.27008800000000000 0.020758
55.9183670000000000 0.29516000000000000 0.021671
56.0204080000000000 0.39187900000000000 0.026668
56.1224490000000000 0.37064300000000000 0.025509
56.2244900000000000 0.36895000000000000 0.024800
56.3265310000000000 0.37885300000000000 0.026425
56.4285710000000000 0.36565000000000000 0.025059
56.5306120000000000 0.35360400000000000 0.024944
56.6326530000000000 0.31546600000000000 0.022914
56.7346940000000000 0.39228900000000000 0.026401
56.8367350000000000 0.37103300000000000 0.025992
56.9387760000000000 0.40188000000000000 0.026044
57.0408160000000000 0.39087400000000000 0.026491
57.1428570000000000 0.37351900000000000 0.025530
57.2448980000000000 0.35782700000000000 0.025386
57.3469390000000000 0.38224000000000000 0.026764
57.4489800000000000 0.38886700000000000 0.026207
57.5510200000000000 0.38620100000000000 0.025973
57.6530610000000000 0.37597000000000000 0.025920
57.7551020000000000 0.34333300000000000 0.024172
57.8571430000000000 0.34452500000000000 0.024335
57.9591840000000000 0.34766400000000000 0.024373
58.0612240000000000 0.36351300000000000 0.024961
58.1632650000000000 0.35594100000000000 0.025495
58.2653060000000000 0.37875000000000000 0.026101
58.3673470000000000 0.36401300000000000 0.025442
58.4693880000000000 0.37117200000000000 0.025584
58.5714290000000000 0.39116000000000000 0.026413
58.6734690000000000 0.36281200000000000 0.025210
58.7755100000000000 0.30384800000000000 0.022123
58.8775510000000000 0.20219000000000000 0.017506
58.9795920000000000 0.13263500000000000 0.013649
59.0816330000000000 0.10140400000000000 0.011585
59.1836730000000000 0.15091600000000000 0.014924
59.2857140000000000 0.25523500000000000 0.020775
59.3877550000000000 0.34587300000000000 0.024302
59.4897960000000000 0.38128300000000000 0.026024
59.5918370000000000 0.35520200000000000 0.024520
59.6938780000000000 0.35147000000000000 0.024671
59.7959180000000000 0.36542600000000000 0.025483
59.8979590000000000 0.35601400000000000 0.024784
60.0000000000000000 0.34846700000000000 0.025315
