55.0000000000000000 0.37142200000000000 0.025239
55.1020410000000000 0.36370700000000000 0.024910
55.2040820000000000 0.38531100000000000 0.026133
55.3061220000000000 0.33006800000000000 0.023269
55.4081630000000000 0.36517600000000000 0.025122
55.5102040000000000 0.36744500000000000 0.025891
55.6122450000000000 0.35597600000000000 0.024416
55.7142860000000000 0.28506800000000000 0.020755
55.8163270000000000 0.27662000000000000 0.021073
55.9183670000000000 0.31525300000000000 0.022614
56.0204080000000000 0.34650600000000000 0.024562
56.1224490000000000 0.36410500000000000 0.025208
56.2244900000000000 0.38234300000000000 0.025403
56.3265310000000000 0.35831900000000000 0.025461
56.4285710000000000 0.35282400000000000 0.024469
56.5306120000000000 0.36583200000000000 0.025514
56.6326530000000000 0.35243900000000000 0.024643
56.7346940000000000 0.37716300000000000 0.025709
56.8367350000000000 0.36195800000000000 0.025567
56.9387760000000000 0.37563300000000000 0.024875
57.0408160000000000 0.39196800000000000 0.026541
57.1428570000000000 0.38215200000000000 0.025925
57.2448980000000000 0.40211500000000000 0.027453
57.3469390000000000 0.39613500000000000 0.027415
57.4489800000000000 0.37379100000000000 0.025518
57.5510200000000000 0.38193500000000000 0.025779
57.6530610000000000 0.38702400000000000 0.026431
57.7551020000000000 0.32492700000000000 0.023313
57.8571430000000000 0.34343200000000000 0.024284
57.9591840000000000 0.41695800000000000 0.027548
58.0612240000000000 0.37420100000000000 0.025451
58.1632650000000000 0.40446200000000000 0.027775
58.2653060000000000 0.36431500000000000 0.025431
58.3673470000000000 0.35733600000000000 0.025131
58.4693880000000000 0.33833500000000000 0.024058
58.5714290000000000 0.36400400000000000 0.025166
58.6734690000000000 0.35185500000000000 0.024701
58.7755100000000000 0.28473100000000000 0.021219
58.8775510000000000 0.19777300000000000 0.017278
58.9795920000000000 0.12829000000000000 0.013402
59.0816330000000000 0.09618200000000000 0.011271
59.1836730000000000 0.15316700000000000 0.015049
59.2857140000000000 0.27992400000000000 0.022008
59.3877550000000000 0.31552400000000000 0.022882
59.4897960000000000 0.37800600000000000 0.025874
59.5918370000000000 0.34350700000000000 0.023981
59.6938780000000000 0.36241500000000000 0.025179
59.7959180000000000 0.33100500000000000 0.023870
59.8979590000000000 0.36360900000000000 0.025135
60.0000000000000000 0.33908400000000000 0.024866
