55.0000000000000000 0.21441100000000000 0.017787
55.1020410000000000 0.20423500000000000 0.017293
55.2040820000000000 0.16395800000000000 0.015361
55.3061220000000000 0.11712400000000000 0.012565
55.4081630000000000 0.09703200000000000 0.011506
55.5102040000000000 0.07084700000000000 0.010145
55.6122450000000000 0.04839900000000000 0.008117
55.7142860000000000 0.01324300000000000 0.004886
55.8163270000000000 0.01317700000000000 0.005146
55.9183670000000000 0.00222600000000000 0.003671
56.0204080000000000 -0.0020970000000000 0.003136
56.1224490000000000 -0.0020650000000000 0.003088
56.2244900000000000 0.00010800000000000 0.003264
56.3265310000000000 -0.0044430000000000 0.002804
56.4285710000000000 0.00225000000000000 0.003711
56.5306120000000000 0.00122800000000000 0.003694
56.6326530000000000 -0.0020610000000000 0.003082
56.7346940000000000 0.00227400000000000 0.003751
56.8367350000000000 0.00125300000000000 0.003769
56.9387760000000000 -0.0069600000000000 0.001771
57.0408160000000000 -0.0009800000000000 0.003290
57.1428570000000000 0.00011300000000000 0.003419
57.2448980000000000 0.00352600000000000 0.004105
57.3469390000000000 -0.0010360000000000 0.003480
57.4489800000000000 0.00334400000000000 0.003893
57.5510200000000000 -0.0030880000000000 0.002829
57.6530610000000000 0.00232700000000000 0.003838
57.7551020000000000 0.00227900000000000 0.003759
57.8571430000000000 0.00120800000000000 0.003633
57.9591840000000000 0.00661000000000000 0.004348
58.0612240000000000 -0.0020260000000000 0.003029
58.1632650000000000 0.00705300000000000 0.004640
58.2653060000000000 -0.0021040000000000 0.003147
58.3673470000000000 0.00456800000000000 0.004176
58.4693880000000000 0.00558800000000000 0.004254
58.5714290000000000 -0.0009720000000000 0.003264
58.6734690000000000 0.00121100000000000 0.003641
58.7755100000000000 0.00223500000000000 0.003687
58.8775510000000000 0.00895000000000000 0.004709
58.9795920000000000 0.00228600000000000 0.003771
59.0816330000000000 -0.0019790000000000 0.002959
59.1836730000000000 0.01137200000000000 0.005066
59.2857140000000000 0.01305500000000000 0.005427
59.3877550000000000 0.03479800000000000 0.007185
59.4897960000000000 0.02523500000000000 0.006374
59.5918370000000000 0.03094300000000000 0.006774
59.6938780000000000 0.04170800000000000 0.007794
59.7959180000000000 0.04120000000000000 0.007819
59.8979590000000000 0.04134600000000000 0.007725
60.0000000000000000 0.06815000000000000 0.010113
