55.0000000000000000 0.39157900000000000 0.026156
55.1020410000000000 0.39134800000000000 0.026170
55.2040820000000000 0.41786300000000000 0.027616
55.3061220000000000 0.37012700000000000 0.025109
55.4081630000000000 0.39855900000000000 0.026648
55.5102040000000000 0.39710500000000000 0.027276
55.6122450000000000 0.37277200000000000 0.025182
55.7142860000000000 0.33660300000000000 0.023126
55.8163270000000000 0.30710100000000000 0.022530
55.9183670000000000 0.32265500000000000 0.022959
56.0204080000000000 0.34097200000000000 0.024303
56.1224490000000000 0.34339900000000000 0.024247
56.2244900000000000 0.33598100000000000 0.023300
56.3265310000000000 0.33322200000000000 0.024273
56.4285710000000000 0.27052500000000000 0.020603
56.5306120000000000 0.23799800000000000 0.019378
56.6326530000000000 0.23934700000000000 0.019244
56.7346940000000000 0.16325000000000000 0.015290
56.8367350000000000 0.12602500000000000 0.013569
56.9387760000000000 0.07177900000000000 0.009553
57.0408160000000000 0.01762800000000000 0.005641
57.1428570000000000 0.00874700000000000 0.004602
57.2448980000000000 -0.0044230000000000 0.002791
57.3469390000000000 0.00012100000000000 0.003668
57.4489800000000000 0.00119000000000000 0.003579
57.5510200000000000 0.00651100000000000 0.004283
57.6530610000000000 -0.0009890000000000 0.003322
57.7551020000000000 0.00119600000000000 0.003598
57.8571430000000000 -0.0064450000000000 0.002204
57.9591840000000000 0.00444400000000000 0.004063
58.0612240000000000 0.00118100000000000 0.003552
58.1632650000000000 0.00012100000000000 0.003660
58.2653060000000000 -0.0054350000000000 0.002496
58.3673470000000000 -0.0032220000000000 0.002952
58.4693880000000000 0.00558800000000000 0.004254
58.5714290000000000 0.00989000000000000 0.004762
58.6734690000000000 0.02093400000000000 0.005977
58.7755100000000000 0.02560000000000000 0.006294
58.8775510000000000 0.01888800000000000 0.005804
58.9795920000000000 0.01532100000000000 0.005370
59.0816330000000000 0.02517200000000000 0.006188
59.1836730000000000 0.04513200000000000 0.008195
59.2857140000000000 0.07536400000000000 0.010626
59.3877550000000000 0.08682500000000000 0.010908
59.4897960000000000 0.13226700000000000 0.013666
59.5918370000000000 0.12556200000000000 0.013103
59.6938780000000000 0.13803000000000000 0.014005
59.7959180000000000 0.18221600000000000 0.016511
59.8979590000000000 0.17806400000000000 0.016109
60.0000000000000000 0.17253600000000000 0.016435
