55.0000000000000000 0.37990900000000000 0.025626
55.1020410000000000 0.34350700000000000 0.023981
55.2040820000000000 0.36035400000000000 0.024985
55.3061220000000000 0.40175200000000000 0.026541
55.4081630000000000 0.31994700000000000 0.023022
55.5102040000000000 0.35489700000000000 0.025300
55.6122450000000000 0.32553300000000000 0.023015
55.7142860000000000 0.33963500000000000 0.023264
55.8163270000000000 0.26682200000000000 0.020600
55.9183670000000000 0.31102200000000000 0.022416
56.0204080000000000 0.37195900000000000 0.025748
56.1224490000000000 0.33577000000000000 0.023890
56.2244900000000000 0.36998000000000000 0.024846
56.3265310000000000 0.34691100000000000 0.024923
56.4285710000000000 0.32289700000000000 0.023081
56.5306120000000000 0.36138600000000000 0.025307
56.6326530000000000 0.35461300000000000 0.024744
56.7346940000000000 0.37392200000000000 0.025561
56.8367350000000000 0.36876400000000000 0.025886
56.9387760000000000 0.39178500000000000 0.025595
57.0408160000000000 0.36241500000000000 0.025179
57.1428570000000000 0.36704300000000000 0.025232
57.2448980000000000 0.37372500000000000 0.026131
57.3469390000000000 0.37181800000000000 0.026273
57.4489800000000000 0.34256200000000000 0.024077
57.5510200000000000 0.36487000000000000 0.024999
57.6530610000000000 0.34391200000000000 0.024428
57.7551020000000000 0.35740900000000000 0.024825
57.8571430000000000 0.37841900000000000 0.025905
57.9591840000000000 0.37256700000000000 0.025523
58.0612240000000000 0.33786100000000000 0.023778
58.1632650000000000 0.37789100000000000 0.026531
58.2653060000000000 0.38763300000000000 0.026512
58.3673470000000000 0.36067500000000000 0.025287
58.4693880000000000 0.35256400000000000 0.024722
58.5714290000000000 0.31077900000000000 0.022681
58.6734690000000000 0.32555600000000000 0.023470
58.7755100000000000 0.30597200000000000 0.022223
58.8775510000000000 0.18452300000000000 0.016588
58.9795920000000000 0.13154900000000000 0.013587
59.0816330000000000 0.10871400000000000 0.012017
59.1836730000000000 0.18355100000000000 0.016690
59.2857140000000000 0.23172300000000000 0.019580
59.3877550000000000 0.32636300000000000 0.023392
59.4897960000000000 0.36271600000000000 0.025168
59.5918370000000000 0.36902200000000000 0.025153
59.6938780000000000 0.35256400000000000 0.024722
59.7959180000000000 0.36764700000000000 0.025586
59.8979590000000000 0.34190800000000000 0.024129
60.0000000000000000 0.39303600000000000 0.027428
