55.0000000000000000 0.37990900000000000 0.025626
55.1020410000000000 0.37433800000000000 0.025396
55.2040820000000000 0.35709900000000000 0.024834
55.3061220000000000 0.35958500000000000 0.024627
55.4081630000000000 0.34040800000000000 0.023977
55.5102040000000000 0.34577100000000000 0.024869
55.6122450000000000 0.33393100000000000 0.023404
55.7142860000000000 0.32548800000000000 0.022620
55.8163270000000000 0.25811400000000000 0.020176
55.9183670000000000 0.30679200000000000 0.022218
56.0204080000000000 0.34982600000000000 0.024717
56.1224490000000000 0.36192500000000000 0.025107
56.2244900000000000 0.35555600000000000 0.024193
56.3265310000000000 0.36972700000000000 0.025998
56.4285710000000000 0.39557700000000000 0.026424
56.5306120000000000 0.35805100000000000 0.025152
56.6326530000000000 0.38506100000000000 0.026147
56.7346940000000000 0.36203800000000000 0.025014
56.8367350000000000 0.36649600000000000 0.025780
56.9387760000000000 0.35645300000000000 0.024014
57.0408160000000000 0.35365900000000000 0.024773
57.1428570000000000 0.34869700000000000 0.024385
57.2448980000000000 0.37826800000000000 0.026344
57.3469390000000000 0.37645000000000000 0.026491
57.4489800000000000 0.32856200000000000 0.023425
57.5510200000000000 0.33714000000000000 0.023721
57.6530610000000000 0.37265400000000000 0.025767
57.7551020000000000 0.37473200000000000 0.025623
57.8571430000000000 0.34124500000000000 0.024182
57.9591840000000000 0.39963400000000000 0.026762
58.0612240000000000 0.39237100000000000 0.026279
58.1632650000000000 0.39522000000000000 0.027343
58.2653060000000000 0.34766000000000000 0.024653
58.3673470000000000 0.40296300000000000 0.027244
58.4693880000000000 0.37773900000000000 0.025887
58.5714290000000000 0.35097000000000000 0.024563
58.6734690000000000 0.34308900000000000 0.024292
58.7755100000000000 0.31659200000000000 0.022720
58.8775510000000000 0.19777300000000000 0.017278
58.9795920000000000 0.11308300000000000 0.012522
59.0816330000000000 0.08782800000000000 0.010758
59.1836730000000000 0.15766800000000000 0.015297
59.2857140000000000 0.23877700000000000 0.019941
59.3877550000000000 0.35454400000000000 0.024704
59.4897960000000000 0.35397800000000000 0.024763
59.5918370000000000 0.35520200000000000 0.024520
59.6938780000000000 0.31972700000000000 0.023184
59.7959180000000000 0.31323900000000000 0.023028
59.8979590000000000 0.35926900000000000 0.024935
60.0000000000000000 0.37661600000000000 0.026654
