55.0000000000000000 0.36823900000000000 0.025094
55.1020410000000000 0.38178000000000000 0.025735
55.2040820000000000 0.37120500000000000 0.025485
55.3061220000000000 0.33744700000000000 0.023611
55.4081630000000000 0.36409900000000000 0.025072
55.5102040000000000 0.35831900000000000 0.025461
55.6122450000000000 0.34862800000000000 0.024080
55.7142860000000000 0.27294200000000000 0.020188
55.8163270000000000 0.27117700000000000 0.020811
55.9183670000000000 0.29939000000000000 0.021871
56.0204080000000000 0.37195900000000000 0.025748
56.1224490000000000 0.32814200000000000 0.023533
56.2244900000000000 0.37410100000000000 0.025032
56.3265310000000000 0.36060100000000000 0.025569
56.4285710000000000 0.35175600000000000 0.024420
56.5306120000000000 0.39362200000000000 0.026801
56.6326530000000000 0.38397400000000000 0.026097
56.7346940000000000 0.38796700000000000 0.026204
56.8367350000000000 0.35628700000000000 0.025300
56.9387760000000000 0.36251000000000000 0.024286
57.0408160000000000 0.37773900000000000 0.025887
57.1428570000000000 0.35193500000000000 0.024535
57.2448980000000000 0.36464100000000000 0.025706
57.3469390000000000 0.33823800000000000 0.024679
57.4489800000000000 0.36517600000000000 0.025122
57.5510200000000000 0.35100500000000000 0.024362
57.6530610000000000 0.34059500000000000 0.024273
57.7551020000000000 0.34874700000000000 0.024423
57.8571430000000000 0.36967200000000000 0.025502
57.9591840000000000 0.33142300000000000 0.023617
58.0612240000000000 0.35603100000000000 0.024617
58.1632650000000000 0.34554400000000000 0.025002
58.2653060000000000 0.40428900000000000 0.027278
58.3673470000000000 0.37514200000000000 0.025960
58.4693880000000000 0.37664400000000000 0.025836
58.5714290000000000 0.35097000000000000 0.024563
58.6734690000000000 0.34528000000000000 0.024395
58.7755100000000000 0.28366900000000000 0.021169
58.8775510000000000 0.19887800000000000 0.017335
58.9795920000000000 0.12720400000000000 0.013341
59.0816330000000000 0.09931500000000000 0.011460
59.1836730000000000 0.14416400000000000 0.014548
59.2857140000000000 0.25523500000000000 0.020775
59.3877550000000000 0.31010500000000000 0.022627
59.4897960000000000 0.35834700000000000 0.024966
59.5918370000000000 0.37859100000000000 0.025590
59.6938780000000000 0.38868500000000000 0.026390
59.7959180000000000 0.36320500000000000 0.025379
59.8979590000000000 0.33214300000000000 0.023674
60.0000000000000000 0.31679900000000000 0.023790
