55.0000000000000000 0.42128400000000000 0.027496
55.1020410000000000 0.39666400000000000 0.026411
55.2040820000000000 0.38531100000000000 0.026133
55.3061220000000000 0.38594000000000000 0.025827
55.4081630000000000 0.39317500000000000 0.026403
55.5102040000000000 0.40166800000000000 0.027488
55.6122450000000000 0.30663700000000000 0.022136
55.7142860000000000 0.31639300000000000 0.022204
55.8163270000000000 0.32560700000000000 0.023403
55.9183670000000000 0.30996500000000000 0.022367
56.0204080000000000 0.33654600000000000 0.024095
56.1224490000000000 0.38263100000000000 0.026061
56.2244900000000000 0.36070700000000000 0.024427
56.3265310000000000 0.37429000000000000 0.026212
56.4285710000000000 0.34748000000000000 0.024223
56.5306120000000000 0.40140300000000000 0.027159
56.6326530000000000 0.39158600000000000 0.026446
56.7346940000000000 0.35771700000000000 0.024815
56.8367350000000000 0.38237600000000000 0.026522
56.9387760000000000 0.38169000000000000 0.025145
57.0408160000000000 0.32191600000000000 0.023287
57.1428570000000000 0.36488500000000000 0.025133
57.2448980000000000 0.38394500000000000 0.026609
57.3469390000000000 0.37181800000000000 0.026273
57.4489800000000000 0.34794600000000000 0.024327
57.5510200000000000 0.36593700000000000 0.025048
57.6530610000000000 0.36159900000000000 0.025254
57.7551020000000000 0.35524300000000000 0.024724
57.8571430000000000 0.39263300000000000 0.026558
57.9591840000000000 0.39963400000000000 0.026762
58.0612240000000000 0.38488900000000000 0.025938
58.1632650000000000 0.35132000000000000 0.025276
58.2653060000000000 0.36542600000000000 0.025483
58.3673470000000000 0.37180300000000000 0.025805
58.4693880000000000 0.35694200000000000 0.024925
58.5714290000000000 0.37269400000000000 0.025566
58.6734690000000000 0.31679000000000000 0.023057
58.7755100000000000 0.32402600000000000 0.023067
58.8775510000000000 0.20329500000000000 0.017562
58.9795920000000000 0.10982400000000000 0.012330
59.0816330000000000 0.11602400000000000 0.012442
59.1836730000000000 0.12728300000000000 0.013587
59.2857140000000000 0.28345100000000000 0.022183
59.3877550000000000 0.31877600000000000 0.023036
59.4897960000000000 0.35725500000000000 0.024915
59.5918370000000000 0.36264400000000000 0.024862
59.6938780000000000 0.36241500000000000 0.025179
59.7959180000000000 0.39207500000000000 0.026716
59.8979590000000000 0.39290600000000000 0.026480
60.0000000000000000 0.35550400000000000 0.025651
