55.0000000000000000 0.38097000000000000 0.025674
55.1020410000000000 0.35094900000000000 0.024324
55.2040820000000000 0.36795000000000000 0.025335
55.3061220000000000 0.37750600000000000 0.025444
55.4081630000000000 0.35871500000000000 0.024824
55.5102040000000000 0.36288200000000000 0.025676
55.6122450000000000 0.32553300000000000 0.023015
55.7142860000000000 0.31740400000000000 0.022250
55.8163270000000000 0.27226600000000000 0.020863
55.9183670000000000 0.31631000000000000 0.022663
56.0204080000000000 0.30002500000000000 0.022363
56.1224490000000000 0.35647600000000000 0.024854
56.2244900000000000 0.35349500000000000 0.024099
56.3265310000000000 0.38227500000000000 0.026585
56.4285710000000000 0.36137500000000000 0.024863
56.5306120000000000 0.37027800000000000 0.025721
56.6326530000000000 0.37418700000000000 0.025648
56.7346940000000000 0.35555600000000000 0.024715
56.8367350000000000 0.38237600000000000 0.026522
56.9387760000000000 0.34736800000000000 0.023603
57.0408160000000000 0.37773900000000000 0.025887
57.1428570000000000 0.37999400000000000 0.025827
57.2448980000000000 0.34079300000000000 0.024581
57.3469390000000000 0.37297600000000000 0.026328
57.4489800000000000 0.39317500000000000 0.026403
57.5510200000000000 0.38193500000000000 0.025779
57.6530610000000000 0.35496600000000000 0.024945
57.7551020000000000 0.33683700000000000 0.023870
57.8571430000000000 0.39591300000000000 0.026708
57.9591840000000000 0.37364900000000000 0.025573
58.0612240000000000 0.36565000000000000 0.025059
58.1632650000000000 0.39984100000000000 0.027559
58.2653060000000000 0.41095100000000000 0.027584
58.3673470000000000 0.35733600000000000 0.025131
58.4693880000000000 0.34709100000000000 0.024467
58.5714290000000000 0.36617700000000000 0.025266
58.6734690000000000 0.39130200000000000 0.026523
58.7755100000000000 0.29428900000000000 0.021672
58.8775510000000000 0.19556500000000000 0.017163
58.9795920000000000 0.10982400000000000 0.012330
59.0816330000000000 0.10140400000000000 0.011585
59.1836730000000000 0.15316700000000000 0.015049
59.2857140000000000 0.28109900000000000 0.022066
59.3877550000000000 0.29276300000000000 0.021804
59.4897960000000000 0.32885800000000000 0.023590
59.5918370000000000 0.35094900000000000 0.024324
59.6938780000000000 0.38321200000000000 0.026139
59.7959180000000000 0.38541200000000000 0.026409
59.8979590000000000 0.35384400000000000 0.024684
60.0000000000000000 0.38951700000000000 0.027262
