55.0000000000000000 0.36823900000000000 0.025094
55.1020410000000000 0.35520200000000000 0.024520
55.2040820000000000 0.39073600000000000 0.026381
55.3061220000000000 0.39542700000000000 0.026256
55.4081630000000000 0.36733000000000000 0.025221
55.5102040000000000 0.36516400000000000 0.025784
55.6122450000000000 0.31398600000000000 0.022479
55.7142860000000000 0.31538300000000000 0.022157
55.8163270000000000 0.30818900000000000 0.022581
55.9183670000000000 0.32265500000000000 0.022959
56.0204080000000000 0.34539900000000000 0.024510
56.1224490000000000 0.36410500000000000 0.025208
56.2244900000000000 0.37513100000000000 0.025079
56.3265310000000000 0.35603800000000000 0.025354
56.4285710000000000 0.37313200000000000 0.025402
56.5306120000000000 0.34360000000000000 0.024475
56.6326530000000000 0.36983700000000000 0.025447
56.7346940000000000 0.36852000000000000 0.025312
56.8367350000000000 0.37330100000000000 0.026098
56.9387760000000000 0.35241500000000000 0.023831
57.0408160000000000 0.41167100000000000 0.027441
57.1428570000000000 0.40265700000000000 0.026860
57.2448980000000000 0.33852200000000000 0.024474
57.3469390000000000 0.38571400000000000 0.026927
57.4489800000000000 0.35979200000000000 0.024874
57.5510200000000000 0.38833400000000000 0.026070
57.6530610000000000 0.33617400000000000 0.024065
57.7551020000000000 0.35416000000000000 0.024674
57.8571430000000000 0.36639200000000000 0.025351
57.9591840000000000 0.37040100000000000 0.025424
58.0612240000000000 0.38702700000000000 0.026036
58.1632650000000000 0.37558000000000000 0.026423
58.2653060000000000 0.35987400000000000 0.025224
58.3673470000000000 0.38515700000000000 0.026424
58.4693880000000000 0.37445500000000000 0.025735
58.5714290000000000 0.33684800000000000 0.023905
58.6734690000000000 0.32993900000000000 0.023676
58.7755100000000000 0.29004100000000000 0.021471
58.8775510000000000 0.19225200000000000 0.016991
58.9795920000000000 0.12285900000000000 0.013092
59.0816330000000000 0.11706800000000000 0.012502
59.1836730000000000 0.17792500000000000 0.016391
59.2857140000000000 0.27522100000000000 0.021775
59.3877550000000000 0.29493100000000000 0.021907
59.4897960000000000 0.35288600000000000 0.024712
59.5918370000000000 0.38603300000000000 0.025929
59.6938780000000000 0.34490200000000000 0.024365
59.7959180000000000 0.32989400000000000 0.023818
59.8979590000000000 0.35818400000000000 0.024885
60.0000000000000000 0.36606000000000000 0.026153
