55.0000000000000000 0.42552700000000000 0.027686
55.1020410000000000 0.42536900000000000 0.027705
55.2040820000000000 0.39833100000000000 0.026728
55.3061220000000000 0.41545700000000000 0.027158
55.4081630000000000 0.39425200000000000 0.026452
55.5102040000000000 0.36630400000000000 0.025837
55.6122450000000000 0.32343400000000000 0.022918
55.7142860000000000 0.27900500000000000 0.020472
55.8163270000000000 0.28206300000000000 0.021335
55.9183670000000000 0.28352700000000000 0.021121
56.0204080000000000 0.24579800000000000 0.019725
56.1224490000000000 0.24422800000000000 0.019505
56.2244900000000000 0.20822500000000000 0.017234
56.3265310000000000 0.22142800000000000 0.018776
56.4285710000000000 0.17112400000000000 0.015627
56.5306120000000000 0.13017300000000000 0.013668
56.6326530000000000 0.09037000000000000 0.011151
56.7346940000000000 0.06817700000000000 0.009667
56.8367350000000000 0.02961100000000000 0.006933
56.9387760000000000 0.01121000000000000 0.004658
57.0408160000000000 0.00339900000000000 0.003957
57.1428570000000000 -0.0031240000000000 0.002862
57.2448980000000000 0.00806800000000000 0.004704
57.3469390000000000 -0.0010360000000000 0.003480
57.4489800000000000 -0.0020410000000000 0.003052
57.5510200000000000 0.00117800000000000 0.003544
57.6530610000000000 -0.0020950000000000 0.003133
57.7551020000000000 0.00119600000000000 0.003598
57.8571430000000000 -0.0009790000000000 0.003286
57.9591840000000000 0.00119600000000000 0.003598
58.0612240000000000 -0.0020260000000000 0.003029
58.1632650000000000 0.00012100000000000 0.003660
58.2653060000000000 -0.0009940000000000 0.003337
58.3673470000000000 -0.0009960000000000 0.003344
58.4693880000000000 0.00120900000000000 0.003637
58.5714290000000000 0.00771800000000000 0.004499
58.6734690000000000 0.00011500000000000 0.003471
58.7755100000000000 0.00329700000000000 0.003839
58.8775510000000000 0.00122000000000000 0.003669
58.9795920000000000 -0.0031450000000000 0.002881
59.0816330000000000 0.00533100000000000 0.004058
59.1836730000000000 0.00349400000000000 0.004068
59.2857140000000000 0.01188000000000000 0.005293
59.3877550000000000 0.01962400000000000 0.005805
59.4897960000000000 0.01103600000000000 0.004916
59.5918370000000000 0.01605900000000000 0.005368
59.6938780000000000 0.02529000000000000 0.006388
59.7959180000000000 0.03453800000000000 0.007269
59.8979590000000000 0.03700600000000000 0.007373
60.0000000000000000 0.05759400000000000 0.009352
