55.0000000000000000 0.33216900000000000 0.023434
55.1020410000000000 0.35307500000000000 0.024422
55.2040820000000000 0.35275900000000000 0.024633
55.3061220000000000 0.37329000000000000 0.025253
55.4081630000000000 0.37271400000000000 0.025468
55.5102040000000000 0.39254200000000000 0.027064
55.6122450000000000 0.38746800000000000 0.025848
55.7142860000000000 0.27900500000000000 0.020472
55.8163270000000000 0.33975900000000000 0.024065
55.9183670000000000 0.29621700000000000 0.021721
56.0204080000000000 0.37638600000000000 0.025953
56.1224490000000000 0.38590100000000000 0.026211
56.2244900000000000 0.36482800000000000 0.024613
56.3265310000000000 0.34691100000000000 0.024923
56.4285710000000000 0.39557700000000000 0.026424
56.5306120000000000 0.36249700000000000 0.025359
56.6326530000000000 0.39049800000000000 0.026396
56.7346940000000000 0.37608300000000000 0.025660
56.8367350000000000 0.36763000000000000 0.025833
56.9387760000000000 0.35039600000000000 0.023740
57.0408160000000000 0.37445500000000000 0.025735
57.1428570000000000 0.37351900000000000 0.025530
57.2448980000000000 0.39984400000000000 0.027348
57.3469390000000000 0.37297600000000000 0.026328
57.4489800000000000 0.36086900000000000 0.024924
57.5510200000000000 0.35847100000000000 0.024706
57.6530610000000000 0.38481400000000000 0.026329
57.7551020000000000 0.35957400000000000 0.024925
57.8571430000000000 0.38607300000000000 0.026257
57.9591840000000000 0.39313800000000000 0.026465
58.0612240000000000 0.36565000000000000 0.025059
58.1632650000000000 0.36980400000000000 0.026151
58.2653060000000000 0.37208800000000000 0.025792
58.3673470000000000 0.36846500000000000 0.025650
58.4693880000000000 0.35147000000000000 0.024671
58.5714290000000000 0.34228000000000000 0.024159
58.6734690000000000 0.32226900000000000 0.023315
58.7755100000000000 0.31765400000000000 0.022770
58.8775510000000000 0.17237600000000000 0.015945
58.9795920000000000 0.12068700000000000 0.012966
59.0816330000000000 0.10453700000000000 0.011771
59.1836730000000000 0.16329500000000000 0.015604
59.2857140000000000 0.24583000000000000 0.020300
59.3877550000000000 0.32419500000000000 0.023290
59.4897960000000000 0.33759600000000000 0.024000
59.5918370000000000 0.37221200000000000 0.025299
59.6938780000000000 0.37664400000000000 0.025836
59.7959180000000000 0.36098400000000000 0.025276
59.8979590000000000 0.32997300000000000 0.023572
60.0000000000000000 0.36488700000000000 0.026098
