55.0000000000000000 0.43507500000000000 0.028114
55.1020410000000000 0.44025300000000000 0.028372
55.2040820000000000 0.41460700000000000 0.027468
55.3061220000000000 0.38277700000000000 0.025683
55.4081630000000000 0.40717400000000000 0.027040
55.5102040000000000 0.40851300000000000 0.027805
55.6122450000000000 0.36017500000000000 0.024608
55.7142860000000000 0.35681300000000000 0.024041
55.8163270000000000 0.32669600000000000 0.023454
55.9183670000000000 0.31842500000000000 0.022762
56.0204080000000000 0.37195900000000000 0.025748
56.1224490000000000 0.41205600000000000 0.027405
56.2244900000000000 0.37307100000000000 0.024986
56.3265310000000000 0.38341600000000000 0.026639
56.4285710000000000 0.38809600000000000 0.026084
56.5306120000000000 0.36583200000000000 0.025514
56.6326530000000000 0.34047700000000000 0.024087
56.7346940000000000 0.31882300000000000 0.023004
56.8367350000000000 0.28596100000000000 0.021937
56.9387760000000000 0.24642000000000000 0.018922
57.0408160000000000 0.19932500000000000 0.017284
57.1428570000000000 0.15444000000000000 0.014808
57.2448980000000000 0.09664400000000000 0.011806
57.3469390000000000 0.06033400000000000 0.009485
57.4489800000000000 0.01303600000000000 0.005090
57.5510200000000000 0.00224500000000000 0.003703
57.6530610000000000 0.00232700000000000 0.003838
57.7551020000000000 0.00336200000000000 0.003914
57.8571430000000000 0.00230100000000000 0.003796
57.9591840000000000 -0.0053000000000000 0.002433
58.0612240000000000 0.00225000000000000 0.003711
58.1632650000000000 -0.0068100000000000 0.002330
58.2653060000000000 0.00011600000000000 0.003518
58.3673470000000000 0.00345500000000000 0.004023
58.4693880000000000 0.00339900000000000 0.003957
58.5714290000000000 0.00011400000000000 0.003441
58.6734690000000000 0.00121100000000000 0.003641
58.7755100000000000 0.00542100000000000 0.004127
58.8775510000000000 0.01226200000000000 0.005097
58.9795920000000000 0.00011400000000000 0.003441
59.0816330000000000 0.00115400000000000 0.003470
59.1836730000000000 0.02825200000000000 0.006776
59.2857140000000000 0.04950000000000000 0.008751
59.3877550000000000 0.08899200000000000 0.011045
59.4897960000000000 0.09076500000000000 0.011201
59.5918370000000000 0.11599400000000000 0.012554
59.6938780000000000 0.13912400000000000 0.014067
59.7959180000000000 0.14113300000000000 0.014281
59.8979590000000000 0.16612800000000000 0.015477
60.0000000000000000 0.13734900000000000 0.014463
