55.0000000000000000 0.34277800000000000 0.023925
55.1020410000000000 0.36583300000000000 0.025008
55.2040820000000000 0.31478200000000000 0.022859
55.3061220000000000 0.27630500000000000 0.020747
55.4081630000000000 0.28441000000000000 0.021341
55.5102040000000000 0.22599100000000000 0.019009
55.6122450000000000 0.15757300000000000 0.014774
55.7142860000000000 0.15572300000000000 0.014402
55.8163270000000000 0.11877200000000000 0.012869
55.9183670000000000 0.10586300000000000 0.011927
56.0204080000000000 0.06983700000000000 0.009909
56.1224490000000000 0.05242400000000000 0.008595
56.2244900000000000 0.03307700000000000 0.006825
56.3265310000000000 0.00924600000000000 0.004865
56.4285710000000000 0.00118100000000000 0.003552
56.5306120000000000 0.00011700000000000 0.003521
56.6326530000000000 -0.0053230000000000 0.002444
56.7346940000000000 -0.0042080000000000 0.002655
56.8367350000000000 0.00125300000000000 0.003769
56.9387760000000000 -0.0019130000000000 0.002861
57.0408160000000000 0.00449300000000000 0.004108
57.1428570000000000 0.00227200000000000 0.003747
57.2448980000000000 0.00011900000000000 0.003597
57.3469390000000000 -0.0033520000000000 0.003071
57.4489800000000000 -0.0020410000000000 0.003052
57.5510200000000000 -0.0052210000000000 0.002397
57.6530610000000000 -0.0032000000000000 0.002932
57.7551020000000000 -0.0009690000000000 0.003254
57.8571430000000000 -0.0009790000000000 0.003286
57.9591840000000000 -0.0042170000000000 0.002661
58.0612240000000000 0.00011200000000000 0.003386
58.1632650000000000 -0.0045000000000000 0.002840
58.2653060000000000 0.00011600000000000 0.003518
58.3673470000000000 -0.0009960000000000 0.003344
58.4693880000000000 0.00339900000000000 0.003957
58.5714290000000000 0.00445900000000000 0.004077
58.6734690000000000 0.00888100000000000 0.004673
58.7755100000000000 0.00860800000000000 0.004529
58.8775510000000000 0.00784500000000000 0.004574
58.9795920000000000 0.00337300000000000 0.003927
59.0816330000000000 0.00846400000000000 0.004453
59.1836730000000000 0.01362200000000000 0.005320
59.2857140000000000 0.01658200000000000 0.005815
59.3877550000000000 0.04563700000000000 0.008056
59.4897960000000000 0.03069500000000000 0.006866
59.5918370000000000 0.05858400000000000 0.008919
59.6938780000000000 0.06141000000000000 0.009267
59.7959180000000000 0.05341400000000000 0.008761
59.8979590000000000 0.07498300000000000 0.010148
60.0000000000000000 0.07987800000000000 0.010918
