55.0000000000000000 0.43401400000000000 0.028067
55.1020410000000000 0.43174800000000000 0.027991
55.2040820000000000 0.42111800000000000 0.027763
55.3061220000000000 0.42494400000000000 0.027583
55.4081630000000000 0.42225100000000000 0.027722
55.5102040000000000 0.36744500000000000 0.025891
55.6122450000000000 0.35387600000000000 0.024320
55.7142860000000000 0.29719400000000000 0.021319
55.8163270000000000 0.30274600000000000 0.022323
55.9183670000000000 0.30467700000000000 0.022119
56.0204080000000000 0.33654600000000000 0.024095
56.1224490000000000 0.31179500000000000 0.022763
56.2244900000000000 0.30713300000000000 0.021971
56.3265310000000000 0.25222800000000000 0.020332
56.4285710000000000 0.23311600000000000 0.018781
56.5306120000000000 0.16352100000000000 0.015521
56.6326530000000000 0.10994400000000000 0.012344
56.7346940000000000 0.06817700000000000 0.009667
56.8367350000000000 0.01713300000000000 0.005729
56.9387760000000000 0.00616300000000000 0.004054
57.0408160000000000 0.00230400000000000 0.003800
57.1428570000000000 0.00874700000000000 0.004602
57.2448980000000000 -0.0044230000000000 0.002791
57.3469390000000000 -0.0045100000000000 0.002846
57.4489800000000000 0.00119000000000000 0.003579
57.5510200000000000 0.00011200000000000 0.003379
57.6530610000000000 0.00453800000000000 0.004149
57.7551020000000000 0.00227900000000000 0.003759
57.8571430000000000 -0.0031650000000000 0.002900
57.9591840000000000 0.00011400000000000 0.003430
58.0612240000000000 -0.0009570000000000 0.003212
58.1632650000000000 0.00705300000000000 0.004640
58.2653060000000000 0.01899300000000000 0.005836
58.3673470000000000 0.02237300000000000 0.006179
58.4693880000000000 0.04170800000000000 0.007794
58.5714290000000000 0.06637500000000000 0.009573
58.6734690000000000 0.06695600000000000 0.009659
58.7755100000000000 0.08932100000000000 0.010947
58.8775510000000000 0.06416100000000000 0.009506
58.9795920000000000 0.03596000000000000 0.007291
59.0816330000000000 0.03352600000000000 0.006919
59.1836730000000000 0.06538900000000000 0.009692
59.2857140000000000 0.10240300000000000 0.012387
59.3877550000000000 0.16052900000000000 0.015169
59.4897960000000000 0.16175600000000000 0.015292
59.5918370000000000 0.18403500000000000 0.016259
59.6938780000000000 0.20260900000000000 0.017453
59.7959180000000000 0.19776100000000000 0.017323
59.8979590000000000 0.20519000000000000 0.017512
60.0000000000000000 0.22883300000000000 0.019410
