55.0000000000000000 0.36930000000000000 0.025142
55.1020410000000000 0.34669600000000000 0.024129
55.2040820000000000 0.34190800000000000 0.024129
55.3061220000000000 0.38804800000000000 0.025922
55.4081630000000000 0.37594500000000000 0.025616
55.5102040000000000 0.38683800000000000 0.026798
55.6122450000000000 0.31923500000000000 0.022723
55.7142860000000000 0.31841400000000000 0.022296
55.8163270000000000 0.30601200000000000 0.022478
55.9183670000000000 0.30150500000000000 0.021970
56.0204080000000000 0.35425300000000000 0.024924
56.1224490000000000 0.32923100000000000 0.023584
56.2244900000000000 0.38440400000000000 0.025496
56.3265310000000000 0.31953300000000000 0.023619
56.4285710000000000 0.30793400000000000 0.022380
56.5306120000000000 0.25356100000000000 0.020150
56.6326530000000000 0.21433600000000000 0.017994
56.7346940000000000 0.15568700000000000 0.014883
56.8367350000000000 0.07838500000000000 0.010623
56.9387760000000000 0.01524800000000000 0.005096
57.0408160000000000 0.00339900000000000 0.003957
57.1428570000000000 -0.0009660000000000 0.003243
57.2448980000000000 0.00239000000000000 0.003943
57.3469390000000000 0.00243700000000000 0.004020
57.4489800000000000 0.00011300000000000 0.003411
57.5510200000000000 0.00437800000000000 0.004003
57.6530610000000000 -0.0054110000000000 0.002485
57.7551020000000000 0.00011400000000000 0.003430
57.8571430000000000 0.00448800000000000 0.004103
57.9591840000000000 0.01094100000000000 0.004873
58.0612240000000000 0.02683300000000000 0.006432
58.1632650000000000 0.05326300000000000 0.008950
58.2653060000000000 0.07118000000000000 0.010019
58.3673470000000000 0.07690200000000000 0.010415
58.4693880000000000 0.11285500000000000 0.012558
58.5714290000000000 0.12829000000000000 0.013402
58.6734690000000000 0.17434100000000000 0.015989
58.7755100000000000 0.13392500000000000 0.013566
58.8775510000000000 0.11053900000000000 0.012478
58.9795920000000000 0.07397800000000000 0.010087
59.0816330000000000 0.06903100000000000 0.009547
59.1836730000000000 0.10140000000000000 0.012045
59.2857140000000000 0.16588700000000000 0.016089
59.3877550000000000 0.18437400000000000 0.016430
59.4897960000000000 0.26442000000000000 0.020514
59.5918370000000000 0.24782400000000000 0.019455
59.6938780000000000 0.25295900000000000 0.019975
59.7959180000000000 0.25772100000000000 0.020345
59.8979590000000000 0.28657000000000000 0.021519
60.0000000000000000 0.24877200000000000 0.020426
