55.0000000000000000 0.36399600000000000 0.024900
55.1020410000000000 0.34031800000000000 0.023834
55.2040820000000000 0.33865300000000000 0.023978
55.3061220000000000 0.30160500000000000 0.021943
55.4081630000000000 0.27687200000000000 0.020980
55.5102040000000000 0.22599100000000000 0.019009
55.6122450000000000 0.21845800000000000 0.017899
55.7142860000000000 0.14865000000000000 0.014027
55.8163270000000000 0.09373400000000000 0.011367
55.9183670000000000 0.07731000000000000 0.010159
56.0204080000000000 0.04991700000000000 0.008482
56.1224490000000000 0.01319200000000000 0.005151
56.2244900000000000 0.00422900000000000 0.003866
56.3265310000000000 0.00468300000000000 0.004281
56.4285710000000000 -0.0009570000000000 0.003212
56.5306120000000000 0.00011700000000000 0.003521
56.6326530000000000 -0.0031480000000000 0.002884
56.7346940000000000 0.00335400000000000 0.003905
56.8367350000000000 -0.0021500000000000 0.003215
56.9387760000000000 -0.0029230000000000 0.002677
57.0408160000000000 -0.0009800000000000 0.003290
57.1428570000000000 -0.0042040000000000 0.002652
57.2448980000000000 0.00011900000000000 0.003597
57.3469390000000000 0.00359500000000000 0.004186
57.4489800000000000 -0.0031180000000000 0.002856
57.5510200000000000 -0.0030880000000000 0.002829
57.6530610000000000 -0.0020950000000000 0.003133
57.7551020000000000 0.00769300000000000 0.004485
57.8571430000000000 0.00667500000000000 0.004391
57.9591840000000000 0.00552700000000000 0.004208
58.0612240000000000 0.01080000000000000 0.004811
58.1632650000000000 0.00358700000000000 0.004176
58.2653060000000000 0.02454400000000000 0.006377
58.3673470000000000 0.03572700000000000 0.007379
58.4693880000000000 0.03514100000000000 0.007256
58.5714290000000000 0.06854700000000000 0.009721
58.6734690000000000 0.05928600000000000 0.009121
58.7755100000000000 0.07445200000000000 0.009996
58.8775510000000000 0.04870200000000000 0.008380
58.9795920000000000 0.03052900000000000 0.006828
59.0816330000000000 0.02517200000000000 0.006188
59.1836730000000000 0.05863700000000000 0.009212
59.2857140000000000 0.08241800000000000 0.011101
59.3877550000000000 0.11608900000000000 0.012685
59.4897960000000000 0.16066400000000000 0.015233
59.5918370000000000 0.12024700000000000 0.012800
59.6938780000000000 0.15882600000000000 0.015150
59.7959180000000000 0.17333300000000000 0.016040
59.8979590000000000 0.12815100000000000 0.013387
60.0000000000000000 0.16549800000000000 0.016049
