55.0000000000000000 0.35550900000000000 0.024511
55.1020410000000000 0.32756000000000000 0.023242
55.2040820000000000 0.34733400000000000 0.024382
55.3061220000000000 0.33955600000000000 0.023708
55.4081630000000000 0.38240600000000000 0.025912
55.5102040000000000 0.36858600000000000 0.025944
55.6122450000000000 0.29719000000000000 0.021693
55.7142860000000000 0.29012000000000000 0.020990
55.8163270000000000 0.28532900000000000 0.021492
55.9183670000000000 0.31102200000000000 0.022416
56.0204080000000000 0.32879900000000000 0.023730
56.1224490000000000 0.35538600000000000 0.024804
56.2244900000000000 0.38955500000000000 0.025727
56.3265310000000000 0.35717800000000000 0.025408
56.4285710000000000 0.36778800000000000 0.025157
56.5306120000000000 0.36694400000000000 0.025566
56.6326530000000000 0.35461300000000000 0.024744
56.7346940000000000 0.39985100000000000 0.026746
56.8367350000000000 0.35855600000000000 0.025407
56.9387760000000000 0.33424500000000000 0.023008
57.0408160000000000 0.37117200000000000 0.025584
57.1428570000000000 0.38970700000000000 0.026271
57.2448980000000000 0.38394500000000000 0.026609
57.3469390000000000 0.37297600000000000 0.026328
57.4489800000000000 0.36086900000000000 0.024924
57.5510200000000000 0.37660200000000000 0.025536
57.6530610000000000 0.33949000000000000 0.024221
57.7551020000000000 0.35632600000000000 0.024774
57.8571430000000000 0.33796500000000000 0.024029
57.9591840000000000 0.36065700000000000 0.024975
58.0612240000000000 0.35496200000000000 0.024568
58.1632650000000000 0.37673600000000000 0.026477
58.2653060000000000 0.39651600000000000 0.026921
58.3673470000000000 0.36846500000000000 0.025650
58.4693880000000000 0.37117200000000000 0.025584
58.5714290000000000 0.37269400000000000 0.025566
58.6734690000000000 0.36390800000000000 0.025261
58.7755100000000000 0.27304900000000000 0.020662
58.8775510000000000 0.20881600000000000 0.017845
58.9795920000000000 0.12829000000000000 0.013402
59.0816330000000000 0.10871400000000000 0.012017
59.1836730000000000 0.14416400000000000 0.014548
59.2857140000000000 0.25876200000000000 0.020952
59.3877550000000000 0.34912500000000000 0.024453
59.4897960000000000 0.36162400000000000 0.025117
59.5918370000000000 0.39241200000000000 0.026218
59.6938780000000000 0.33176700000000000 0.023750
59.7959180000000000 0.36320500000000000 0.025379
59.8979590000000000 0.37012000000000000 0.025435
60.0000000000000000 0.37075100000000000 0.026376
