55.0000000000000000 0.36505700000000000 0.024948
55.1020410000000000 0.35945400000000000 0.024715
55.2040820000000000 0.36578000000000000 0.025235
55.3061220000000000 0.36591000000000000 0.024916
55.4081630000000000 0.38671400000000000 0.026109
55.5102040000000000 0.35147500000000000 0.025138
55.6122450000000000 0.36647300000000000 0.024895
55.7142860000000000 0.31740400000000000 0.022250
55.8163270000000000 0.31581000000000000 0.022941
55.9183670000000000 0.30573500000000000 0.022169
56.0204080000000000 0.37085300000000000 0.025696
56.1224490000000000 0.38263100000000000 0.026061
56.2244900000000000 0.38852500000000000 0.025681
56.3265310000000000 0.35489700000000000 0.025300
56.4285710000000000 0.40947200000000000 0.027054
56.5306120000000000 0.37250200000000000 0.025824
56.6326530000000000 0.35570100000000000 0.024794
56.7346940000000000 0.39120800000000000 0.026352
56.8367350000000000 0.38010700000000000 0.026416
56.9387760000000000 0.35342500000000000 0.023877
57.0408160000000000 0.34928000000000000 0.024569
57.1428570000000000 0.36056800000000000 0.024934
57.2448980000000000 0.40438600000000000 0.027558
57.3469390000000000 0.35792300000000000 0.025616
57.4489800000000000 0.36517600000000000 0.025122
57.5510200000000000 0.39153400000000000 0.026216
57.6530610000000000 0.34722800000000000 0.024583
57.7551020000000000 0.39422100000000000 0.026515
57.8571430000000000 0.35873900000000000 0.024996
57.9591840000000000 0.38014600000000000 0.025871
58.0612240000000000 0.36671900000000000 0.025108
58.1632650000000000 0.38482300000000000 0.026857
58.2653060000000000 0.36209500000000000 0.025327
58.3673470000000000 0.39294700000000000 0.026783
58.4693880000000000 0.35256400000000000 0.024722
58.5714290000000000 0.35965900000000000 0.024965
58.6734690000000000 0.35185500000000000 0.024701
58.7755100000000000 0.30172400000000000 0.022023
58.8775510000000000 0.20329500000000000 0.017562
58.9795920000000000 0.10873800000000000 0.012265
59.0816330000000000 0.09305000000000000 0.011080
59.1836730000000000 0.14641500000000000 0.014674
59.2857140000000000 0.27757200000000000 0.021891
59.3877550000000000 0.31552400000000000 0.022882
59.4897960000000000 0.33213500000000000 0.023744
59.5918370000000000 0.38178000000000000 0.025735
59.6938780000000000 0.34380800000000000 0.024314
59.7959180000000000 0.37875000000000000 0.026101
59.8979590000000000 0.35492900000000000 0.024734
60.0000000000000000 0.37896100000000000 0.026764
