55.0000000000000000 0.33641300000000000 0.023631
55.1020410000000000 0.39666400000000000 0.026411
55.2040820000000000 0.34841900000000000 0.024432
55.3061220000000000 0.36907300000000000 0.025061
55.4081630000000000 0.36194500000000000 0.024973
55.5102040000000000 0.33550400000000000 0.024381
55.6122450000000000 0.31398600000000000 0.022479
55.7142860000000000 0.28911000000000000 0.020944
55.8163270000000000 0.26791100000000000 0.020652
55.9183670000000000 0.31842500000000000 0.022762
56.0204080000000000 0.35535900000000000 0.024976
56.1224490000000000 0.33904000000000000 0.024043
56.2244900000000000 0.35452600000000000 0.024146
56.3265310000000000 0.36630400000000000 0.025837
56.4285710000000000 0.35496200000000000 0.024568
56.5306120000000000 0.36694400000000000 0.025566
56.6326530000000000 0.38614900000000000 0.026197
56.7346940000000000 0.36095800000000000 0.024964
56.8367350000000000 0.35175000000000000 0.025086
56.9387760000000000 0.35039600000000000 0.023740
57.0408160000000000 0.36898300000000000 0.025483
57.1428570000000000 0.37891500000000000 0.025777
57.2448980000000000 0.36691200000000000 0.025812
57.3469390000000000 0.37529200000000000 0.026437
57.4489800000000000 0.35440700000000000 0.024626
57.5510200000000000 0.39580000000000000 0.026409
57.6530610000000000 0.37154800000000000 0.025716
57.7551020000000000 0.35199500000000000 0.024574
57.8571430000000000 0.39154000000000000 0.026508
57.9591840000000000 0.37689700000000000 0.025722
58.0612240000000000 0.36030600000000000 0.024814
58.1632650000000000 0.37095900000000000 0.026205
58.2653060000000000 0.37319800000000000 0.025844
58.3673470000000000 0.34287000000000000 0.024453
58.4693880000000000 0.36788800000000000 0.025432
58.5714290000000000 0.34771100000000000 0.024411
58.6734690000000000 0.33541800000000000 0.023933
58.7755100000000000 0.31234400000000000 0.022522
58.8775510000000000 0.21985800000000000 0.018407
58.9795920000000000 0.12503200000000000 0.013216
59.0816330000000000 0.12228900000000000 0.012800
59.1836730000000000 0.12840900000000000 0.013652
59.2857140000000000 0.25406000000000000 0.020716
59.3877550000000000 0.34370500000000000 0.024201
59.4897960000000000 0.36490000000000000 0.025269
59.5918370000000000 0.35201200000000000 0.024373
59.6938780000000000 0.36241500000000000 0.025179
59.7959180000000000 0.38097100000000000 0.026204
59.8979590000000000 0.36035400000000000 0.024985
60.0000000000000000 0.35198500000000000 0.025483
