55.0000000000000000 0.43295400000000000 0.028019
55.1020410000000000 0.38709600000000000 0.025977
55.2040820000000000 0.36795000000000000 0.025335
55.3061220000000000 0.38066900000000000 0.025588
55.4081630000000000 0.33287000000000000 0.023626
55.5102040000000000 0.33892600000000000 0.024544
55.6122450000000000 0.26464700000000000 0.020150
55.7142860000000000 0.24060600000000000 0.018652
55.8163270000000000 0.23525300000000000 0.019051
55.9183670000000000 0.18412000000000000 0.016222
56.0204080000000000 0.17165100000000000 0.015924
56.1224490000000000 0.17884000000000000 0.016184
56.2244900000000000 0.13301500000000000 0.013311
56.3265310000000000 0.11990000000000000 0.013249
56.4285710000000000 0.07386100000000000 0.009991
56.5306120000000000 0.04791500000000000 0.008352
56.6326530000000000 0.01642500000000000 0.005491
56.7346940000000000 0.00335400000000000 0.003905
56.8367350000000000 0.00125300000000000 0.003769
56.9387760000000000 0.00111500000000000 0.003355
57.0408160000000000 -0.0020740000000000 0.003102
57.1428570000000000 0.00119200000000000 0.003586
57.2448980000000000 0.00125500000000000 0.003774
57.3469390000000000 0.00012100000000000 0.003668
57.4489800000000000 0.00119000000000000 0.003579
57.5510200000000000 -0.0041540000000000 0.002621
57.6530610000000000 -0.0020950000000000 0.003133
57.7551020000000000 0.00119600000000000 0.003598
57.8571430000000000 -0.0009790000000000 0.003286
57.9591840000000000 -0.0053000000000000 0.002433
58.0612240000000000 -0.0052320000000000 0.002402
58.1632650000000000 0.00012100000000000 0.003660
58.2653060000000000 -0.0009940000000000 0.003337
58.3673470000000000 -0.0009960000000000 0.003344
58.4693880000000000 0.00120900000000000 0.003637
58.5714290000000000 -0.0009720000000000 0.003264
58.6734690000000000 0.00888100000000000 0.004673
58.7755100000000000 0.00754600000000000 0.004399
58.8775510000000000 0.00122000000000000 0.003669
58.9795920000000000 0.00663100000000000 0.004362
59.0816330000000000 0.01472900000000000 0.005162
59.1836730000000000 0.02600100000000000 0.006569
59.2857140000000000 0.02716300000000000 0.006866
59.3877550000000000 0.03479800000000000 0.007185
59.4897960000000000 0.06018400000000000 0.009168
59.5918370000000000 0.06709000000000000 0.009509
59.6938780000000000 0.07016700000000000 0.009872
59.7959180000000000 0.06895900000000000 0.009867
59.8979590000000000 0.06955800000000000 0.009784
60.0000000000000000 0.09395300000000000 0.011838
