55.0000000000000000 0.38521400000000000 0.025867
55.1020410000000000 0.36795900000000000 0.025105
55.2040820000000000 0.34299300000000000 0.024180
55.3061220000000000 0.28157600000000000 0.020997
55.4081630000000000 0.27902500000000000 0.021083
55.5102040000000000 0.19633100000000000 0.017477
55.6122450000000000 0.22685600000000000 0.018315
55.7142860000000000 0.13652400000000000 0.013374
55.8163270000000000 0.12312700000000000 0.013121
55.9183670000000000 0.11855300000000000 0.012668
56.0204080000000000 0.09529000000000000 0.011563
56.1224490000000000 0.04479600000000000 0.008016
56.2244900000000000 0.03719800000000000 0.007164
56.3265310000000000 0.00582300000000000 0.004434
56.4285710000000000 0.00545600000000000 0.004154
56.5306120000000000 -0.0009950000000000 0.003341
56.6326530000000000 -0.0042360000000000 0.002673
56.7346940000000000 -0.0042080000000000 0.002655
56.8367350000000000 0.00579000000000000 0.004409
56.9387760000000000 0.00010600000000000 0.003198
57.0408160000000000 0.00339900000000000 0.003957
57.1428570000000000 0.00227200000000000 0.003747
57.2448980000000000 -0.0044230000000000 0.002791
57.3469390000000000 0.00127900000000000 0.003848
57.4489800000000000 0.00011300000000000 0.003411
57.5510200000000000 -0.0009550000000000 0.003205
57.6530610000000000 -0.0009890000000000 0.003322
57.7551020000000000 0.00011400000000000 0.003430
57.8571430000000000 0.00230100000000000 0.003796
57.9591840000000000 -0.0009690000000000 0.003254
58.0612240000000000 -0.0009570000000000 0.003212
58.1632650000000000 -0.0033450000000000 0.003064
58.2653060000000000 0.00011600000000000 0.003518
58.3673470000000000 0.00568100000000000 0.004325
58.4693880000000000 -0.0020740000000000 0.003102
58.5714290000000000 0.00337300000000000 0.003927
58.6734690000000000 0.00559400000000000 0.004259
58.7755100000000000 0.00011100000000000 0.003364
58.8775510000000000 0.00453300000000000 0.004144
58.9795920000000000 -0.0009720000000000 0.003264
59.0816330000000000 0.00950800000000000 0.004578
59.1836730000000000 0.00687000000000000 0.004520
59.2857140000000000 0.02010900000000000 0.006181
59.3877550000000000 0.02721100000000000 0.006524
59.4897960000000000 0.03615600000000000 0.007332
59.5918370000000000 0.06071100000000000 0.009069
59.6938780000000000 0.06688300000000000 0.009648
59.7959180000000000 0.06895900000000000 0.009867
59.8979590000000000 0.08257900000000000 0.010643
60.0000000000000000 0.07284100000000000 0.010439
