55.0000000000000000 0.33747400000000000 0.023680
55.1020410000000000 0.28397100000000000 0.021194
55.2040820000000000 0.27680500000000000 0.021050
55.3061220000000000 0.23519200000000000 0.018761
55.4081630000000000 0.17779900000000000 0.016036
55.5102040000000000 0.12446300000000000 0.013517
55.6122450000000000 0.05469700000000000 0.008579
55.7142860000000000 0.00616900000000000 0.004058
55.8163270000000000 0.00011400000000000 0.003449
55.9183670000000000 -0.0041190000000000 0.002599
56.0204080000000000 0.00232900000000000 0.003842
56.1224490000000000 -0.0020650000000000 0.003088
56.2244900000000000 -0.0029830000000000 0.002733
56.3265310000000000 -0.0021620000000000 0.003233
56.4285710000000000 0.00759400000000000 0.004427
56.5306120000000000 0.00456300000000000 0.004172
56.6326530000000000 0.00555100000000000 0.004226
56.7346940000000000 -0.0009670000000000 0.003247
56.8367350000000000 0.00238800000000000 0.003938
56.9387760000000000 0.00111500000000000 0.003355
57.0408160000000000 0.00230400000000000 0.003800
57.1428570000000000 -0.0009660000000000 0.003243
57.2448980000000000 0.00466100000000000 0.004262
57.3469390000000000 -0.0010360000000000 0.003480
57.4489800000000000 0.00442100000000000 0.004041
57.5510200000000000 0.00117800000000000 0.003544
57.6530610000000000 0.00674900000000000 0.004440
57.7551020000000000 -0.0009690000000000 0.003254
57.8571430000000000 -0.0075390000000000 0.001919
57.9591840000000000 -0.0009690000000000 0.003254
58.0612240000000000 -0.0009570000000000 0.003212
58.1632650000000000 0.02438200000000000 0.006528
58.2653060000000000 0.01233000000000000 0.005125
58.3673470000000000 0.03684000000000000 0.007472
58.4693880000000000 0.04608600000000000 0.008137
58.5714290000000000 0.06311600000000000 0.009347
58.6734690000000000 0.05709500000000000 0.008964
58.7755100000000000 0.07551400000000000 0.010065
58.8775510000000000 0.05091100000000000 0.008547
58.9795920000000000 0.02944200000000000 0.006733
59.0816330000000000 0.03561500000000000 0.007092
59.1836730000000000 0.05413500000000000 0.008882
59.2857140000000000 0.11416000000000000 0.013110
59.3877550000000000 0.12801200000000000 0.013372
59.4897960000000000 0.16284800000000000 0.015351
59.5918370000000000 0.14682500000000000 0.014285
59.6938780000000000 0.16977200000000000 0.015738
59.7959180000000000 0.19665100000000000 0.017266
59.8979590000000000 0.18674400000000000 0.016562
60.0000000000000000 0.21358600000000000 0.018621
