55.0000000000000000 0.35020400000000000 0.024267
55.1020410000000000 0.39985400000000000 0.026555
55.2040820000000000 0.33865300000000000 0.023978
55.3061220000000000 0.35431400000000000 0.024386
55.4081630000000000 0.34471500000000000 0.024177
55.5102040000000000 0.39596400000000000 0.027223
55.6122450000000000 0.30348800000000000 0.021989
55.7142860000000000 0.28607800000000000 0.020802
55.8163270000000000 0.30165800000000000 0.022272
55.9183670000000000 0.28564200000000000 0.021221
56.0204080000000000 0.33101200000000000 0.023834
56.1224490000000000 0.36083500000000000 0.025056
56.2244900000000000 0.34834400000000000 0.023865
56.3265310000000000 0.39596400000000000 0.027223
56.4285710000000000 0.37527000000000000 0.025499
56.5306120000000000 0.38139400000000000 0.026236
56.6326530000000000 0.36222500000000000 0.025096
56.7346940000000000 0.37068100000000000 0.025412
56.8367350000000000 0.35061500000000000 0.025033
56.9387760000000000 0.37967100000000000 0.025055
57.0408160000000000 0.37336100000000000 0.025685
57.1428570000000000 0.36812300000000000 0.025282
57.2448980000000000 0.38167400000000000 0.026503
57.3469390000000000 0.39150300000000000 0.027198
57.4489800000000000 0.39425200000000000 0.026452
57.5510200000000000 0.37446900000000000 0.025439
57.6530610000000000 0.35496600000000000 0.024945
57.7551020000000000 0.37364900000000000 0.025573
57.8571430000000000 0.34233800000000000 0.024233
57.9591840000000000 0.36498800000000000 0.025174
58.0612240000000000 0.34641200000000000 0.024174
58.1632650000000000 0.36749400000000000 0.026042
58.2653060000000000 0.36431500000000000 0.025431
58.3673470000000000 0.38738300000000000 0.026526
58.4693880000000000 0.33833500000000000 0.024058
58.5714290000000000 0.39985000000000000 0.026810
58.6734690000000000 0.38034400000000000 0.026020
58.7755100000000000 0.30597200000000000 0.022223
58.8775510000000000 0.23973400000000000 0.019404
58.9795920000000000 0.10656600000000000 0.012136
59.0816330000000000 0.07843000000000000 0.010163
59.1836730000000000 0.15429200000000000 0.015111
59.2857140000000000 0.24112800000000000 0.020061
59.3877550000000000 0.32311200000000000 0.023239
59.4897960000000000 0.32558200000000000 0.023436
59.5918370000000000 0.37433800000000000 0.025396
59.6938780000000000 0.38211700000000000 0.026088
59.7959180000000000 0.35543300000000000 0.025017
59.8979590000000000 0.38639600000000000 0.026183
60.0000000000000000 0.36019500000000000 0.025875
