55.0000000000000000 0.37142200000000000 0.025239
55.1020410000000000 0.39241200000000000 0.026218
55.2040820000000000 0.42111800000000000 0.027763
55.3061220000000000 0.36591000000000000 0.024916
55.4081630000000000 0.34686900000000000 0.024277
55.5102040000000000 0.33094100000000000 0.024164
55.6122450000000000 0.32238400000000000 0.022869
55.7142860000000000 0.26182600000000000 0.019664
55.8163270000000000 0.22436700000000000 0.018508
55.9183670000000000 0.22324800000000000 0.018200
56.0204080000000000 0.21370500000000000 0.018114
56.1224490000000000 0.16140300000000000 0.015256
56.2244900000000000 0.14537800000000000 0.013986
56.3265310000000000 0.09594400000000000 0.011791
56.4285710000000000 0.04393400000000000 0.007859
56.5306120000000000 0.01790200000000000 0.005729
56.6326530000000000 0.00011400000000000 0.003445
56.7346940000000000 0.00119400000000000 0.003590
56.8367350000000000 -0.0010150000000000 0.003409
56.9387760000000000 -0.0019130000000000 0.002861
57.0408160000000000 0.00120900000000000 0.003637
57.1428570000000000 -0.0020450000000000 0.003058
57.2448980000000000 0.00466100000000000 0.004262
57.3469390000000000 -0.0010360000000000 0.003480
57.4489800000000000 -0.0031180000000000 0.002856
57.5510200000000000 0.00117800000000000 0.003544
57.6530610000000000 -0.0009890000000000 0.003322
57.7551020000000000 0.00011400000000000 0.003430
57.8571430000000000 0.00011500000000000 0.003464
57.9591840000000000 0.00336200000000000 0.003914
58.0612240000000000 -0.0020260000000000 0.003029
58.1632650000000000 0.00012100000000000 0.003660
58.2653060000000000 0.00011600000000000 0.003518
58.3673470000000000 0.00011700000000000 0.003525
58.4693880000000000 -0.0020740000000000 0.003102
58.5714290000000000 -0.0009720000000000 0.003264
58.6734690000000000 0.00011500000000000 0.003471
58.7755100000000000 0.00648400000000000 0.004265
58.8775510000000000 0.00453300000000000 0.004144
58.9795920000000000 0.00011400000000000 0.003441
59.0816330000000000 0.00115400000000000 0.003470
59.1836730000000000 0.01024600000000000 0.004934
59.2857140000000000 0.03656800000000000 0.007702
59.3877550000000000 0.02937900000000000 0.006718
59.4897960000000000 0.04817000000000000 0.008286
59.5918370000000000 0.05645800000000000 0.008767
59.6938780000000000 0.09205800000000000 0.011295
59.7959180000000000 0.07562100000000000 0.010318
59.8979590000000000 0.10645000000000000 0.012122
60.0000000000000000 0.07870600000000000 0.010839
