55.0000000000000000 0.36717900000000000 0.025045
55.1020410000000000 0.35094900000000000 0.024324
55.2040820000000000 0.36252400000000000 0.025085
55.3061220000000000 0.38066900000000000 0.025588
55.4081630000000000 0.38671400000000000 0.026109
55.5102040000000000 0.34691100000000000 0.024923
55.6122450000000000 0.31398600000000000 0.022479
55.7142860000000000 0.31336200000000000 0.022064
55.8163270000000000 0.27662000000000000 0.021073
55.9183670000000000 0.33217300000000000 0.023400
56.0204080000000000 0.34539900000000000 0.024510
56.1224490000000000 0.38808000000000000 0.026311
56.2244900000000000 0.37616200000000000 0.025125
56.3265310000000000 0.40965300000000000 0.027858
56.4285710000000000 0.38702700000000000 0.026036
56.5306120000000000 0.36249700000000000 0.025359
56.6326530000000000 0.38179900000000000 0.025997
56.7346940000000000 0.39012800000000000 0.026302
56.8367350000000000 0.37897300000000000 0.026363
56.9387760000000000 0.34131100000000000 0.023329
57.0408160000000000 0.35803700000000000 0.024976
57.1428570000000000 0.36056800000000000 0.024934
57.2448980000000000 0.37145400000000000 0.026025
57.3469390000000000 0.35676500000000000 0.025561
57.4489800000000000 0.32963900000000000 0.023476
57.5510200000000000 0.36913700000000000 0.025195
57.6530610000000000 0.37154800000000000 0.025716
57.7551020000000000 0.33142300000000000 0.023617
57.8571430000000000 0.37295300000000000 0.025654
57.9591840000000000 0.34116800000000000 0.024071
58.0612240000000000 0.39130200000000000 0.026230
58.1632650000000000 0.35247500000000000 0.025331
58.2653060000000000 0.32878400000000000 0.023765
58.3673470000000000 0.37291600000000000 0.025856
58.4693880000000000 0.33942900000000000 0.024109
58.5714290000000000 0.34662500000000000 0.024361
58.6734690000000000 0.36938700000000000 0.025514
58.7755100000000000 0.31234400000000000 0.022522
58.8775510000000000 0.18562700000000000 0.016645
58.9795920000000000 0.11960000000000000 0.012903
59.0816330000000000 0.11184600000000000 0.012200
59.1836730000000000 0.16104400000000000 0.015481
59.2857140000000000 0.22584500000000000 0.019278
59.3877550000000000 0.32527900000000000 0.023341
59.4897960000000000 0.37036100000000000 0.025521
59.5918370000000000 0.43174800000000000 0.027991
59.6938780000000000 0.36132100000000000 0.025128
59.7959180000000000 0.39873700000000000 0.027023
59.8979590000000000 0.37880000000000000 0.025834
60.0000000000000000 0.36840500000000000 0.026265
