55.0000000000000000 0.41597900000000000 0.027257
55.1020410000000000 0.38390600000000000 0.025832
55.2040820000000000 0.43739400000000000 0.028499
55.3061220000000000 0.40596900000000000 0.026731
55.4081630000000000 0.41794300000000000 0.027527
55.5102040000000000 0.34348900000000000 0.024760
55.6122450000000000 0.36857300000000000 0.024991
55.7142860000000000 0.31841400000000000 0.022296
55.8163270000000000 0.29730300000000000 0.022064
55.9183670000000000 0.28141200000000000 0.021020
56.0204080000000000 0.30334500000000000 0.022522
56.1224490000000000 0.30743600000000000 0.022557
56.2244900000000000 0.30198100000000000 0.021731
56.3265310000000000 0.27048000000000000 0.021236
56.4285710000000000 0.24808000000000000 0.019516
56.5306120000000000 0.19020000000000000 0.016939
56.6326530000000000 0.13712900000000000 0.013909
56.7346940000000000 0.10707000000000000 0.012132
56.8367350000000000 0.03528200000000000 0.007428
56.9387760000000000 0.01322900000000000 0.004881
57.0408160000000000 0.00339900000000000 0.003957
57.1428570000000000 0.00119200000000000 0.003586
57.2448980000000000 0.00579700000000000 0.004414
57.3469390000000000 0.00243700000000000 0.004020
57.4489800000000000 0.00011300000000000 0.003411
57.5510200000000000 -0.0041540000000000 0.002621
57.6530610000000000 -0.0076220000000000 0.001941
57.7551020000000000 0.00552700000000000 0.004208
57.8571430000000000 -0.0042590000000000 0.002687
57.9591840000000000 -0.0042170000000000 0.002661
58.0612240000000000 -0.0041630000000000 0.002627
58.1632650000000000 0.00820800000000000 0.004786
58.2653060000000000 0.02787600000000000 0.006685
58.3673470000000000 0.03684000000000000 0.007472
58.4693880000000000 0.05046500000000000 0.008470
58.5714290000000000 0.05768500000000000 0.008962
58.6734690000000000 0.07243500000000000 0.010031
58.7755100000000000 0.09250700000000000 0.011145
58.8775510000000000 0.04980600000000000 0.008463
58.9795920000000000 0.03487400000000000 0.007201
59.0816330000000000 0.03352600000000000 0.006919
59.1836730000000000 0.04513200000000000 0.008195
59.2857140000000000 0.10828100000000000 0.012751
59.3877550000000000 0.17136800000000000 0.015747
59.4897960000000000 0.18141500000000000 0.016336
59.5918370000000000 0.20423500000000000 0.017293
59.6938780000000000 0.21136500000000000 0.017900
59.7959180000000000 0.20664400000000000 0.017782
59.8979590000000000 0.21387100000000000 0.017952
60.0000000000000000 0.21710500000000000 0.018804
