55.0000000000000000 0.41173600000000000 0.027066
55.1020410000000000 0.42005300000000000 0.027466
55.2040820000000000 0.41026700000000000 0.027271
55.3061220000000000 0.38910200000000000 0.025970
55.4081630000000000 0.35333000000000000 0.024576
55.5102040000000000 0.34919300000000000 0.025031
55.6122450000000000 0.32868200000000000 0.023161
55.7142860000000000 0.25879500000000000 0.019520
55.8163270000000000 0.24722800000000000 0.019643
55.9183670000000000 0.23382300000000000 0.018722
56.0204080000000000 0.22366500000000000 0.018619
56.1224490000000000 0.21807300000000000 0.018202
56.2244900000000000 0.17834700000000000 0.015722
56.3265310000000000 0.11191400000000000 0.012773
56.4285710000000000 0.03965900000000000 0.007522
56.5306120000000000 0.00234000000000000 0.003859
56.6326530000000000 0.00228900000000000 0.003775
56.7346940000000000 0.00443500000000000 0.004055
56.8367350000000000 0.00919300000000000 0.004838
56.9387760000000000 0.00313400000000000 0.003649
57.0408160000000000 -0.0042630000000000 0.002690
57.1428570000000000 0.00011300000000000 0.003419
57.2448980000000000 0.00806800000000000 0.004704
57.3469390000000000 -0.0021940000000000 0.003282
57.4489800000000000 -0.0020410000000000 0.003052
57.5510200000000000 0.00971100000000000 0.004676
57.6530610000000000 0.00232700000000000 0.003838
57.7551020000000000 0.00336200000000000 0.003914
57.8571430000000000 0.03400900000000000 0.007156
57.9591840000000000 0.03259500000000000 0.006993
58.0612240000000000 0.04179600000000000 0.007692
58.1632650000000000 0.07752400000000000 0.010671
58.2653060000000000 0.10338000000000000 0.012082
58.3673470000000000 0.11696400000000000 0.012909
58.4693880000000000 0.16211000000000000 0.015327
58.5714290000000000 0.13372200000000000 0.013710
58.6734690000000000 0.17215000000000000 0.015873
58.7755100000000000 0.14773100000000000 0.014327
58.8775510000000000 0.10170500000000000 0.011945
58.9795920000000000 0.06528800000000000 0.009498
59.0816330000000000 0.06381000000000000 0.009193
59.1836730000000000 0.07439200000000000 0.010311
59.2857140000000000 0.16353600000000000 0.015959
59.3877550000000000 0.21038800000000000 0.017766
59.4897960000000000 0.21964100000000000 0.018300
59.5918370000000000 0.23081400000000000 0.018621
59.6938780000000000 0.24420200000000000 0.019544
59.7959180000000000 0.25550000000000000 0.020236
59.8979590000000000 0.25184800000000000 0.019839
60.0000000000000000 0.28395900000000000 0.022183
