55.0000000000000000 0.45098900000000000 0.028825
55.1020410000000000 0.44450600000000000 0.028562
55.2040820000000000 0.40267200000000000 0.026926
55.3061220000000000 0.42283600000000000 0.027489
55.4081630000000000 0.42332800000000000 0.027770
55.5102040000000000 0.39824600000000000 0.027329
55.6122450000000000 0.37277200000000000 0.025182
55.7142860000000000 0.32851900000000000 0.022758
55.8163270000000000 0.29186000000000000 0.021805
55.9183670000000000 0.29833200000000000 0.021821
56.0204080000000000 0.29891900000000000 0.022310
56.1224490000000000 0.30416600000000000 0.022402
56.2244900000000000 0.30713300000000000 0.021971
56.3265310000000000 0.25793200000000000 0.020615
56.4285710000000000 0.21922100000000000 0.018091
56.5306120000000000 0.21020800000000000 0.017974
56.6326530000000000 0.11429300000000000 0.012601
56.7346940000000000 0.07357900000000000 0.010031
56.8367350000000000 0.04775900000000000 0.008438
56.9387760000000000 -0.0039320000000000 0.002481
57.0408160000000000 -0.0031690000000000 0.002903
57.1428570000000000 -0.0009660000000000 0.003243
57.2448980000000000 -0.0010160000000000 0.003413
57.3469390000000000 -0.0033520000000000 0.003071
57.4489800000000000 0.00442100000000000 0.004041
57.5510200000000000 0.00011200000000000 0.003379
57.6530610000000000 -0.0020950000000000 0.003133
57.7551020000000000 0.00227900000000000 0.003759
57.8571430000000000 0.00339500000000000 0.003952
57.9591840000000000 -0.0042170000000000 0.002661
58.0612240000000000 0.00438700000000000 0.004011
58.1632650000000000 0.01051900000000000 0.005066
58.2653060000000000 0.00455800000000000 0.004167
58.3673470000000000 0.01680900000000000 0.005620
58.4693880000000000 0.02966800000000000 0.006785
58.5714290000000000 0.02944200000000000 0.006733
58.6734690000000000 0.07134000000000000 0.009958
58.7755100000000000 0.06277000000000000 0.009207
58.8775510000000000 0.04649400000000000 0.008210
58.9795920000000000 0.02183900000000000 0.006030
59.0816330000000000 0.03457000000000000 0.007006
59.1836730000000000 0.04738300000000000 0.008370
59.2857140000000000 0.11416000000000000 0.013110
59.3877550000000000 0.13234800000000000 0.013618
59.4897960000000000 0.13882000000000000 0.014034
59.5918370000000000 0.17659300000000000 0.015873
59.6938780000000000 0.17743400000000000 0.016144
59.7959180000000000 0.21552700000000000 0.018236
59.8979590000000000 0.18457400000000000 0.016449
60.0000000000000000 0.19833900000000000 0.017821
