55.0000000000000000 0.37036100000000000 0.025191
55.1020410000000000 0.39347500000000000 0.026266
55.2040820000000000 0.38965100000000000 0.026332
55.3061220000000000 0.36169400000000000 0.024724
55.4081630000000000 0.35979200000000000 0.024874
55.5102040000000000 0.35033400000000000 0.025085
55.6122450000000000 0.31713500000000000 0.022626
55.7142860000000000 0.31639300000000000 0.022204
55.8163270000000000 0.29839200000000000 0.022116
55.9183670000000000 0.28775700000000000 0.021321
56.0204080000000000 0.35093200000000000 0.024769
56.1224490000000000 0.36301500000000000 0.025157
56.2244900000000000 0.32567800000000000 0.022828
56.3265310000000000 0.35261500000000000 0.025192
56.4285710000000000 0.35710000000000000 0.024666
56.5306120000000000 0.36027400000000000 0.025255
56.6326530000000000 0.36440000000000000 0.025196
56.7346940000000000 0.36636000000000000 0.025213
56.8367350000000000 0.36195800000000000 0.025567
56.9387760000000000 0.36049100000000000 0.024195
57.0408160000000000 0.38759000000000000 0.026340
57.1428570000000000 0.36056800000000000 0.024934
57.2448980000000000 0.36577600000000000 0.025759
57.3469390000000000 0.35213400000000000 0.025342
57.4489800000000000 0.37486800000000000 0.025567
57.5510200000000000 0.37766900000000000 0.025585
57.6530610000000000 0.37044300000000000 0.025664
57.7551020000000000 0.34333300000000000 0.024172
57.8571430000000000 0.35873900000000000 0.024996
57.9591840000000000 0.37148400000000000 0.025473
58.0612240000000000 0.35710000000000000 0.024666
58.1632650000000000 0.36864900000000000 0.026096
58.2653060000000000 0.37430900000000000 0.025895
58.3673470000000000 0.39294700000000000 0.026783
58.4693880000000000 0.35803700000000000 0.024976
58.5714290000000000 0.34879700000000000 0.024462
58.6734690000000000 0.36281200000000000 0.025210
58.7755100000000000 0.30703400000000000 0.022273
58.8775510000000000 0.19446100000000000 0.017106
58.9795920000000000 0.11851400000000000 0.012840
59.0816330000000000 0.08051800000000000 0.010297
59.1836730000000000 0.14979100000000000 0.014862
59.2857140000000000 0.28697700000000000 0.022357
59.3877550000000000 0.33611800000000000 0.023848
59.4897960000000000 0.39438900000000000 0.026626
59.5918370000000000 0.35945400000000000 0.024715
59.6938780000000000 0.37883400000000000 0.025937
59.7959180000000000 0.39762600000000000 0.026972
59.8979590000000000 0.39616100000000000 0.026629
60.0000000000000000 0.34846700000000000 0.025315
