55.0000000000000000 0.36717900000000000 0.025045
55.1020410000000000 0.36902200000000000 0.025153
55.2040820000000000 0.36143900000000000 0.025035
55.3061220000000000 0.39542700000000000 0.026256
55.4081630000000000 0.37809900000000000 0.025715
55.5102040000000000 0.33892600000000000 0.024544
55.6122450000000000 0.33603100000000000 0.023500
55.7142860000000000 0.34670800000000000 0.023584
55.8163270000000000 0.31907600000000000 0.023095
55.9183670000000000 0.33640300000000000 0.023596
56.0204080000000000 0.38413300000000000 0.026311
56.1224490000000000 0.34775800000000000 0.024450
56.2244900000000000 0.34937400000000000 0.023912
56.3265310000000000 0.36630400000000000 0.025837
56.4285710000000000 0.36671900000000000 0.025108
56.5306120000000000 0.34693500000000000 0.024632
56.6326530000000000 0.34373900000000000 0.024239
56.7346940000000000 0.33935000000000000 0.023963
56.8367350000000000 0.35855600000000000 0.025407
56.9387760000000000 0.41096500000000000 0.026446
57.0408160000000000 0.36898300000000000 0.025483
57.1428570000000000 0.37136000000000000 0.025431
57.2448980000000000 0.36009800000000000 0.025492
57.3469390000000000 0.34518600000000000 0.025011
57.4489800000000000 0.33287000000000000 0.023626
57.5510200000000000 0.37660200000000000 0.025536
57.6530610000000000 0.33064600000000000 0.023805
57.7551020000000000 0.41046100000000000 0.027254
57.8571430000000000 0.35764500000000000 0.024945
57.9591840000000000 0.38014600000000000 0.025871
58.0612240000000000 0.37633900000000000 0.025548
58.1632650000000000 0.36056200000000000 0.025714
58.2653060000000000 0.36098400000000000 0.025276
58.3673470000000000 0.38404400000000000 0.026372
58.4693880000000000 0.37117200000000000 0.025584
58.5714290000000000 0.36509100000000000 0.025216
58.6734690000000000 0.33980100000000000 0.024139
58.7755100000000000 0.31234400000000000 0.022522
58.8775510000000000 0.19335600000000000 0.017049
58.9795920000000000 0.11308300000000000 0.012522
59.0816330000000000 0.10035900000000000 0.011522
59.1836730000000000 0.15091600000000000 0.014924
59.2857140000000000 0.24230300000000000 0.020120
59.3877550000000000 0.30143400000000000 0.022216
59.4897960000000000 0.36380800000000000 0.025219
59.5918370000000000 0.36158000000000000 0.024813
59.6938780000000000 0.39087400000000000 0.026491
59.7959180000000000 0.38985400000000000 0.026614
59.8979590000000000 0.34190800000000000 0.024129
60.0000000000000000 0.37896100000000000 0.026764
