55.0000000000000000 0.37672700000000000 0.025481
55.1020410000000000 0.41580100000000000 0.027275
55.2040820000000000 0.39941700000000000 0.026777
55.3061220000000000 0.38277700000000000 0.025683
55.4081630000000000 0.37271400000000000 0.025468
55.5102040000000000 0.35261500000000000 0.025192
55.6122450000000000 0.30138900000000000 0.021890
55.7142860000000000 0.28102600000000000 0.020567
55.8163270000000000 0.30274600000000000 0.022323
55.9183670000000000 0.29516000000000000 0.021671
56.0204080000000000 0.24247800000000000 0.019560
56.1224490000000000 0.23768900000000000 0.019182
56.2244900000000000 0.16804400000000000 0.015189
56.3265310000000000 0.11077400000000000 0.012704
56.4285710000000000 0.02576400000000000 0.006335
56.5306120000000000 -0.0032180000000000 0.002948
56.6326530000000000 0.00446400000000000 0.004081
56.7346940000000000 -0.0031280000000000 0.002865
56.8367350000000000 0.00011900000000000 0.003593
56.9387760000000000 0.00313400000000000 0.003649
57.0408160000000000 -0.0009800000000000 0.003290
57.1428570000000000 0.00227200000000000 0.003747
57.2448980000000000 0.00125500000000000 0.003774
57.3469390000000000 0.00475300000000000 0.004346
57.4489800000000000 0.02165100000000000 0.005978
57.5510200000000000 0.06090500000000000 0.009099
57.6530610000000000 0.07749800000000000 0.010417
57.7551020000000000 0.10621900000000000 0.012095
57.8571430000000000 0.13022500000000000 0.013557
57.9591840000000000 0.16468600000000000 0.015383
58.0612240000000000 0.16578000000000000 0.015344
58.1632650000000000 0.18149700000000000 0.016796
58.2653060000000000 0.19998200000000000 0.017438
58.3673470000000000 0.23047300000000000 0.019011
58.4693880000000000 0.21027100000000000 0.017844
58.5714290000000000 0.25755300000000000 0.020128
58.6734690000000000 0.25214000000000000 0.019945
58.7755100000000000 0.22101000000000000 0.018125
58.8775510000000000 0.16464600000000000 0.015531
58.9795920000000000 0.07941000000000000 0.010444
59.0816330000000000 0.07007600000000000 0.009616
59.1836730000000000 0.12278200000000000 0.013326
59.2857140000000000 0.22702000000000000 0.019338
59.3877550000000000 0.24507200000000000 0.019497
59.4897960000000000 0.25895900000000000 0.020248
59.5918370000000000 0.28609700000000000 0.021295
59.6938780000000000 0.29783600000000000 0.022145
59.7959180000000000 0.29991400000000000 0.022392
59.8979590000000000 0.26812400000000000 0.020631
60.0000000000000000 0.30389700000000000 0.023162
