55.0000000000000000 0.38521400000000000 0.025867
55.1020410000000000 0.37008600000000000 0.025202
55.2040820000000000 0.35058900000000000 0.024533
55.3061220000000000 0.37223500000000000 0.025205
55.4081630000000000 0.37702200000000000 0.025666
55.5102040000000000 0.33436300000000000 0.024327
55.6122450000000000 0.33708000000000000 0.023549
55.7142860000000000 0.29820400000000000 0.021366
55.8163270000000000 0.25920200000000000 0.020229
55.9183670000000000 0.32794300000000000 0.023204
56.0204080000000000 0.32547900000000000 0.023573
56.1224490000000000 0.35538600000000000 0.024804
56.2244900000000000 0.37925200000000000 0.025264
56.3265310000000000 0.35946000000000000 0.025515
56.4285710000000000 0.32076000000000000 0.022982
56.5306120000000000 0.38806400000000000 0.026545
56.6326530000000000 0.40681000000000000 0.027140
56.7346940000000000 0.35339500000000000 0.024615
56.8367350000000000 0.36309300000000000 0.025620
56.9387760000000000 0.37765200000000000 0.024965
57.0408160000000000 0.38102300000000000 0.026038
57.1428570000000000 0.35409300000000000 0.024635
57.2448980000000000 0.36236900000000000 0.025599
57.3469390000000000 0.39381900000000000 0.027306
57.4489800000000000 0.38779100000000000 0.026158
57.5510200000000000 0.36487000000000000 0.024999
57.6530610000000000 0.37265400000000000 0.025767
57.7551020000000000 0.36823600000000000 0.025324
57.8571430000000000 0.38826000000000000 0.026358
57.9591840000000000 0.35632600000000000 0.024774
58.0612240000000000 0.33999900000000000 0.023877
58.1632650000000000 0.33168100000000000 0.024340
58.2653060000000000 0.34655000000000000 0.024601
58.3673470000000000 0.36401300000000000 0.025442
58.4693880000000000 0.36022600000000000 0.025077
58.5714290000000000 0.39985000000000000 0.026810
58.6734690000000000 0.33761000000000000 0.024036
58.7755100000000000 0.26667700000000000 0.020357
58.8775510000000000 0.19114800000000000 0.016934
58.9795920000000000 0.12829000000000000 0.013402
59.0816330000000000 0.11497900000000000 0.012381
59.1836730000000000 0.15654300000000000 0.015235
59.2857140000000000 0.24700600000000000 0.020359
59.3877550000000000 0.32853100000000000 0.023493
59.4897960000000000 0.35070200000000000 0.024611
59.5918370000000000 0.38071700000000000 0.025687
59.6938780000000000 0.36569900000000000 0.025331
59.7959180000000000 0.35987400000000000 0.025224
59.8979590000000000 0.36035400000000000 0.024985
60.0000000000000000 0.37661600000000000 0.026654
