55.0000000000000000 0.38945700000000000 0.026060
55.1020410000000000 0.36795900000000000 0.025105
55.2040820000000000 0.37554500000000000 0.025685
55.3061220000000000 0.33639300000000000 0.023562
55.4081630000000000 0.33502300000000000 0.023727
55.5102040000000000 0.30014000000000000 0.022684
55.6122450000000000 0.27724400000000000 0.020751
55.7142860000000000 0.22949000000000000 0.018116
55.8163270000000000 0.18953200000000000 0.016734
55.9183670000000000 0.17354500000000000 0.015672
56.0204080000000000 0.17829100000000000 0.016277
56.1224490000000000 0.13960800000000000 0.014063
56.2244900000000000 0.11034800000000000 0.012029
56.3265310000000000 0.08339500000000000 0.010986
56.4285710000000000 0.03752100000000000 0.007349
56.5306120000000000 0.02901800000000000 0.006792
56.6326530000000000 0.00663900000000000 0.004367
56.7346940000000000 0.00443500000000000 0.004055
56.8367350000000000 -0.0078210000000000 0.001992
56.9387760000000000 0.00414400000000000 0.003788
57.0408160000000000 -0.0020740000000000 0.003102
57.1428570000000000 0.00335100000000000 0.003901
57.2448980000000000 0.00352600000000000 0.004105
57.3469390000000000 0.00127900000000000 0.003848
57.4489800000000000 -0.0052710000000000 0.002420
57.5510200000000000 -0.0009550000000000 0.003205
57.6530610000000000 0.00674900000000000 0.004440
57.7551020000000000 -0.0053000000000000 0.002433
57.8571430000000000 0.00230100000000000 0.003796
57.9591840000000000 0.00444400000000000 0.004063
58.0612240000000000 0.00652500000000000 0.004292
58.1632650000000000 -0.0045000000000000 0.002840
58.2653060000000000 0.00233700000000000 0.003855
58.3673470000000000 -0.0032220000000000 0.002952
58.4693880000000000 -0.0009800000000000 0.003290
58.5714290000000000 -0.0042310000000000 0.002670
58.6734690000000000 -0.0020770000000000 0.003105
58.7755100000000000 0.00860800000000000 0.004529
58.8775510000000000 0.00453300000000000 0.004144
58.9795920000000000 0.00554500000000000 0.004222
59.0816330000000000 0.00741900000000000 0.004325
59.1836730000000000 0.00687000000000000 0.004520
59.2857140000000000 0.01893300000000000 0.006061
59.3877550000000000 0.03479800000000000 0.007185
59.4897960000000000 0.04926200000000000 0.008369
59.5918370000000000 0.05114200000000000 0.008381
59.6938780000000000 0.08111200000000000 0.010598
59.7959180000000000 0.07673200000000000 0.010392
59.8979590000000000 0.09125900000000000 0.011194
60.0000000000000000 0.09981700000000000 0.012210
