55.0000000000000000 0.24199400000000000 0.019151
55.1020410000000000 0.23506600000000000 0.018830
55.2040820000000000 0.19542500000000000 0.017011
55.3061220000000000 0.18986300000000000 0.016492
55.4081630000000000 0.15195300000000000 0.014657
55.5102040000000000 0.13473000000000000 0.014112
55.6122450000000000 0.08828900000000000 0.010816
55.7142860000000000 0.04760000000000000 0.007883
55.8163270000000000 0.02841800000000000 0.006650
55.9183670000000000 0.03077900000000000 0.006738
56.0204080000000000 0.01007600000000000 0.004852
56.1224490000000000 0.01319200000000000 0.005151
56.2244900000000000 0.00319900000000000 0.003724
56.3265310000000000 0.00354200000000000 0.004124
56.4285710000000000 -0.0041630000000000 0.002627
56.5306120000000000 0.00122800000000000 0.003694
56.6326530000000000 -0.0020610000000000 0.003082
56.7346940000000000 0.00335400000000000 0.003905
56.8367350000000000 -0.0032840000000000 0.003009
56.9387760000000000 -0.0009040000000000 0.003034
57.0408160000000000 -0.0020740000000000 0.003102
57.1428570000000000 -0.0009660000000000 0.003243
57.2448980000000000 0.00466100000000000 0.004262
57.3469390000000000 -0.0045100000000000 0.002846
57.4489800000000000 -0.0052710000000000 0.002420
57.5510200000000000 -0.0041540000000000 0.002621
57.6530610000000000 0.00343200000000000 0.003996
57.7551020000000000 -0.0009690000000000 0.003254
57.8571430000000000 0.00995500000000000 0.004794
57.9591840000000000 -0.0031350000000000 0.002872
58.0612240000000000 -0.0041630000000000 0.002627
58.1632650000000000 0.00012100000000000 0.003660
58.2653060000000000 -0.0009940000000000 0.003337
58.3673470000000000 0.00123000000000000 0.003698
58.4693880000000000 -0.0086420000000000 0.001587
58.5714290000000000 0.00554500000000000 0.004222
58.6734690000000000 0.00011500000000000 0.003471
58.7755100000000000 -0.0030750000000000 0.002817
58.8775510000000000 -0.0009880000000000 0.003319
58.9795920000000000 0.00011400000000000 0.003441
59.0816330000000000 -0.0009350000000000 0.003138
59.1836730000000000 0.00124300000000000 0.003740
59.2857140000000000 0.00012300000000000 0.003724
59.3877550000000000 0.00336500000000000 0.003918
59.4897960000000000 0.00448300000000000 0.004099
59.5918370000000000 -0.0020150000000000 0.003013
59.6938780000000000 0.00230400000000000 0.003800
59.7959180000000000 0.00788900000000000 0.004599
59.8979590000000000 0.01313500000000000 0.005129
60.0000000000000000 0.02240800000000000 0.006401
