55.0000000000000000 0.36611800000000000 0.024997
55.1020410000000000 0.36689600000000000 0.025056
55.2040820000000000 0.34624800000000000 0.024331
55.3061220000000000 0.36696400000000000 0.024964
55.4081630000000000 0.36517600000000000 0.025122
55.5102040000000000 0.35603800000000000 0.025354
55.6122450000000000 0.34862800000000000 0.024080
55.7142860000000000 0.33155100000000000 0.022896
55.8163270000000000 0.28532900000000000 0.021492
55.9183670000000000 0.28775700000000000 0.021321
56.0204080000000000 0.32658600000000000 0.023625
56.1224490000000000 0.35102700000000000 0.024602
56.2244900000000000 0.34731400000000000 0.023818
56.3265310000000000 0.36858600000000000 0.025944
56.4285710000000000 0.36137500000000000 0.024863
56.5306120000000000 0.36583200000000000 0.025514
56.6326530000000000 0.34265200000000000 0.024188
56.7346940000000000 0.39228900000000000 0.026401
56.8367350000000000 0.37783800000000000 0.026310
56.9387760000000000 0.36049100000000000 0.024195
57.0408160000000000 0.37883400000000000 0.025937
57.1428570000000000 0.34222200000000000 0.024085
57.2448980000000000 0.34192900000000000 0.024635
57.3469390000000000 0.37645000000000000 0.026491
57.4489800000000000 0.36840700000000000 0.025270
57.5510200000000000 0.37766900000000000 0.025585
57.6530610000000000 0.35496600000000000 0.024945
57.7551020000000000 0.39530300000000000 0.026564
57.8571430000000000 0.40684700000000000 0.027208
57.9591840000000000 0.37689700000000000 0.025722
58.0612240000000000 0.41588500000000000 0.027343
58.1632650000000000 0.35478600000000000 0.025441
58.2653060000000000 0.36209500000000000 0.025327
58.3673470000000000 0.38293200000000000 0.026321
58.4693880000000000 0.34052400000000000 0.024160
58.5714290000000000 0.35205600000000000 0.024613
58.6734690000000000 0.35623800000000000 0.024905
58.7755100000000000 0.27729700000000000 0.020865
58.8775510000000000 0.18673100000000000 0.016703
58.9795920000000000 0.12720400000000000 0.013341
59.0816330000000000 0.11080200000000000 0.012139
59.1836730000000000 0.13516100000000000 0.014039
59.2857140000000000 0.27051900000000000 0.021541
59.3877550000000000 0.32419500000000000 0.023290
59.4897960000000000 0.36053100000000000 0.025067
59.5918370000000000 0.34669600000000000 0.024129
59.6938780000000000 0.39306300000000000 0.026591
59.7959180000000000 0.35543300000000000 0.025017
59.8979590000000000 0.33865300000000000 0.023978
60.0000000000000000 0.39772700000000000 0.027648
