55.0000000000000000 0.38945700000000000 0.026060
55.1020410000000000 0.40091700000000000 0.026603
55.2040820000000000 0.35818400000000000 0.024885
55.3061220000000000 0.37223500000000000 0.025205
55.4081630000000000 0.38994400000000000 0.026256
55.5102040000000000 0.34805200000000000 0.024977
55.6122450000000000 0.35177700000000000 0.024224
55.7142860000000000 0.32245600000000000 0.022481
55.8163270000000000 0.32560700000000000 0.023403
55.9183670000000000 0.30256200000000000 0.022020
56.0204080000000000 0.35314600000000000 0.024872
56.1224490000000000 0.35429700000000000 0.024753
56.2244900000000000 0.40294900000000000 0.026327
56.3265310000000000 0.39368300000000000 0.027117
56.4285710000000000 0.36458200000000000 0.025010
56.5306120000000000 0.36583200000000000 0.025514
56.6326530000000000 0.36440000000000000 0.025196
56.7346940000000000 0.36744000000000000 0.025263
56.8367350000000000 0.39712100000000000 0.027207
56.9387760000000000 0.35443400000000000 0.023923
57.0408160000000000 0.39853600000000000 0.026841
57.1428570000000000 0.32495400000000000 0.023280
57.2448980000000000 0.33852200000000000 0.024474
57.3469390000000000 0.40192500000000000 0.027685
57.4489800000000000 0.39102100000000000 0.026305
57.5510200000000000 0.37020300000000000 0.025244
57.6530610000000000 0.33949000000000000 0.024221
57.7551020000000000 0.38880700000000000 0.026268
57.8571430000000000 0.32703100000000000 0.023516
57.9591840000000000 0.39097300000000000 0.026366
58.0612240000000000 0.39450900000000000 0.026376
58.1632650000000000 0.37789100000000000 0.026531
58.2653060000000000 0.35876400000000000 0.025172
58.3673470000000000 0.35511100000000000 0.025027
58.4693880000000000 0.39525200000000000 0.026691
58.5714290000000000 0.36834900000000000 0.025366
58.6734690000000000 0.36062100000000000 0.025108
58.7755100000000000 0.28897900000000000 0.021421
58.8775510000000000 0.21654500000000000 0.018239
58.9795920000000000 0.13589400000000000 0.013832
59.0816330000000000 0.10558100000000000 0.011833
59.1836730000000000 0.14416400000000000 0.014548
59.2857140000000000 0.23877700000000000 0.019941
59.3877550000000000 0.33720200000000000 0.023898
59.4897960000000000 0.32339800000000000 0.023334
59.5918370000000000 0.33606500000000000 0.023637
59.6938780000000000 0.37664400000000000 0.025836
59.7959180000000000 0.39429500000000000 0.026819
59.8979590000000000 0.38965100000000000 0.026332
60.0000000000000000 0.35198500000000000 0.025483
