55.0000000000000000 0.34171700000000000 0.023876
55.1020410000000000 0.29353900000000000 0.021647
55.2040820000000000 0.27246400000000000 0.020841
55.3061220000000000 0.27630500000000000 0.020747
55.4081630000000000 0.21656600000000000 0.018023
55.5102040000000000 0.15982600000000000 0.015519
55.6122450000000000 0.14077700000000000 0.013866
55.7142860000000000 0.10418800000000000 0.011553
55.8163270000000000 0.06216500000000000 0.009292
55.9183670000000000 0.04981400000000000 0.008257
56.0204080000000000 0.02778300000000000 0.006662
56.1224490000000000 0.01537100000000000 0.005388
56.2244900000000000 0.01453200000000000 0.005093
56.3265310000000000 -0.0010210000000000 0.003428
56.4285710000000000 0.00866300000000000 0.004558
56.5306120000000000 -0.0054410000000000 0.002498
56.6326530000000000 0.00555100000000000 0.004226
56.7346940000000000 -0.0009670000000000 0.003247
56.8367350000000000 -0.0010150000000000 0.003409
56.9387760000000000 -0.0019130000000000 0.002861
57.0408160000000000 0.00668200000000000 0.004396
57.1428570000000000 -0.0009660000000000 0.003243
57.2448980000000000 -0.0010160000000000 0.003413
57.3469390000000000 0.00475300000000000 0.004346
57.4489800000000000 0.00334400000000000 0.003893
57.5510200000000000 0.00117800000000000 0.003544
57.6530610000000000 -0.0043060000000000 0.002717
57.7551020000000000 0.00119600000000000 0.003598
57.8571430000000000 0.00011500000000000 0.003464
57.9591840000000000 0.00011400000000000 0.003430
58.0612240000000000 -0.0009570000000000 0.003212
58.1632650000000000 0.00012100000000000 0.003660
58.2653060000000000 -0.0032150000000000 0.002945
58.3673470000000000 0.00123000000000000 0.003698
58.4693880000000000 0.00887100000000000 0.004668
58.5714290000000000 0.00228600000000000 0.003771
58.6734690000000000 0.01326400000000000 0.005180
58.7755100000000000 0.02241400000000000 0.005997
58.8775510000000000 0.01226200000000000 0.005097
58.9795920000000000 0.01314900000000000 0.005135
59.0816330000000000 0.00533100000000000 0.004058
59.1836730000000000 0.00912100000000000 0.004800
59.2857140000000000 0.03069000000000000 0.007188
59.3877550000000000 0.04455300000000000 0.007972
59.4897960000000000 0.03506400000000000 0.007240
59.5918370000000000 0.06815300000000000 0.009581
59.6938780000000000 0.06688300000000000 0.009648
59.7959180000000000 0.06784900000000000 0.009791
59.8979590000000000 0.09559900000000000 0.011463
60.0000000000000000 0.08926100000000000 0.011536
