55.0000000000000000 0.43401400000000000 0.028067
55.1020410000000000 0.37965400000000000 0.025639
55.2040820000000000 0.37229000000000000 0.025535
55.3061220000000000 0.35009800000000000 0.024193
55.4081630000000000 0.38563700000000000 0.026060
55.5102040000000000 0.27276200000000000 0.021349
55.6122450000000000 0.25834900000000000 0.019848
55.7142860000000000 0.23858500000000000 0.018555
55.8163270000000000 0.20259500000000000 0.017406
55.9183670000000000 0.19681000000000000 0.016872
56.0204080000000000 0.16833100000000000 0.015746
56.1224490000000000 0.11454200000000000 0.012629
56.2244900000000000 0.08871200000000000 0.010736
56.3265310000000000 0.04575000000000000 0.008309
56.4285710000000000 0.02042000000000000 0.005829
56.5306120000000000 0.00122800000000000 0.003694
56.6326530000000000 -0.0031480000000000 0.002884
56.7346940000000000 -0.0031280000000000 0.002865
56.8367350000000000 0.00465600000000000 0.004257
56.9387760000000000 0.00212500000000000 0.003505
57.0408160000000000 0.00230400000000000 0.003800
57.1428570000000000 0.00443000000000000 0.004050
57.2448980000000000 0.00352600000000000 0.004105
57.3469390000000000 0.00127900000000000 0.003848
57.4489800000000000 -0.0020410000000000 0.003052
57.5510200000000000 0.00331200000000000 0.003855
57.6530610000000000 0.00232700000000000 0.003838
57.7551020000000000 -0.0031350000000000 0.002872
57.8571430000000000 -0.0064450000000000 0.002204
57.9591840000000000 0.00336200000000000 0.003914
58.0612240000000000 0.00652500000000000 0.004292
58.1632650000000000 -0.0021890000000000 0.003274
58.2653060000000000 0.00788900000000000 0.004599
58.3673470000000000 0.02905000000000000 0.006800
58.4693880000000000 0.03185700000000000 0.006976
58.5714290000000000 0.03487400000000000 0.007201
58.6734690000000000 0.06038200000000000 0.009199
58.7755100000000000 0.04577800000000000 0.007972
58.8775510000000000 0.03655600000000000 0.007414
58.9795920000000000 0.01749400000000000 0.005598
59.0816330000000000 0.03352600000000000 0.006919
59.1836730000000000 0.04738300000000000 0.008370
59.2857140000000000 0.07301200000000000 0.010465
59.3877550000000000 0.12367700000000000 0.013124
59.4897960000000000 0.10714700000000000 0.012205
59.5918370000000000 0.17446700000000000 0.015761
59.6938780000000000 0.16320500000000000 0.015386
59.7959180000000000 0.16889200000000000 0.015802
59.8979590000000000 0.16287300000000000 0.015303
60.0000000000000000 0.16198000000000000 0.015855
