55.0000000000000000 0.36187400000000000 0.024803
55.1020410000000000 0.32224400000000000 0.022995
55.2040820000000000 0.40701200000000000 0.027123
55.3061220000000000 0.36169400000000000 0.024724
55.4081630000000000 0.35763800000000000 0.024775
55.5102040000000000 0.36744500000000000 0.025891
55.6122450000000000 0.29404000000000000 0.021545
55.7142860000000000 0.28304700000000000 0.020661
55.8163270000000000 0.30818900000000000 0.022581
55.9183670000000000 0.32371300000000000 0.023008
56.0204080000000000 0.31330500000000000 0.022996
56.1224490000000000 0.38917000000000000 0.026361
56.2244900000000000 0.37513100000000000 0.025079
56.3265310000000000 0.39596400000000000 0.027223
56.4285710000000000 0.38916500000000000 0.026133
56.5306120000000000 0.34582300000000000 0.024580
56.6326530000000000 0.35896300000000000 0.024945
56.7346940000000000 0.37608300000000000 0.025660
56.8367350000000000 0.38918100000000000 0.026839
56.9387760000000000 0.38169000000000000 0.025145
57.0408160000000000 0.35475300000000000 0.024823
57.1428570000000000 0.36812300000000000 0.025282
57.2448980000000000 0.35896300000000000 0.025439
57.3469390000000000 0.39266100000000000 0.027252
57.4489800000000000 0.39640600000000000 0.026550
57.5510200000000000 0.38193500000000000 0.025779
57.6530610000000000 0.33949000000000000 0.024221
57.7551020000000000 0.36931800000000000 0.025374
57.8571430000000000 0.38388600000000000 0.026157
57.9591840000000000 0.33575400000000000 0.023819
58.0612240000000000 0.35603100000000000 0.024617
58.1632650000000000 0.38135700000000000 0.026694
58.2653060000000000 0.36209500000000000 0.025327
58.3673470000000000 0.35288500000000000 0.024923
58.4693880000000000 0.40510300000000000 0.027142
58.5714290000000000 0.33250300000000000 0.023702
58.6734690000000000 0.35075900000000000 0.024650
58.7755100000000000 0.27729700000000000 0.020865
58.8775510000000000 0.17458500000000000 0.016063
58.9795920000000000 0.13480800000000000 0.013771
59.0816330000000000 0.10766900000000000 0.011956
59.1836730000000000 0.15879300000000000 0.015358
59.2857140000000000 0.23642500000000000 0.019821
59.3877550000000000 0.34045400000000000 0.024050
59.4897960000000000 0.31356800000000000 0.022870
59.5918370000000000 0.34776000000000000 0.024178
59.6938780000000000 0.36898300000000000 0.025483
59.7959180000000000 0.36209500000000000 0.025327
59.8979590000000000 0.36143900000000000 0.025035
60.0000000000000000 0.35785000000000000 0.025763
