55.0000000000000000 0.42764900000000000 0.027781
55.1020410000000000 0.38497000000000000 0.025880
55.2040820000000000 0.37554500000000000 0.025685
55.3061220000000000 0.34798900000000000 0.024096
55.4081630000000000 0.33502300000000000 0.023727
55.5102040000000000 0.29215500000000000 0.022297
55.6122450000000000 0.29089100000000000 0.021397
55.7142860000000000 0.22241700000000000 0.017772
55.8163270000000000 0.18191100000000000 0.016336
55.9183670000000000 0.18517700000000000 0.016277
56.0204080000000000 0.14730400000000000 0.014601
56.1224490000000000 0.10037500000000000 0.011782
56.2244900000000000 0.11550000000000000 0.012326
56.3265310000000000 0.07883200000000000 0.010685
56.4285710000000000 0.04286500000000000 0.007776
56.5306120000000000 0.01901400000000000 0.005842
56.6326530000000000 0.00337600000000000 0.003931
56.7346940000000000 -0.0031280000000000 0.002865
56.8367350000000000 0.00692500000000000 0.004556
56.9387760000000000 -0.0029230000000000 0.002677
57.0408160000000000 0.00011500000000000 0.003467
57.1428570000000000 0.00443000000000000 0.004050
57.2448980000000000 0.00011900000000000 0.003597
57.3469390000000000 -0.0010360000000000 0.003480
57.4489800000000000 0.00226700000000000 0.003739
57.5510200000000000 0.00437800000000000 0.004003
57.6530610000000000 0.00232700000000000 0.003838
57.7551020000000000 0.00119600000000000 0.003598
57.8571430000000000 -0.0020720000000000 0.003099
57.9591840000000000 0.00011400000000000 0.003430
58.0612240000000000 -0.0030940000000000 0.002835
58.1632650000000000 0.00936300000000000 0.004927
58.2653060000000000 0.00344800000000000 0.004014
58.3673470000000000 0.00679400000000000 0.004469
58.4693880000000000 -0.0031690000000000 0.002903
58.5714290000000000 0.00337300000000000 0.003927
58.6734690000000000 0.00778500000000000 0.004539
58.7755100000000000 0.00223500000000000 0.003687
58.8775510000000000 0.00895000000000000 0.004709
58.9795920000000000 0.00771800000000000 0.004499
59.0816330000000000 0.00428700000000000 0.003919
59.1836730000000000 0.01699800000000000 0.005684
59.2857140000000000 0.02363600000000000 0.006531
59.3877550000000000 0.03588200000000000 0.007275
59.4897960000000000 0.03834100000000000 0.007512
59.5918370000000000 0.05752100000000000 0.008843
59.6938780000000000 0.06141000000000000 0.009267
59.7959180000000000 0.07673200000000000 0.010392
59.8979590000000000 0.08257900000000000 0.010643
60.0000000000000000 0.09043400000000000 0.011612
