55.0000000000000000 0.39794400000000000 0.026444
55.1020410000000000 0.32968600000000000 0.023341
55.2040820000000000 0.37663000000000000 0.025735
55.3061220000000000 0.35431400000000000 0.024386
55.4081630000000000 0.35763800000000000 0.024775
55.5102040000000000 0.37657100000000000 0.026319
55.6122450000000000 0.33918000000000000 0.023645
55.7142860000000000 0.31336200000000000 0.022064
55.8163270000000000 0.27879700000000000 0.021178
55.9183670000000000 0.31736800000000000 0.022713
56.0204080000000000 0.34871900000000000 0.024666
56.1224490000000000 0.36192500000000000 0.025107
56.2244900000000000 0.35967700000000000 0.024380
56.3265310000000000 0.34348900000000000 0.024760
56.4285710000000000 0.34106700000000000 0.023926
56.5306120000000000 0.35360400000000000 0.024944
56.6326530000000000 0.35896300000000000 0.024945
56.7346940000000000 0.38688700000000000 0.026154
56.8367350000000000 0.38237600000000000 0.026522
56.9387760000000000 0.37765200000000000 0.024965
57.0408160000000000 0.36351000000000000 0.025230
57.1428570000000000 0.37351900000000000 0.025530
57.2448980000000000 0.35214900000000000 0.025118
57.3469390000000000 0.38224000000000000 0.026764
57.4489800000000000 0.40609800000000000 0.026991
57.5510200000000000 0.37340300000000000 0.025390
57.6530610000000000 0.35938800000000000 0.025151
57.7551020000000000 0.34766400000000000 0.024373
57.8571430000000000 0.37185900000000000 0.025603
57.9591840000000000 0.41587500000000000 0.027499
58.0612240000000000 0.36351300000000000 0.024961
58.1632650000000000 0.37904600000000000 0.026586
58.2653060000000000 0.35987400000000000 0.025224
58.3673470000000000 0.39739800000000000 0.026988
58.4693880000000000 0.37555000000000000 0.025786
58.5714290000000000 0.36943600000000000 0.025416
58.6734690000000000 0.38253600000000000 0.026120
58.7755100000000000 0.27835900000000000 0.020916
58.8775510000000000 0.19887800000000000 0.017335
58.9795920000000000 0.11742800000000000 0.012777
59.0816330000000000 0.11915600000000000 0.012621
59.1836730000000000 0.13628600000000000 0.014103
59.2857140000000000 0.28345100000000000 0.022183
59.3877550000000000 0.30360200000000000 0.022319
59.4897960000000000 0.33978000000000000 0.024102
59.5918370000000000 0.40410600000000000 0.026748
59.6938780000000000 0.35037500000000000 0.024620
59.7959180000000000 0.36542600000000000 0.025483
59.8979590000000000 0.37554500000000000 0.025685
60.0000000000000000 0.41532000000000000 0.028472
