55.0000000000000000 0.34490000000000000 0.024023
55.1020410000000000 0.41367400000000000 0.027179
55.2040820000000000 0.38748100000000000 0.026232
55.3061220000000000 0.41861900000000000 0.027300
55.4081630000000000 0.40717400000000000 0.027040
55.5102040000000000 0.36174100000000000 0.025623
55.6122450000000000 0.35597600000000000 0.024416
55.7142860000000000 0.33559300000000000 0.023080
55.8163270000000000 0.31254400000000000 0.022787
55.9183670000000000 0.34697800000000000 0.024084
56.0204080000000000 0.37970600000000000 0.026106
56.1224490000000000 0.35211700000000000 0.024652
56.2244900000000000 0.35143500000000000 0.024006
56.3265310000000000 0.31611100000000000 0.023454
56.4285710000000000 0.30259000000000000 0.022129
56.5306120000000000 0.27468100000000000 0.021185
56.6326530000000000 0.21324900000000000 0.017939
56.7346940000000000 0.15352600000000000 0.014766
56.8367350000000000 0.09540000000000000 0.011721
56.9387760000000000 0.04654200000000000 0.007800
57.0408160000000000 0.00558800000000000 0.004254
57.1428570000000000 0.00011300000000000 0.003419
57.2448980000000000 -0.0044230000000000 0.002791
57.3469390000000000 -0.0010360000000000 0.003480
57.4489800000000000 -0.0009640000000000 0.003236
57.5510200000000000 0.00331200000000000 0.003855
57.6530610000000000 -0.0020950000000000 0.003133
57.7551020000000000 0.00119600000000000 0.003598
57.8571430000000000 -0.0020720000000000 0.003099
57.9591840000000000 0.00227900000000000 0.003759
58.0612240000000000 0.00545600000000000 0.004154
58.1632650000000000 0.00012100000000000 0.003660
58.2653060000000000 0.01899300000000000 0.005836
58.3673470000000000 0.03684000000000000 0.007472
58.4693880000000000 0.05703200000000000 0.008954
58.5714290000000000 0.07397800000000000 0.010087
58.6734690000000000 0.07462700000000000 0.010178
58.7755100000000000 0.10418900000000000 0.011854
58.8775510000000000 0.08403700000000000 0.010838
58.9795920000000000 0.03704600000000000 0.007381
59.0816330000000000 0.04605700000000000 0.007916
59.1836730000000000 0.07664200000000000 0.010461
59.2857140000000000 0.12238900000000000 0.013604
59.3877550000000000 0.18979400000000000 0.016712
59.4897960000000000 0.18796800000000000 0.016679
59.5918370000000000 0.21805600000000000 0.017987
59.6938780000000000 0.24091900000000000 0.019382
59.7959180000000000 0.23218200000000000 0.019077
59.8979590000000000 0.22472200000000000 0.018497
60.0000000000000000 0.25932800000000000 0.020958
