55.0000000000000000 0.42234500000000000 0.027543
55.1020410000000000 0.47640000000000000 0.029981
55.2040820000000000 0.41026700000000000 0.027271
55.3061220000000000 0.46184000000000000 0.029226
55.4081630000000000 0.44486500000000000 0.028740
55.5102040000000000 0.40166800000000000 0.027488
55.6122450000000000 0.37382200000000000 0.025229
55.7142860000000000 0.31942500000000000 0.022342
55.8163270000000000 0.29294900000000000 0.021857
55.9183670000000000 0.36812900000000000 0.025053
56.0204080000000000 0.38855900000000000 0.026515
56.1224490000000000 0.36083500000000000 0.025056
56.2244900000000000 0.39367600000000000 0.025912
56.3265310000000000 0.32295500000000000 0.023782
56.4285710000000000 0.32503500000000000 0.023181
56.5306120000000000 0.30914100000000000 0.022845
56.6326530000000000 0.29480500000000000 0.021934
56.7346940000000000 0.23563500000000000 0.019002
56.8367350000000000 0.19635200000000000 0.017430
56.9387760000000000 0.17777500000000000 0.015539
57.0408160000000000 0.13474600000000000 0.013821
57.1428570000000000 0.07889500000000000 0.010374
57.2448980000000000 0.03418700000000000 0.007339
57.3469390000000000 0.03138600000000000 0.007182
57.4489800000000000 -0.0009640000000000 0.003236
57.5510200000000000 -0.0041540000000000 0.002621
57.6530610000000000 0.00232700000000000 0.003838
57.7551020000000000 0.00227900000000000 0.003759
57.8571430000000000 -0.0009790000000000 0.003286
57.9591840000000000 -0.0009690000000000 0.003254
58.0612240000000000 -0.0041630000000000 0.002627
58.1632650000000000 0.00012100000000000 0.003660
58.2653060000000000 -0.0032150000000000 0.002945
58.3673470000000000 0.00234200000000000 0.003864
58.4693880000000000 0.00011500000000000 0.003467
58.5714290000000000 0.00120000000000000 0.003610
58.6734690000000000 -0.0020770000000000 0.003105
58.7755100000000000 0.00011100000000000 0.003364
58.8775510000000000 0.00011600000000000 0.003498
58.9795920000000000 0.00445900000000000 0.004077
59.0816330000000000 -0.0030230000000000 0.002770
59.1836730000000000 0.01474800000000000 0.005444
59.2857140000000000 0.01775800000000000 0.005939
59.3877550000000000 0.03046300000000000 0.006813
59.4897960000000000 0.03724800000000000 0.007422
59.5918370000000000 0.05964800000000000 0.008994
59.6938780000000000 0.07235600000000000 0.010020
59.7959180000000000 0.07562100000000000 0.010318
59.8979590000000000 0.09017400000000000 0.011126
60.0000000000000000 0.10802700000000000 0.012720
