55.0000000000000000 0.12847900000000000 0.013254
55.1020410000000000 0.09898400000000000 0.011547
55.2040820000000000 0.08800400000000000 0.010989
55.3061220000000000 0.07390300000000000 0.009920
55.4081630000000000 0.03995800000000000 0.007580
55.5102040000000000 0.01723100000000000 0.005762
55.6122450000000000 0.00850800000000000 0.004477
55.7142860000000000 0.00010600000000000 0.003201
55.8163270000000000 -0.0042400000000000 0.002676
55.9183670000000000 -0.0020040000000000 0.002997
56.0204080000000000 0.00454300000000000 0.004153
56.1224490000000000 0.00011400000000000 0.003452
56.2244900000000000 0.00216900000000000 0.003577
56.3265310000000000 -0.0021620000000000 0.003233
56.4285710000000000 -0.0063010000000000 0.002155
56.5306120000000000 -0.0021070000000000 0.003150
56.6326530000000000 0.00011400000000000 0.003445
56.7346940000000000 -0.0063690000000000 0.002178
56.8367350000000000 0.00011900000000000 0.003593
56.9387760000000000 0.00313400000000000 0.003649
57.0408160000000000 0.00120900000000000 0.003637
57.1428570000000000 0.00119200000000000 0.003586
57.2448980000000000 0.00693300000000000 0.004561
57.3469390000000000 0.00359500000000000 0.004186
57.4489800000000000 0.00119000000000000 0.003579
57.5510200000000000 0.00011200000000000 0.003379
57.6530610000000000 -0.0020950000000000 0.003133
57.7551020000000000 0.00119600000000000 0.003598
57.8571430000000000 0.00448800000000000 0.004103
57.9591840000000000 0.00011400000000000 0.003430
58.0612240000000000 -0.0030940000000000 0.002835
58.1632650000000000 0.00589700000000000 0.004490
58.2653060000000000 0.01122000000000000 0.004998
58.3673470000000000 0.00345500000000000 0.004023
58.4693880000000000 -0.0031690000000000 0.002903
58.5714290000000000 0.00011400000000000 0.003441
58.6734690000000000 0.00230600000000000 0.003804
58.7755100000000000 -0.0009510000000000 0.003192
58.8775510000000000 -0.0054050000000000 0.002482
58.9795920000000000 -0.0031450000000000 0.002881
59.0816330000000000 0.00637500000000000 0.004194
59.1836730000000000 -0.0021330000000000 0.003189
59.2857140000000000 0.00952800000000000 0.005015
59.3877550000000000 0.01854000000000000 0.005696
59.4897960000000000 0.02086600000000000 0.005957
59.5918370000000000 0.02456400000000000 0.006203
59.6938780000000000 0.02747900000000000 0.006589
59.7959180000000000 0.03564800000000000 0.007363
59.8979590000000000 0.03049600000000000 0.006821
60.0000000000000000 0.04703800000000000 0.008547
