55.0000000000000000 0.27169900000000000 0.020588
55.1020410000000000 0.21486700000000000 0.017828
55.2040820000000000 0.20736100000000000 0.017622
55.3061220000000000 0.16140000000000000 0.015008
55.4081630000000000 0.13903100000000000 0.013947
55.5102040000000000 0.10621100000000000 0.012427
55.6122450000000000 0.07044300000000000 0.009668
55.7142860000000000 0.05265200000000000 0.008252
55.8163270000000000 0.03277200000000000 0.007032
55.9183670000000000 0.00857100000000000 0.004510
56.0204080000000000 0.01450300000000000 0.005353
56.1224490000000000 0.00556300000000000 0.004236
56.2244900000000000 -0.0050430000000000 0.002315
56.3265310000000000 0.00240100000000000 0.003961
56.4285710000000000 -0.0052320000000000 0.002402
56.5306120000000000 -0.0054410000000000 0.002498
56.6326530000000000 -0.0009730000000000 0.003268
56.7346940000000000 0.00335400000000000 0.003905
56.8367350000000000 0.00238800000000000 0.003938
56.9387760000000000 -0.0009040000000000 0.003034
57.0408160000000000 -0.0020740000000000 0.003102
57.1428570000000000 0.00443000000000000 0.004050
57.2448980000000000 -0.0044230000000000 0.002791
57.3469390000000000 0.00012100000000000 0.003668
57.4489800000000000 0.00226700000000000 0.003739
57.5510200000000000 -0.0009550000000000 0.003205
57.6530610000000000 0.00453800000000000 0.004149
57.7551020000000000 0.00011400000000000 0.003430
57.8571430000000000 0.00230100000000000 0.003796
57.9591840000000000 0.00227900000000000 0.003759
58.0612240000000000 -0.0020260000000000 0.003029
58.1632650000000000 -0.0079660000000000 0.002029
58.2653060000000000 -0.0032150000000000 0.002945
58.3673470000000000 0.00568100000000000 0.004325
58.4693880000000000 -0.0020740000000000 0.003102
58.5714290000000000 0.00337300000000000 0.003927
58.6734690000000000 0.00449800000000000 0.004112
58.7755100000000000 0.00117300000000000 0.003529
58.8775510000000000 0.00895000000000000 0.004709
58.9795920000000000 0.00989000000000000 0.004762
59.0816330000000000 0.00428700000000000 0.003919
59.1836730000000000 0.00687000000000000 0.004520
59.2857140000000000 0.01423100000000000 0.005559
59.3877550000000000 0.02829500000000000 0.006621
59.4897960000000000 0.02414200000000000 0.006272
59.5918370000000000 0.02988000000000000 0.006681
59.6938780000000000 0.03076300000000000 0.006881
59.7959180000000000 0.03564800000000000 0.007363
59.8979590000000000 0.05436700000000000 0.008717
60.0000000000000000 0.06111200000000000 0.009610
