55.0000000000000000 0.06694700000000000 0.009488
55.1020410000000000 0.04582700000000000 0.007981
55.2040820000000000 0.02941000000000000 0.006725
55.3061220000000000 0.00854400000000000 0.004495
55.4081630000000000 0.01088200000000000 0.004847
55.5102040000000000 -0.0010210000000000 0.003428
55.6122450000000000 0.00011000000000000 0.003326
55.7142860000000000 0.00414800000000000 0.003792
55.8163270000000000 -0.0020630000000000 0.003085
55.9183670000000000 -0.0030620000000000 0.002805
56.0204080000000000 -0.0043110000000000 0.002720
56.1224490000000000 -0.0009750000000000 0.003275
56.2244900000000000 -0.0009220000000000 0.003096
56.3265310000000000 0.00012000000000000 0.003614
56.4285710000000000 -0.0041630000000000 0.002627
56.5306120000000000 -0.0021070000000000 0.003150
56.6326530000000000 -0.0074980000000000 0.001909
56.7346940000000000 0.00011300000000000 0.003423
56.8367350000000000 0.00011900000000000 0.003593
56.9387760000000000 -0.0039320000000000 0.002481
57.0408160000000000 -0.0009800000000000 0.003290
57.1428570000000000 0.00011300000000000 0.003419
57.2448980000000000 0.00011900000000000 0.003597
57.3469390000000000 -0.0021940000000000 0.003282
57.4489800000000000 -0.0020410000000000 0.003052
57.5510200000000000 0.00544500000000000 0.004145
57.6530610000000000 0.00011600000000000 0.003502
57.7551020000000000 0.00011400000000000 0.003430
57.8571430000000000 -0.0020720000000000 0.003099
57.9591840000000000 -0.0031350000000000 0.002872
58.0612240000000000 0.00011200000000000 0.003386
58.1632650000000000 0.00589700000000000 0.004490
58.2653060000000000 0.02565500000000000 0.006481
58.3673470000000000 0.01903500000000000 0.005849
58.4693880000000000 0.03076300000000000 0.006881
58.5714290000000000 0.04356400000000000 0.007905
58.6734690000000000 0.03737100000000000 0.007447
58.7755100000000000 0.03834400000000000 0.007388
58.8775510000000000 0.02882600000000000 0.006747
58.9795920000000000 0.01858000000000000 0.005708
59.0816330000000000 0.01681800000000000 0.005380
59.1836730000000000 0.02150000000000000 0.006140
59.2857140000000000 0.04950000000000000 0.008751
59.3877550000000000 0.07056600000000000 0.009846
59.4897960000000000 0.07547400000000000 0.010216
59.5918370000000000 0.10323600000000000 0.011803
59.6938780000000000 0.09424700000000000 0.011432
59.7959180000000000 0.08894600000000000 0.011184
59.8979590000000000 0.10753500000000000 0.012187
60.0000000000000000 0.12796600000000000 0.013917
