55.0000000000000000 0.35869100000000000 0.024657
55.1020410000000000 0.36583300000000000 0.025008
55.2040820000000000 0.35058900000000000 0.024533
55.3061220000000000 0.35009800000000000 0.024193
55.4081630000000000 0.36409900000000000 0.025072
55.5102040000000000 0.38797900000000000 0.026851
55.6122450000000000 0.34652800000000000 0.023983
55.7142860000000000 0.27496300000000000 0.020283
55.8163270000000000 0.26355700000000000 0.020441
55.9183670000000000 0.31948300000000000 0.022811
56.0204080000000000 0.33986600000000000 0.024251
56.1224490000000000 0.38481100000000000 0.026161
56.2244900000000000 0.40191900000000000 0.026281
56.3265310000000000 0.35375600000000000 0.025246
56.4285710000000000 0.36565000000000000 0.025059
56.5306120000000000 0.36138600000000000 0.025307
56.6326530000000000 0.34700200000000000 0.024390
56.7346940000000000 0.38472600000000000 0.026056
56.8367350000000000 0.34834700000000000 0.024926
56.9387760000000000 0.36654800000000000 0.024468
57.0408160000000000 0.37007700000000000 0.025533
57.1428570000000000 0.37243900000000000 0.025480
57.2448980000000000 0.34874200000000000 0.024957
57.3469390000000000 0.34750200000000000 0.025121
57.4489800000000000 0.37594500000000000 0.025616
57.5510200000000000 0.38086900000000000 0.025731
57.6530610000000000 0.33506800000000000 0.024013
57.7551020000000000 0.36823600000000000 0.025324
57.8571430000000000 0.34780500000000000 0.024488
57.9591840000000000 0.37148400000000000 0.025473
58.0612240000000000 0.35282400000000000 0.024469
58.1632650000000000 0.35247500000000000 0.025331
58.2653060000000000 0.32878400000000000 0.023765
58.3673470000000000 0.38515700000000000 0.026424
58.4693880000000000 0.33942900000000000 0.024109
58.5714290000000000 0.35531500000000000 0.024764
58.6734690000000000 0.33651400000000000 0.023985
58.7755100000000000 0.28685500000000000 0.021320
58.8775510000000000 0.20439900000000000 0.017619
58.9795920000000000 0.12285900000000000 0.013092
59.0816330000000000 0.09827100000000000 0.011397
59.1836730000000000 0.15766800000000000 0.015297
59.2857140000000000 0.24465500000000000 0.020240
59.3877550000000000 0.32094400000000000 0.023137
59.4897960000000000 0.36926900000000000 0.025471
59.5918370000000000 0.38497000000000000 0.025880
59.6938780000000000 0.36460400000000000 0.025280
59.7959180000000000 0.34543900000000000 0.024549
59.8979590000000000 0.34624800000000000 0.024331
60.0000000000000000 0.38248000000000000 0.026931
