55.0000000000000000 0.37460500000000000 0.025384
55.1020410000000000 0.39241200000000000 0.026218
55.2040820000000000 0.36686500000000000 0.025285
55.3061220000000000 0.33955600000000000 0.023708
55.4081630000000000 0.36948400000000000 0.025320
55.5102040000000000 0.38569700000000000 0.026745
55.6122450000000000 0.31713500000000000 0.022626
55.7142860000000000 0.30527800000000000 0.021692
55.8163270000000000 0.28532900000000000 0.021492
55.9183670000000000 0.30044700000000000 0.021920
56.0204080000000000 0.34539900000000000 0.024510
56.1224490000000000 0.32160300000000000 0.023226
56.2244900000000000 0.36276800000000000 0.024520
56.3265310000000000 0.34919300000000000 0.025031
56.4285710000000000 0.36778800000000000 0.025157
56.5306120000000000 0.34693500000000000 0.024632
56.6326530000000000 0.38397400000000000 0.026097
56.7346940000000000 0.36960100000000000 0.025362
56.8367350000000000 0.39145000000000000 0.026944
56.9387760000000000 0.36856700000000000 0.024558
57.0408160000000000 0.38102300000000000 0.026038
57.1428570000000000 0.34653900000000000 0.024285
57.2448980000000000 0.32489500000000000 0.023825
57.3469390000000000 0.37645000000000000 0.026491
57.4489800000000000 0.37271400000000000 0.025468
57.5510200000000000 0.37873500000000000 0.025633
57.6530610000000000 0.33506800000000000 0.024013
57.7551020000000000 0.35199500000000000 0.024574
57.8571430000000000 0.34999200000000000 0.024590
57.9591840000000000 0.38989000000000000 0.026317
58.0612240000000000 0.35603100000000000 0.024617
58.1632650000000000 0.38020100000000000 0.026640
58.2653060000000000 0.35876400000000000 0.025172
58.3673470000000000 0.31282300000000000 0.023032
58.4693880000000000 0.39196800000000000 0.026541
58.5714290000000000 0.35748700000000000 0.024865
58.6734690000000000 0.35075900000000000 0.024650
58.7755100000000000 0.32190200000000000 0.022968
58.8775510000000000 0.22206700000000000 0.018518
58.9795920000000000 0.12068700000000000 0.012966
59.0816330000000000 0.08991700000000000 0.010887
59.1836730000000000 0.14754000000000000 0.014737
59.2857140000000000 0.23877700000000000 0.019941
59.3877550000000000 0.29709800000000000 0.022010
59.4897960000000000 0.33104300000000000 0.023693
59.5918370000000000 0.36902200000000000 0.025153
59.6938780000000000 0.37883400000000000 0.025937
59.7959180000000000 0.38541200000000000 0.026409
59.8979590000000000 0.35818400000000000 0.024885
60.0000000000000000 0.38717100000000000 0.027152
