55.0000000000000000 0.43401400000000000 0.028067
55.1020410000000000 0.41899000000000000 0.027418
55.2040820000000000 0.42762800000000000 0.028058
55.3061220000000000 0.42494400000000000 0.027583
55.4081630000000000 0.42871200000000000 0.028013
55.5102040000000000 0.41878000000000000 0.028280
55.6122450000000000 0.34023000000000000 0.023694
55.7142860000000000 0.35984500000000000 0.024177
55.8163270000000000 0.30165800000000000 0.022272
55.9183670000000000 0.37553100000000000 0.025390
56.0204080000000000 0.37970600000000000 0.026106
56.1224490000000000 0.37500300000000000 0.025710
56.2244900000000000 0.37822200000000000 0.025218
56.3265310000000000 0.30698500000000000 0.023015
56.4285710000000000 0.31755300000000000 0.022832
56.5306120000000000 0.30135900000000000 0.022473
56.6326530000000000 0.26870700000000000 0.020681
56.7346940000000000 0.21402700000000000 0.017923
56.8367350000000000 0.16912900000000000 0.015982
56.9387760000000000 0.12528200000000000 0.012749
57.0408160000000000 0.08986900000000000 0.011158
57.1428570000000000 0.04004400000000000 0.007596
57.2448980000000000 0.01261100000000000 0.005242
57.3469390000000000 0.00127900000000000 0.003848
57.4489800000000000 -0.0031180000000000 0.002856
57.5510200000000000 -0.0020210000000000 0.003023
57.6530610000000000 -0.0020950000000000 0.003133
57.7551020000000000 0.00119600000000000 0.003598
57.8571430000000000 0.00120800000000000 0.003633
57.9591840000000000 -0.0009690000000000 0.003254
58.0612240000000000 -0.0041630000000000 0.002627
58.1632650000000000 0.00358700000000000 0.004176
58.2653060000000000 0.00122700000000000 0.003690
58.3673470000000000 -0.0009960000000000 0.003344
58.4693880000000000 0.00011500000000000 0.003467
58.5714290000000000 -0.0009720000000000 0.003264
58.6734690000000000 0.00230600000000000 0.003804
58.7755100000000000 0.01710400000000000 0.005472
58.8775510000000000 0.01778400000000000 0.005691
58.9795920000000000 0.01532100000000000 0.005370
59.0816330000000000 0.01577400000000000 0.005272
59.1836730000000000 0.02712700000000000 0.006673
59.2857140000000000 0.05890500000000000 0.009461
59.3877550000000000 0.08682500000000000 0.010908
59.4897960000000000 0.08748800000000000 0.010995
59.5918370000000000 0.11174200000000000 0.012307
59.6938780000000000 0.08986900000000000 0.011158
59.7959180000000000 0.13669100000000000 0.014031
59.8979590000000000 0.14117200000000000 0.014119
60.0000000000000000 0.13969500000000000 0.014598
