55.0000000000000000 0.26321200000000000 0.020180
55.1020410000000000 0.22549800000000000 0.018358
55.2040820000000000 0.18131900000000000 0.016279
55.3061220000000000 0.19302500000000000 0.016654
55.4081630000000000 0.14333800000000000 0.014185
55.5102040000000000 0.13815200000000000 0.014307
55.6122450000000000 0.10403600000000000 0.011773
55.7142860000000000 0.08599900000000000 0.010460
55.8163270000000000 0.04692400000000000 0.008176
55.9183670000000000 0.02549100000000000 0.006267
56.0204080000000000 0.03110300000000000 0.006958
56.1224490000000000 0.00774300000000000 0.004514
56.2244900000000000 0.00526000000000000 0.004004
56.3265310000000000 0.00582300000000000 0.004434
56.4285710000000000 -0.0030940000000000 0.002835
56.5306120000000000 0.00678600000000000 0.004464
56.6326530000000000 0.00011400000000000 0.003445
56.7346940000000000 0.00551500000000000 0.004199
56.8367350000000000 -0.0010150000000000 0.003409
56.9387760000000000 -0.0009040000000000 0.003034
57.0408160000000000 -0.0020740000000000 0.003102
57.1428570000000000 -0.0031240000000000 0.002862
57.2448980000000000 -0.0044230000000000 0.002791
57.3469390000000000 -0.0010360000000000 0.003480
57.4489800000000000 0.00334400000000000 0.003893
57.5510200000000000 -0.0062870000000000 0.002150
57.6530610000000000 -0.0009890000000000 0.003322
57.7551020000000000 -0.0009690000000000 0.003254
57.8571430000000000 0.00230100000000000 0.003796
57.9591840000000000 -0.0009690000000000 0.003254
58.0612240000000000 0.00011200000000000 0.003386
58.1632650000000000 -0.0010340000000000 0.003472
58.2653060000000000 0.00344800000000000 0.004014
58.3673470000000000 -0.0043350000000000 0.002735
58.4693880000000000 -0.0053580000000000 0.002460
58.5714290000000000 -0.0031450000000000 0.002881
58.6734690000000000 -0.0031720000000000 0.002906
58.7755100000000000 0.00542100000000000 0.004127
58.8775510000000000 0.00011600000000000 0.003498
58.9795920000000000 -0.0053170000000000 0.002441
59.0816330000000000 0.00219800000000000 0.003625
59.1836730000000000 0.00124300000000000 0.003740
59.2857140000000000 0.00129900000000000 0.003907
59.3877550000000000 0.00228100000000000 0.003763
59.4897960000000000 0.00557500000000000 0.004245
59.5918370000000000 0.00436400000000000 0.003990
59.6938780000000000 0.00777700000000000 0.004534
59.7959180000000000 0.01233000000000000 0.005125
59.8979590000000000 0.00336900000000000 0.003922
60.0000000000000000 0.01067900000000000 0.005143
