55.0000000000000000 0.12105300000000000 0.012832
55.1020410000000000 0.09366800000000000 0.011223
55.2040820000000000 0.07498300000000000 0.010148
55.3061220000000000 0.05176500000000000 0.008386
55.4081630000000000 0.02918900000000000 0.006674
55.5102040000000000 0.02521600000000000 0.006553
55.6122450000000000 0.00325900000000000 0.003795
55.7142860000000000 0.00111700000000000 0.003358
55.8163270000000000 0.00011400000000000 0.003449
55.9183670000000000 0.00645600000000000 0.004247
56.0204080000000000 -0.0032040000000000 0.002935
56.1224490000000000 0.00447300000000000 0.004090
56.2244900000000000 0.00010800000000000 0.003264
56.3265310000000000 -0.0033030000000000 0.003026
56.4285710000000000 -0.0041630000000000 0.002627
56.5306120000000000 0.00011700000000000 0.003521
56.6326530000000000 0.00555100000000000 0.004226
56.7346940000000000 0.00119400000000000 0.003590
56.8367350000000000 -0.0055520000000000 0.002550
56.9387760000000000 0.00010600000000000 0.003198
57.0408160000000000 0.00011500000000000 0.003467
57.1428570000000000 0.00658800000000000 0.004334
57.2448980000000000 0.00239000000000000 0.003943
57.3469390000000000 -0.0033520000000000 0.003071
57.4489800000000000 0.00119000000000000 0.003579
57.5510200000000000 0.00011200000000000 0.003379
57.6530610000000000 0.00232700000000000 0.003838
57.7551020000000000 0.00011400000000000 0.003430
57.8571430000000000 0.00011500000000000 0.003464
57.9591840000000000 -0.0020520000000000 0.003068
58.0612240000000000 -0.0052320000000000 0.002402
58.1632650000000000 0.00012100000000000 0.003660
58.2653060000000000 -0.0043250000000000 0.002729
58.3673470000000000 0.00345500000000000 0.004023
58.4693880000000000 -0.0020740000000000 0.003102
58.5714290000000000 0.00337300000000000 0.003927
58.6734690000000000 0.00449800000000000 0.004112
58.7755100000000000 0.00329700000000000 0.003839
58.8775510000000000 0.00453300000000000 0.004144
58.9795920000000000 -0.0009720000000000 0.003264
59.0816330000000000 -0.0009350000000000 0.003138
59.1836730000000000 0.00912100000000000 0.004800
59.2857140000000000 0.00365000000000000 0.004250
59.3877550000000000 0.01745600000000000 0.005585
59.4897960000000000 0.01868200000000000 0.005740
59.5918370000000000 0.01180600000000000 0.004906
59.6938780000000000 0.01762800000000000 0.005641
59.7959180000000000 0.02676500000000000 0.006584
59.8979590000000000 0.02941100000000000 0.006725
60.0000000000000000 0.03648200000000000 0.007684
