55.0000000000000000 0.32792600000000000 0.023237
55.1020410000000000 0.31054900000000000 0.022448
55.2040820000000000 0.31369700000000000 0.022808
55.3061220000000000 0.27208800000000000 0.020546
55.4081630000000000 0.21333600000000000 0.017860
55.5102040000000000 0.20773800000000000 0.018071
55.6122450000000000 0.18486600000000000 0.016203
55.7142860000000000 0.14157600000000000 0.013648
55.8163270000000000 0.12530400000000000 0.013247
55.9183670000000000 0.09634500000000000 0.011355
56.0204080000000000 0.07869000000000000 0.010502
56.1224490000000000 0.05460400000000000 0.008755
56.2244900000000000 0.04338000000000000 0.007651
56.3265310000000000 0.01266800000000000 0.005266
56.4285710000000000 0.01080000000000000 0.004811
56.5306120000000000 0.00234000000000000 0.003859
56.6326530000000000 0.00011400000000000 0.003445
56.7346940000000000 0.00767600000000000 0.004475
56.8367350000000000 -0.0010150000000000 0.003409
56.9387760000000000 0.00313400000000000 0.003649
57.0408160000000000 -0.0009800000000000 0.003290
57.1428570000000000 -0.0042040000000000 0.002652
57.2448980000000000 0.00579700000000000 0.004414
57.3469390000000000 0.00012100000000000 0.003668
57.4489800000000000 -0.0031180000000000 0.002856
57.5510200000000000 -0.0030880000000000 0.002829
57.6530610000000000 -0.0032000000000000 0.002932
57.7551020000000000 0.00227900000000000 0.003759
57.8571430000000000 0.00776800000000000 0.004529
57.9591840000000000 0.00119600000000000 0.003598
58.0612240000000000 0.00011200000000000 0.003386
58.1632650000000000 0.00589700000000000 0.004490
58.2653060000000000 -0.0009940000000000 0.003337
58.3673470000000000 0.00790700000000000 0.004610
58.4693880000000000 -0.0020740000000000 0.003102
58.5714290000000000 0.00120000000000000 0.003610
58.6734690000000000 0.00230600000000000 0.003804
58.7755100000000000 -0.0051990000000000 0.002387
58.8775510000000000 0.00453300000000000 0.004144
58.9795920000000000 0.00228600000000000 0.003771
59.0816330000000000 0.00428700000000000 0.003919
59.1836730000000000 0.00687000000000000 0.004520
59.2857140000000000 0.00012300000000000 0.003724
59.3877550000000000 0.00011400000000000 0.003434
59.4897960000000000 0.00666800000000000 0.004386
59.5918370000000000 0.00330100000000000 0.003843
59.6938780000000000 0.01215500000000000 0.005052
59.7959180000000000 0.01566200000000000 0.005490
59.8979590000000000 0.02507000000000000 0.006332
60.0000000000000000 0.02006200000000000 0.006167
