55.0000000000000000 0.15500100000000000 0.014713
55.1020410000000000 0.13513100000000000 0.013641
55.2040820000000000 0.10428000000000000 0.011992
55.3061220000000000 0.08760700000000000 0.010798
55.4081630000000000 0.06903300000000000 0.009708
55.5102040000000000 0.03776500000000000 0.007663
55.6122450000000000 0.03475200000000000 0.007043
55.7142860000000000 0.00515900000000000 0.003927
55.8163270000000000 0.00882300000000000 0.004643
55.9183670000000000 0.00328400000000000 0.003823
56.0204080000000000 0.00011600000000000 0.003506
56.1224490000000000 -0.0031550000000000 0.002890
56.2244900000000000 -0.0009220000000000 0.003096
56.3265310000000000 0.00240100000000000 0.003961
56.4285710000000000 -0.0020260000000000 0.003029
56.5306120000000000 -0.0009950000000000 0.003341
56.6326530000000000 0.00120200000000000 0.003614
56.7346940000000000 -0.0009670000000000 0.003247
56.8367350000000000 -0.0044180000000000 0.002788
56.9387760000000000 0.00414400000000000 0.003788
57.0408160000000000 0.00011500000000000 0.003467
57.1428570000000000 0.00227200000000000 0.003747
57.2448980000000000 -0.0010160000000000 0.003413
57.3469390000000000 -0.0021940000000000 0.003282
57.4489800000000000 0.00549700000000000 0.004185
57.5510200000000000 -0.0041540000000000 0.002621
57.6530610000000000 0.00564300000000000 0.004296
57.7551020000000000 0.00444400000000000 0.004063
57.8571430000000000 0.00339500000000000 0.003952
57.9591840000000000 0.00227900000000000 0.003759
58.0612240000000000 -0.0009570000000000 0.003212
58.1632650000000000 0.00358700000000000 0.004176
58.2653060000000000 0.00233700000000000 0.003855
58.3673470000000000 0.00123000000000000 0.003698
58.4693880000000000 0.00230400000000000 0.003800
58.5714290000000000 0.00120000000000000 0.003610
58.6734690000000000 -0.0009810000000000 0.003293
58.7755100000000000 0.00223500000000000 0.003687
58.8775510000000000 -0.0031970000000000 0.002929
58.9795920000000000 -0.0053170000000000 0.002441
59.0816330000000000 0.00011000000000000 0.003308
59.1836730000000000 -0.0010070000000000 0.003382
59.2857140000000000 0.00365000000000000 0.004250
59.3877550000000000 -0.0031380000000000 0.002875
59.4897960000000000 -0.0031620000000000 0.002897
59.5918370000000000 -0.0009520000000000 0.003195
59.6938780000000000 0.00230400000000000 0.003800
59.7959180000000000 0.00344800000000000 0.004014
59.8979590000000000 0.00553900000000000 0.004217
60.0000000000000000 0.01185200000000000 0.005280
