55.0000000000000000 0.39794400000000000 0.026444
55.1020410000000000 0.35839100000000000 0.024667
55.2040820000000000 0.35601400000000000 0.024784
55.3061220000000000 0.37856000000000000 0.025492
55.4081630000000000 0.37809900000000000 0.025715
55.5102040000000000 0.38227500000000000 0.026585
55.6122450000000000 0.31503600000000000 0.022528
55.7142860000000000 0.30729900000000000 0.021785
55.8163270000000000 0.28641700000000000 0.021544
55.9183670000000000 0.34380600000000000 0.023938
56.0204080000000000 0.35535900000000000 0.024976
56.1224490000000000 0.35538600000000000 0.024804
56.2244900000000000 0.34628300000000000 0.023771
56.3265310000000000 0.35489700000000000 0.025300
56.4285710000000000 0.36671900000000000 0.025108
56.5306120000000000 0.38139400000000000 0.026236
56.6326530000000000 0.34917600000000000 0.024491
56.7346940000000000 0.37824400000000000 0.025759
56.8367350000000000 0.36195800000000000 0.025567
56.9387760000000000 0.34635800000000000 0.023558
57.0408160000000000 0.38868500000000000 0.026390
57.1428570000000000 0.37028100000000000 0.025381
57.2448980000000000 0.36918300000000000 0.025919
57.3469390000000000 0.36950300000000000 0.026164
57.4489800000000000 0.35548400000000000 0.024675
57.5510200000000000 0.37873500000000000 0.025633
57.6530610000000000 0.36933700000000000 0.025613
57.7551020000000000 0.35524300000000000 0.024724
57.8571430000000000 0.36311200000000000 0.025199
57.9591840000000000 0.35416000000000000 0.024674
58.0612240000000000 0.40305900000000000 0.026763
58.1632650000000000 0.40792800000000000 0.027936
58.2653060000000000 0.35210100000000000 0.024861
58.3673470000000000 0.38404400000000000 0.026372
58.4693880000000000 0.39525200000000000 0.026691
58.5714290000000000 0.36943600000000000 0.025416
58.6734690000000000 0.34747200000000000 0.024497
58.7755100000000000 0.26773900000000000 0.020408
58.8775510000000000 0.20881600000000000 0.017845
58.9795920000000000 0.12068700000000000 0.012966
59.0816330000000000 0.09722700000000000 0.011334
59.1836730000000000 0.16667100000000000 0.015787
59.2857140000000000 0.26464000000000000 0.021247
59.3877550000000000 0.34912500000000000 0.024453
59.4897960000000000 0.37145300000000000 0.025572
59.5918370000000000 0.35307500000000000 0.024422
59.6938780000000000 0.35913100000000000 0.025027
59.7959180000000000 0.42094400000000000 0.028041
59.8979590000000000 0.36360900000000000 0.025135
60.0000000000000000 0.35550400000000000 0.025651
