55.0000000000000000 0.39900500000000000 0.026492
55.1020410000000000 0.38071700000000000 0.025687
55.2040820000000000 0.37663000000000000 0.025735
55.3061220000000000 0.37329000000000000 0.025253
55.4081630000000000 0.34148500000000000 0.024027
55.5102040000000000 0.30926600000000000 0.023125
55.6122450000000000 0.26254800000000000 0.020049
55.7142860000000000 0.23656400000000000 0.018458
55.8163270000000000 0.22763300000000000 0.018672
55.9183670000000000 0.23699600000000000 0.018878
56.0204080000000000 0.22698500000000000 0.018786
56.1224490000000000 0.21698300000000000 0.018147
56.2244900000000000 0.17525600000000000 0.015563
56.3265310000000000 0.14043300000000000 0.014437
56.4285710000000000 0.12195800000000000 0.012933
56.5306120000000000 0.07904000000000000 0.010550
56.6326530000000000 0.05883500000000000 0.009050
56.7346940000000000 0.04008700000000000 0.007604
56.8367350000000000 0.02167100000000000 0.006189
56.9387760000000000 0.01121000000000000 0.004658
57.0408160000000000 0.00230400000000000 0.003800
57.1428570000000000 -0.0052830000000000 0.002425
57.2448980000000000 0.00239000000000000 0.003943
57.3469390000000000 0.00243700000000000 0.004020
57.4489800000000000 -0.0009640000000000 0.003236
57.5510200000000000 -0.0009550000000000 0.003205
57.6530610000000000 -0.0009890000000000 0.003322
57.7551020000000000 0.00552700000000000 0.004208
57.8571430000000000 -0.0064450000000000 0.002204
57.9591840000000000 -0.0020520000000000 0.003068
58.0612240000000000 0.00118100000000000 0.003552
58.1632650000000000 -0.0056550000000000 0.002597
58.2653060000000000 0.00122700000000000 0.003690
58.3673470000000000 0.00011700000000000 0.003525
58.4693880000000000 0.00449300000000000 0.004108
58.5714290000000000 -0.0031450000000000 0.002881
58.6734690000000000 0.00011500000000000 0.003471
58.7755100000000000 -0.0041370000000000 0.002610
58.8775510000000000 -0.0020930000000000 0.003129
58.9795920000000000 -0.0009720000000000 0.003264
59.0816330000000000 -0.0040680000000000 0.002567
59.1836730000000000 -0.0066340000000000 0.002269
59.2857140000000000 0.00129900000000000 0.003907
59.3877550000000000 0.00119800000000000 0.003602
59.4897960000000000 0.00011500000000000 0.003460
59.5918370000000000 -0.0020150000000000 0.003013
59.6938780000000000 0.00887100000000000 0.004668
59.7959180000000000 0.00344800000000000 0.004014
59.8979590000000000 0.01313500000000000 0.005129
60.0000000000000000 0.01888900000000000 0.006047
