55.0000000000000000 0.32368200000000000 0.023040
55.1020410000000000 0.29035000000000000 0.021496
55.2040820000000000 0.26378400000000000 0.020421
55.3061220000000000 0.24257100000000000 0.019122
55.4081630000000000 0.21441300000000000 0.017914
55.5102040000000000 0.14956000000000000 0.014950
55.6122450000000000 0.13552800000000000 0.013576
55.7142860000000000 0.08700900000000000 0.010523
55.8163270000000000 0.05019000000000000 0.008423
55.9183670000000000 0.02654900000000000 0.006364
56.0204080000000000 0.02335600000000000 0.006251
56.1224490000000000 0.00338400000000000 0.003939
56.2244900000000000 0.00526000000000000 0.004004
56.3265310000000000 0.00126000000000000 0.003791
56.4285710000000000 -0.0009570000000000 0.003212
56.5306120000000000 -0.0021070000000000 0.003150
56.6326530000000000 -0.0009730000000000 0.003268
56.7346940000000000 0.00011300000000000 0.003423
56.8367350000000000 -0.0044180000000000 0.002788
56.9387760000000000 -0.0029230000000000 0.002677
57.0408160000000000 -0.0042630000000000 0.002690
57.1428570000000000 0.00011300000000000 0.003419
57.2448980000000000 0.00011900000000000 0.003597
57.3469390000000000 -0.0010360000000000 0.003480
57.4489800000000000 0.00765100000000000 0.004460
57.5510200000000000 -0.0009550000000000 0.003205
57.6530610000000000 0.01006500000000000 0.004847
57.7551020000000000 -0.0009690000000000 0.003254
57.8571430000000000 0.00120800000000000 0.003633
57.9591840000000000 -0.0009690000000000 0.003254
58.0612240000000000 0.00545600000000000 0.004154
58.1632650000000000 -0.0021890000000000 0.003274
58.2653060000000000 0.00899900000000000 0.004736
58.3673470000000000 0.00234200000000000 0.003864
58.4693880000000000 -0.0031690000000000 0.002903
58.5714290000000000 0.00663100000000000 0.004362
58.6734690000000000 0.00888100000000000 0.004673
58.7755100000000000 0.01391800000000000 0.005136
58.8775510000000000 0.01667900000000000 0.005576
58.9795920000000000 0.00880400000000000 0.004632
59.0816330000000000 0.00324200000000000 0.003775
59.1836730000000000 0.02375100000000000 0.006357
59.2857140000000000 0.04127000000000000 0.008095
59.3877550000000000 0.05539200000000000 0.008786
59.4897960000000000 0.05144700000000000 0.008533
59.5918370000000000 0.07027900000000000 0.009724
59.6938780000000000 0.07126100000000000 0.009946
59.7959180000000000 0.10893200000000000 0.012417
59.8979590000000000 0.07823800000000000 0.010362
60.0000000000000000 0.09981700000000000 0.012210
