55.0000000000000000 0.33747400000000000 0.023680
55.1020410000000000 0.33393900000000000 0.023539
55.2040820000000000 0.38314100000000000 0.026034
55.3061220000000000 0.37750600000000000 0.025444
55.4081630000000000 0.35656100000000000 0.024725
55.5102040000000000 0.34805200000000000 0.024977
55.6122450000000000 0.35807500000000000 0.024512
55.7142860000000000 0.29618300000000000 0.021272
55.8163270000000000 0.28315200000000000 0.021388
55.9183670000000000 0.32265500000000000 0.022959
56.0204080000000000 0.32547900000000000 0.023573
56.1224490000000000 0.36301500000000000 0.025157
56.2244900000000000 0.39161600000000000 0.025820
56.3265310000000000 0.38569700000000000 0.026745
56.4285710000000000 0.32503500000000000 0.023181
56.5306120000000000 0.35693900000000000 0.025100
56.6326530000000000 0.36005100000000000 0.024995
56.7346940000000000 0.40309200000000000 0.026893
56.8367350000000000 0.38351000000000000 0.026575
56.9387760000000000 0.35948200000000000 0.024150
57.0408160000000000 0.36788800000000000 0.025432
57.1428570000000000 0.35841000000000000 0.024834
57.2448980000000000 0.33852200000000000 0.024474
57.3469390000000000 0.41929400000000000 0.028494
57.4489800000000000 0.35763800000000000 0.024775
57.5510200000000000 0.36060400000000000 0.024804
57.6530610000000000 0.35607200000000000 0.024996
57.7551020000000000 0.31843100000000000 0.023008
57.8571430000000000 0.34561800000000000 0.024386
57.9591840000000000 0.35632600000000000 0.024774
58.0612240000000000 0.38488900000000000 0.025938
58.1632650000000000 0.35594100000000000 0.025495
58.2653060000000000 0.34543900000000000 0.024549
58.3673470000000000 0.36623900000000000 0.025546
58.4693880000000000 0.35475300000000000 0.024823
58.5714290000000000 0.36943600000000000 0.025416
58.6734690000000000 0.35623800000000000 0.024905
58.7755100000000000 0.30915800000000000 0.022372
58.8775510000000000 0.21323300000000000 0.018071
58.9795920000000000 0.12503200000000000 0.013216
59.0816330000000000 0.08782800000000000 0.010758
59.1836730000000000 0.16554600000000000 0.015726
59.2857140000000000 0.26581600000000000 0.021306
59.3877550000000000 0.32744700000000000 0.023442
59.4897960000000000 0.35179400000000000 0.024661
59.5918370000000000 0.34563300000000000 0.024079
59.6938780000000000 0.39744100000000000 0.026791
59.7959180000000000 0.38208100000000000 0.026255
59.8979590000000000 0.36035400000000000 0.024985
60.0000000000000000 0.36840500000000000 0.026265
