55.0000000000000000 0.36930000000000000 0.025142
55.1020410000000000 0.37114900000000000 0.025251
55.2040820000000000 0.41135200000000000 0.027321
55.3061220000000000 0.35642300000000000 0.024483
55.4081630000000000 0.35548400000000000 0.024675
55.5102040000000000 0.36972700000000000 0.025998
55.6122450000000000 0.32448300000000000 0.022967
55.7142860000000000 0.30729900000000000 0.021785
55.8163270000000000 0.28532900000000000 0.021492
55.9183670000000000 0.32054000000000000 0.022860
56.0204080000000000 0.34982600000000000 0.024717
56.1224490000000000 0.33795000000000000 0.023992
56.2244900000000000 0.35658600000000000 0.024240
56.3265310000000000 0.36402300000000000 0.025730
56.4285710000000000 0.37313200000000000 0.025402
56.5306120000000000 0.38472900000000000 0.026391
56.6326530000000000 0.40354700000000000 0.026992
56.7346940000000000 0.36960100000000000 0.025362
56.8367350000000000 0.39145000000000000 0.026944
56.9387760000000000 0.35746300000000000 0.024059
57.0408160000000000 0.40510300000000000 0.027142
57.1428570000000000 0.38970700000000000 0.026271
57.2448980000000000 0.38962300000000000 0.026873
57.3469390000000000 0.34866000000000000 0.025176
57.4489800000000000 0.37271400000000000 0.025468
57.5510200000000000 0.39046700000000000 0.026167
57.6530610000000000 0.36933700000000000 0.025613
57.7551020000000000 0.33467200000000000 0.023769
57.8571430000000000 0.36748600000000000 0.025401
57.9591840000000000 0.36065700000000000 0.024975
58.0612240000000000 0.35389300000000000 0.024519
58.1632650000000000 0.36518300000000000 0.025933
58.2653060000000000 0.36098400000000000 0.025276
58.3673470000000000 0.39851100000000000 0.027040
58.4693880000000000 0.38649600000000000 0.026290
58.5714290000000000 0.39659200000000000 0.026662
58.6734690000000000 0.35185500000000000 0.024701
58.7755100000000000 0.30491000000000000 0.022173
58.8775510000000000 0.20439900000000000 0.017619
58.9795920000000000 0.12394500000000000 0.013154
59.0816330000000000 0.09722700000000000 0.011334
59.1836730000000000 0.12840900000000000 0.013652
59.2857140000000000 0.23407400000000000 0.019701
59.3877550000000000 0.29493100000000000 0.021907
59.4897960000000000 0.30701500000000000 0.022560
59.5918370000000000 0.33819100000000000 0.023736
59.6938780000000000 0.36460400000000000 0.025280
59.7959180000000000 0.33766700000000000 0.024184
59.8979590000000000 0.38205600000000000 0.025984
60.0000000000000000 0.36136800000000000 0.025930
