55.0000000000000000 0.38097000000000000 0.025674
55.1020410000000000 0.36689600000000000 0.025056
55.2040820000000000 0.39616100000000000 0.026629
55.3061220000000000 0.34482700000000000 0.023951
55.4081630000000000 0.35763800000000000 0.024775
55.5102040000000000 0.35033400000000000 0.025085
55.6122450000000000 0.33078200000000000 0.023258
55.7142860000000000 0.27496300000000000 0.020283
55.8163270000000000 0.29948100000000000 0.022168
55.9183670000000000 0.28246900000000000 0.021071
56.0204080000000000 0.33101200000000000 0.023834
56.1224490000000000 0.34339900000000000 0.024247
56.2244900000000000 0.36791900000000000 0.024753
56.3265310000000000 0.38683800000000000 0.026798
56.4285710000000000 0.37633900000000000 0.025548
56.5306120000000000 0.36360900000000000 0.025411
56.6326530000000000 0.36331300000000000 0.025146
56.7346940000000000 0.33827000000000000 0.023913
56.8367350000000000 0.37783800000000000 0.026310
56.9387760000000000 0.38471900000000000 0.025281
57.0408160000000000 0.34490200000000000 0.024365
57.1428570000000000 0.35841000000000000 0.024834
57.2448980000000000 0.38508100000000000 0.026662
57.3469390000000000 0.33708000000000000 0.024624
57.4489800000000000 0.33717700000000000 0.023827
57.5510200000000000 0.38086900000000000 0.025731
57.6530610000000000 0.35607200000000000 0.024996
57.7551020000000000 0.39097300000000000 0.026366
57.8571430000000000 0.41996700000000000 0.027805
57.9591840000000000 0.36173900000000000 0.025025
58.0612240000000000 0.38595800000000000 0.025987
58.1632650000000000 0.39406500000000000 0.027289
58.2653060000000000 0.39540600000000000 0.026870
58.3673470000000000 0.36290100000000000 0.025391
58.4693880000000000 0.35475300000000000 0.024823
58.5714290000000000 0.36400400000000000 0.025166
58.6734690000000000 0.31788600000000000 0.023109
58.7755100000000000 0.31022000000000000 0.022422
58.8775510000000000 0.18673100000000000 0.016703
58.9795920000000000 0.11634200000000000 0.012714
59.0816330000000000 0.10662500000000000 0.011895
59.1836730000000000 0.13853700000000000 0.014231
59.2857140000000000 0.23995200000000000 0.020001
59.3877550000000000 0.35454400000000000 0.024704
59.4897960000000000 0.31793700000000000 0.023076
59.5918370000000000 0.35201200000000000 0.024373
59.6938780000000000 0.37664400000000000 0.025836
59.7959180000000000 0.39318500000000000 0.026768
59.8979590000000000 0.34950400000000000 0.024483
60.0000000000000000 0.37309700000000000 0.026487
