55.0000000000000000 0.36717900000000000 0.025045
55.1020410000000000 0.32437000000000000 0.023094
55.2040820000000000 0.37554500000000000 0.025685
55.3061220000000000 0.38804800000000000 0.025922
55.4081630000000000 0.36517600000000000 0.025122
55.5102040000000000 0.34120800000000000 0.024652
55.6122450000000000 0.34337900000000000 0.023839
55.7142860000000000 0.30224600000000000 0.021552
55.8163270000000000 0.26137900000000000 0.020335
55.9183670000000000 0.32794300000000000 0.023204
56.0204080000000000 0.34207900000000000 0.024355
56.1224490000000000 0.34339900000000000 0.024247
56.2244900000000000 0.36276800000000000 0.024520
56.3265310000000000 0.33550400000000000 0.024381
56.4285710000000000 0.35496200000000000 0.024568
56.5306120000000000 0.37583600000000000 0.025979
56.6326530000000000 0.38071200000000000 0.025947
56.7346940000000000 0.35015400000000000 0.024465
56.8367350000000000 0.35515300000000000 0.025247
56.9387760000000000 0.35948200000000000 0.024150
57.0408160000000000 0.39415800000000000 0.026641
57.1428570000000000 0.38754800000000000 0.026172
57.2448980000000000 0.38281000000000000 0.026556
57.3469390000000000 0.34634400000000000 0.025066
57.4489800000000000 0.37056000000000000 0.025369
57.5510200000000000 0.37766900000000000 0.025585
57.6530610000000000 0.33949000000000000 0.024221
57.7551020000000000 0.37581500000000000 0.025672
57.8571430000000000 0.39372700000000000 0.026608
57.9591840000000000 0.37798000000000000 0.025772
58.0612240000000000 0.35068700000000000 0.024371
58.1632650000000000 0.35825200000000000 0.025605
58.2653060000000000 0.33544600000000000 0.024079
58.3673470000000000 0.32951600000000000 0.023824
58.4693880000000000 0.38649600000000000 0.026290
58.5714290000000000 0.37812600000000000 0.025816
58.6734690000000000 0.32884400000000000 0.023625
58.7755100000000000 0.30278600000000000 0.022073
58.8775510000000000 0.18894000000000000 0.016819
58.9795920000000000 0.11308300000000000 0.012522
59.0816330000000000 0.11602400000000000 0.012442
59.1836730000000000 0.15091600000000000 0.014924
59.2857140000000000 0.25641100000000000 0.020834
59.3877550000000000 0.34587300000000000 0.024302
59.4897960000000000 0.34305700000000000 0.024255
59.5918370000000000 0.38815900000000000 0.026025
59.6938780000000000 0.38430600000000000 0.026189
59.7959180000000000 0.36764700000000000 0.025586
59.8979590000000000 0.35492900000000000 0.024734
60.0000000000000000 0.34963900000000000 0.025371
