55.0000000000000000 0.40112700000000000 0.026588
55.1020410000000000 0.38390600000000000 0.025832
55.2040820000000000 0.35384400000000000 0.024684
55.3061220000000000 0.34904300000000000 0.024144
55.4081630000000000 0.33717700000000000 0.023827
55.5102040000000000 0.34348900000000000 0.024760
55.6122450000000000 0.24050300000000000 0.018984
55.7142860000000000 0.18907000000000000 0.016120
55.8163270000000000 0.13836700000000000 0.013986
55.9183670000000000 0.10903600000000000 0.012114
56.0204080000000000 0.05434300000000000 0.008813
56.1224490000000000 0.02300000000000000 0.006155
56.2244900000000000 0.00526000000000000 0.004004
56.3265310000000000 -0.0033030000000000 0.003026
56.4285710000000000 -0.0063010000000000 0.002155
56.5306120000000000 0.00456300000000000 0.004172
56.6326530000000000 0.00011400000000000 0.003445
56.7346940000000000 0.00443500000000000 0.004055
56.8367350000000000 -0.0010150000000000 0.003409
56.9387760000000000 0.00010600000000000 0.003198
57.0408160000000000 0.00230400000000000 0.003800
57.1428570000000000 0.00766800000000000 0.004470
57.2448980000000000 0.01261100000000000 0.005242
57.3469390000000000 0.01170100000000000 0.005213
57.4489800000000000 0.00442100000000000 0.004041
57.5510200000000000 0.00011200000000000 0.003379
57.6530610000000000 0.00232700000000000 0.003838
57.7551020000000000 0.00552700000000000 0.004208
57.8571430000000000 0.00120800000000000 0.003633
57.9591840000000000 0.00011400000000000 0.003430
58.0612240000000000 0.00118100000000000 0.003552
58.1632650000000000 -0.0010340000000000 0.003472
58.2653060000000000 0.00122700000000000 0.003690
58.3673470000000000 -0.0009960000000000 0.003344
58.4693880000000000 0.00011500000000000 0.003467
58.5714290000000000 0.00663100000000000 0.004362
58.6734690000000000 0.01436000000000000 0.005300
58.7755100000000000 0.02666200000000000 0.006391
58.8775510000000000 0.02551300000000000 0.006445
58.9795920000000000 0.01314900000000000 0.005135
59.0816330000000000 0.02099500000000000 0.005796
59.1836730000000000 0.03725500000000000 0.007558
59.2857140000000000 0.06478300000000000 0.009888
59.3877550000000000 0.11500600000000000 0.012621
59.4897960000000000 0.12353000000000000 0.013167
59.5918370000000000 0.14788900000000000 0.014343
59.6938780000000000 0.16648800000000000 0.015563
59.7959180000000000 0.18998900000000000 0.016919
59.8979590000000000 0.14008700000000000 0.014059
60.0000000000000000 0.20185700000000000 0.018006
