55.0000000000000000 0.42022300000000000 0.027448
55.1020410000000000 0.42324300000000000 0.027610
55.2040820000000000 0.40267200000000000 0.026926
55.3061220000000000 0.39753600000000000 0.026351
55.4081630000000000 0.35117700000000000 0.024476
55.5102040000000000 0.36972700000000000 0.025998
55.6122450000000000 0.34757800000000000 0.024031
55.7142860000000000 0.25980500000000000 0.019568
55.8163270000000000 0.21565800000000000 0.018070
55.9183670000000000 0.23170800000000000 0.018618
56.0204080000000000 0.21702500000000000 0.018283
56.1224490000000000 0.20499500000000000 0.017538
56.2244900000000000 0.13301500000000000 0.013311
56.3265310000000000 0.10164800000000000 0.012146
56.4285710000000000 0.05996600000000000 0.009043
56.5306120000000000 0.02123700000000000 0.006064
56.6326530000000000 0.01425100000000000 0.005259
56.7346940000000000 -0.0031280000000000 0.002865
56.8367350000000000 -0.0021500000000000 0.003215
56.9387760000000000 -0.0019130000000000 0.002861
57.0408160000000000 -0.0020740000000000 0.003102
57.1428570000000000 0.00011300000000000 0.003419
57.2448980000000000 0.00011900000000000 0.003597
57.3469390000000000 0.00127900000000000 0.003848
57.4489800000000000 -0.0031180000000000 0.002856
57.5510200000000000 0.00117800000000000 0.003544
57.6530610000000000 0.00232700000000000 0.003838
57.7551020000000000 -0.0009690000000000 0.003254
57.8571430000000000 0.00120800000000000 0.003633
57.9591840000000000 0.00227900000000000 0.003759
58.0612240000000000 0.00118100000000000 0.003552
58.1632650000000000 -0.0045000000000000 0.002840
58.2653060000000000 -0.0032150000000000 0.002945
58.3673470000000000 -0.0009960000000000 0.003344
58.4693880000000000 -0.0020740000000000 0.003102
58.5714290000000000 0.00120000000000000 0.003610
58.6734690000000000 -0.0031720000000000 0.002906
58.7755100000000000 -0.0009510000000000 0.003192
58.8775510000000000 -0.0043010000000000 0.002714
58.9795920000000000 0.00011400000000000 0.003441
59.0816330000000000 -0.0030230000000000 0.002770
59.1836730000000000 0.00687000000000000 0.004520
59.2857140000000000 0.00600100000000000 0.004569
59.3877550000000000 0.00986900000000000 0.004752
59.4897960000000000 0.02632700000000000 0.006475
59.5918370000000000 0.02988000000000000 0.006681
59.6938780000000000 0.03295200000000000 0.007071
59.7959180000000000 0.04120000000000000 0.007819
59.8979590000000000 0.05328200000000000 0.008637
60.0000000000000000 0.05642100000000000 0.009265
