55.0000000000000000 0.44674500000000000 0.028635
55.1020410000000000 0.40942200000000000 0.026988
55.2040820000000000 0.40592700000000000 0.027074
55.3061220000000000 0.44075700000000000 0.028289
55.4081630000000000 0.40932800000000000 0.027137
55.5102040000000000 0.39368300000000000 0.027117
55.6122450000000000 0.31818500000000000 0.022674
55.7142860000000000 0.32144600000000000 0.022435
55.8163270000000000 0.32996200000000000 0.023607
55.9183670000000000 0.27929700000000000 0.020920
56.0204080000000000 0.31994600000000000 0.023311
56.1224490000000000 0.34448800000000000 0.024297
56.2244900000000000 0.31949600000000000 0.022543
56.3265310000000000 0.27048000000000000 0.021236
56.4285710000000000 0.20318900000000000 0.017284
56.5306120000000000 0.19464600000000000 0.017171
56.6326530000000000 0.15670300000000000 0.014986
56.7346940000000000 0.10815100000000000 0.012196
56.8367350000000000 0.05910200000000000 0.009287
56.9387760000000000 0.02635200000000000 0.006162
57.0408160000000000 0.00120900000000000 0.003637
57.1428570000000000 0.00119200000000000 0.003586
57.2448980000000000 0.00806800000000000 0.004704
57.3469390000000000 -0.0068260000000000 0.002335
57.4489800000000000 0.00226700000000000 0.003739
57.5510200000000000 -0.0020210000000000 0.003023
57.6530610000000000 -0.0020950000000000 0.003133
57.7551020000000000 0.00227900000000000 0.003759
57.8571430000000000 0.00230100000000000 0.003796
57.9591840000000000 0.00119600000000000 0.003598
58.0612240000000000 -0.0009570000000000 0.003212
58.1632650000000000 -0.0033450000000000 0.003064
58.2653060000000000 0.00011600000000000 0.003518
58.3673470000000000 0.00456800000000000 0.004176
58.4693880000000000 0.00449300000000000 0.004108
58.5714290000000000 0.00880400000000000 0.004632
58.6734690000000000 0.02641300000000000 0.006496
58.7755100000000000 0.02772400000000000 0.006486
58.8775510000000000 0.03766000000000000 0.007505
58.9795920000000000 0.02509700000000000 0.006339
59.0816330000000000 0.02830500000000000 0.006470
59.1836730000000000 0.04738300000000000 0.008370
59.2857140000000000 0.08947100000000000 0.011564
59.3877550000000000 0.10199900000000000 0.011847
59.4897960000000000 0.11806900000000000 0.012850
59.5918370000000000 0.12024700000000000 0.012800
59.6938780000000000 0.13474600000000000 0.013821
59.7959180000000000 0.12558700000000000 0.013397
59.8979590000000000 0.17806400000000000 0.016109
60.0000000000000000 0.21475900000000000 0.018682
