55.0000000000000000 0.36823900000000000 0.025094
55.1020410000000000 0.38497000000000000 0.025880
55.2040820000000000 0.34841900000000000 0.024432
55.3061220000000000 0.43443200000000000 0.028007
55.4081630000000000 0.38132900000000000 0.025863
55.5102040000000000 0.37657100000000000 0.026319
55.6122450000000000 0.34023000000000000 0.023694
55.7142860000000000 0.31538300000000000 0.022157
55.8163270000000000 0.30165800000000000 0.022272
55.9183670000000000 0.32265500000000000 0.022959
56.0204080000000000 0.38634600000000000 0.026413
56.1224490000000000 0.34121900000000000 0.024145
56.2244900000000000 0.35349500000000000 0.024099
56.3265310000000000 0.31839200000000000 0.023564
56.4285710000000000 0.30579600000000000 0.022280
56.5306120000000000 0.22799400000000000 0.018876
56.6326530000000000 0.15561500000000000 0.014927
56.7346940000000000 0.03144400000000000 0.006885
56.8367350000000000 0.00352200000000000 0.004100
56.9387760000000000 -0.0019130000000000 0.002861
57.0408160000000000 -0.0009800000000000 0.003290
57.1428570000000000 0.00227200000000000 0.003747
57.2448980000000000 -0.0010160000000000 0.003413
57.3469390000000000 0.00012100000000000 0.003668
57.4489800000000000 0.00119000000000000 0.003579
57.5510200000000000 0.05343900000000000 0.008565
57.6530610000000000 0.11950500000000000 0.013014
57.7551020000000000 0.16576900000000000 0.015441
57.8571430000000000 0.19910700000000000 0.017264
57.9591840000000000 0.22098700000000000 0.018291
58.0612240000000000 0.26518100000000000 0.020345
58.1632650000000000 0.24850200000000000 0.020266
58.2653060000000000 0.25105800000000000 0.020016
58.3673470000000000 0.27943800000000000 0.021427
58.4693880000000000 0.31097100000000000 0.022770
58.5714290000000000 0.25429400000000000 0.019969
58.6734690000000000 0.27076800000000000 0.020854
58.7755100000000000 0.23694100000000000 0.018913
58.8775510000000000 0.18231400000000000 0.016471
58.9795920000000000 0.10982400000000000 0.012330
59.0816330000000000 0.08156300000000000 0.010363
59.1836730000000000 0.12390700000000000 0.013391
59.2857140000000000 0.21644000000000000 0.018791
59.3877550000000000 0.27108500000000000 0.020764
59.4897960000000000 0.31466000000000000 0.022922
59.5918370000000000 0.33181200000000000 0.023440
59.6938780000000000 0.34490200000000000 0.024365
59.7959180000000000 0.33655600000000000 0.024132
59.8979590000000000 0.35384400000000000 0.024684
60.0000000000000000 0.33321900000000000 0.024584
