55.0000000000000000 0.37460500000000000 0.025384
55.1020410000000000 0.39560100000000000 0.026363
55.2040820000000000 0.35601400000000000 0.024784
55.3061220000000000 0.34798900000000000 0.024096
55.4081630000000000 0.38348300000000000 0.025961
55.5102040000000000 0.39140100000000000 0.027011
55.6122450000000000 0.35282700000000000 0.024272
55.7142860000000000 0.31538300000000000 0.022157
55.8163270000000000 0.33105000000000000 0.023658
55.9183670000000000 0.31313800000000000 0.022515
56.0204080000000000 0.34097200000000000 0.024303
56.1224490000000000 0.39352900000000000 0.026560
56.2244900000000000 0.40397900000000000 0.026373
56.3265310000000000 0.32980000000000000 0.024109
56.4285710000000000 0.34213600000000000 0.023976
56.5306120000000000 0.35693900000000000 0.025100
56.6326530000000000 0.32742800000000000 0.023476
56.7346940000000000 0.37284200000000000 0.025511
56.8367350000000000 0.35969000000000000 0.025460
56.9387760000000000 0.36049100000000000 0.024195
57.0408160000000000 0.39963000000000000 0.026892
57.1428570000000000 0.38323200000000000 0.025975
57.2448980000000000 0.38053900000000000 0.026450
57.3469390000000000 0.38571400000000000 0.026927
57.4489800000000000 0.34902300000000000 0.024377
57.5510200000000000 0.37020300000000000 0.025244
57.6530610000000000 0.35938800000000000 0.025151
57.7551020000000000 0.38555900000000000 0.026119
57.8571430000000000 0.38716600000000000 0.026308
57.9591840000000000 0.38339400000000000 0.026020
58.0612240000000000 0.37099400000000000 0.025304
58.1632650000000000 0.36287300000000000 0.025823
58.2653060000000000 0.36875700000000000 0.025637
58.3673470000000000 0.37180300000000000 0.025805
58.4693880000000000 0.34161800000000000 0.024212
58.5714290000000000 0.36834900000000000 0.025366
58.6734690000000000 0.31131100000000000 0.022797
58.7755100000000000 0.28897900000000000 0.021421
58.8775510000000000 0.20439900000000000 0.017619
58.9795920000000000 0.11416900000000000 0.012586
59.0816330000000000 0.11602400000000000 0.012442
59.1836730000000000 0.15991900000000000 0.015420
59.2857140000000000 0.23407400000000000 0.019701
59.3877550000000000 0.30251800000000000 0.022268
59.4897960000000000 0.34524100000000000 0.024356
59.5918370000000000 0.37221200000000000 0.025299
59.6938780000000000 0.34490200000000000 0.024365
59.7959180000000000 0.34543900000000000 0.024549
59.8979590000000000 0.37012000000000000 0.025435
60.0000000000000000 0.35315800000000000 0.025539
