55.0000000000000000 0.38203100000000000 0.025722
55.1020410000000000 0.35307500000000000 0.024422
55.2040820000000000 0.41677800000000000 0.027567
55.3061220000000000 0.42599800000000000 0.027630
55.4081630000000000 0.33502300000000000 0.023727
55.5102040000000000 0.36174100000000000 0.025623
55.6122450000000000 0.29404000000000000 0.021545
55.7142860000000000 0.28203600000000000 0.020614
55.8163270000000000 0.29186000000000000 0.021805
55.9183670000000000 0.32265500000000000 0.022959
56.0204080000000000 0.36531900000000000 0.025439
56.1224490000000000 0.33032100000000000 0.023635
56.2244900000000000 0.37513100000000000 0.025079
56.3265310000000000 0.39596400000000000 0.027223
56.4285710000000000 0.35282400000000000 0.024469
56.5306120000000000 0.40140300000000000 0.027159
56.6326530000000000 0.38288600000000000 0.026047
56.7346940000000000 0.35663600000000000 0.024765
56.8367350000000000 0.38010700000000000 0.026416
56.9387760000000000 0.34635800000000000 0.023558
57.0408160000000000 0.34599700000000000 0.024416
57.1428570000000000 0.34114300000000000 0.024035
57.2448980000000000 0.36350500000000000 0.025653
57.3469390000000000 0.37992400000000000 0.026655
57.4489800000000000 0.36194500000000000 0.024973
57.5510200000000000 0.37446900000000000 0.025439
57.6530610000000000 0.39586800000000000 0.026838
57.7551020000000000 0.33358900000000000 0.023718
57.8571430000000000 0.36311200000000000 0.025199
57.9591840000000000 0.36173900000000000 0.025025
58.0612240000000000 0.38382000000000000 0.025890
58.1632650000000000 0.35478600000000000 0.025441
58.2653060000000000 0.37208800000000000 0.025792
58.3673470000000000 0.32506400000000000 0.023613
58.4693880000000000 0.35256400000000000 0.024722
58.5714290000000000 0.32055500000000000 0.023142
58.6734690000000000 0.36390800000000000 0.025261
58.7755100000000000 0.31765400000000000 0.022770
58.8775510000000000 0.20439900000000000 0.017619
58.9795920000000000 0.14675600000000000 0.014435
59.0816330000000000 0.09513800000000000 0.011207
59.1836730000000000 0.14641500000000000 0.014674
59.2857140000000000 0.26228900000000000 0.021129
59.3877550000000000 0.35454400000000000 0.024704
59.4897960000000000 0.33759600000000000 0.024000
59.5918370000000000 0.37859100000000000 0.025590
59.6938780000000000 0.35256400000000000 0.024722
59.7959180000000000 0.37319800000000000 0.025844
59.8979590000000000 0.36252400000000000 0.025085
60.0000000000000000 0.35667700000000000 0.025707
