55.0000000000000000 0.39582200000000000 0.026348
55.1020410000000000 0.41580100000000000 0.027275
55.2040820000000000 0.35601400000000000 0.024784
55.3061220000000000 0.31636400000000000 0.022633
55.4081630000000000 0.29733200000000000 0.021956
55.5102040000000000 0.27960600000000000 0.021685
55.6122450000000000 0.26674700000000000 0.020251
55.7142860000000000 0.18300700000000000 0.015813
55.8163270000000000 0.15796200000000000 0.015063
55.9183670000000000 0.14287600000000000 0.014032
56.0204080000000000 0.10746400000000000 0.012308
56.1224490000000000 0.08947700000000000 0.011107
56.2244900000000000 0.07325800000000000 0.009755
56.3265310000000000 0.02065300000000000 0.006111
56.4285710000000000 0.01186900000000000 0.004933
56.5306120000000000 -0.0009950000000000 0.003341
56.6326530000000000 -0.0042360000000000 0.002673
56.7346940000000000 -0.0031280000000000 0.002865
56.8367350000000000 -0.0010150000000000 0.003409
56.9387760000000000 0.00515300000000000 0.003923
57.0408160000000000 -0.0009800000000000 0.003290
57.1428570000000000 0.00119200000000000 0.003586
57.2448980000000000 -0.0032880000000000 0.003012
57.3469390000000000 -0.0021940000000000 0.003282
57.4489800000000000 0.00442100000000000 0.004041
57.5510200000000000 0.00544500000000000 0.004145
57.6530610000000000 -0.0032000000000000 0.002932
57.7551020000000000 0.00336200000000000 0.003914
57.8571430000000000 -0.0064450000000000 0.002204
57.9591840000000000 -0.0031350000000000 0.002872
58.0612240000000000 0.00011200000000000 0.003386
58.1632650000000000 -0.0056550000000000 0.002597
58.2653060000000000 -0.0021040000000000 0.003147
58.3673470000000000 -0.0032220000000000 0.002952
58.4693880000000000 -0.0031690000000000 0.002903
58.5714290000000000 -0.0042310000000000 0.002670
58.6734690000000000 -0.0031720000000000 0.002906
58.7755100000000000 -0.0051990000000000 0.002387
58.8775510000000000 -0.0031970000000000 0.002929
58.9795920000000000 0.00554500000000000 0.004222
59.0816330000000000 0.00011000000000000 0.003308
59.1836730000000000 0.00011800000000000 0.003565
59.2857140000000000 0.01540700000000000 0.005688
59.3877550000000000 0.01203600000000000 0.005002
59.4897960000000000 0.01758900000000000 0.005628
59.5918370000000000 0.02881600000000000 0.006588
59.6938780000000000 0.02857300000000000 0.006687
59.7959180000000000 0.04786200000000000 0.008342
59.8979590000000000 0.05653700000000000 0.008874
60.0000000000000000 0.05407500000000000 0.009089
