55.0000000000000000 0.36187400000000000 0.024803
55.1020410000000000 0.37327500000000000 0.025348
55.2040820000000000 0.37988500000000000 0.025884
55.3061220000000000 0.35642300000000000 0.024483
55.4081630000000000 0.33287000000000000 0.023626
55.5102040000000000 0.34348900000000000 0.024760
55.6122450000000000 0.34547800000000000 0.023935
55.7142860000000000 0.31134100000000000 0.021971
55.8163270000000000 0.25049300000000000 0.019803
55.9183670000000000 0.35649600000000000 0.024521
56.0204080000000000 0.37749300000000000 0.026004
56.1224490000000000 0.37173300000000000 0.025560
56.2244900000000000 0.36482800000000000 0.024613
56.3265310000000000 0.35717800000000000 0.025408
56.4285710000000000 0.35175600000000000 0.024420
56.5306120000000000 0.38472900000000000 0.026391
56.6326530000000000 0.37201200000000000 0.025547
56.7346940000000000 0.35123400000000000 0.024515
56.8367350000000000 0.32225800000000000 0.023687
56.9387760000000000 0.38572800000000000 0.025326
57.0408160000000000 0.38321200000000000 0.026139
57.1428570000000000 0.36164700000000000 0.024984
57.2448980000000000 0.36804700000000000 0.025866
57.3469390000000000 0.38224000000000000 0.026764
57.4489800000000000 0.40609800000000000 0.026991
57.5510200000000000 0.35527100000000000 0.024559
57.6530610000000000 0.31959200000000000 0.023283
57.7551020000000000 0.37581500000000000 0.025672
57.8571430000000000 0.36201900000000000 0.025148
57.9591840000000000 0.36390500000000000 0.025124
58.0612240000000000 0.40626600000000000 0.026909
58.1632650000000000 0.36864900000000000 0.026096
58.2653060000000000 0.36320500000000000 0.025379
58.3673470000000000 0.36067500000000000 0.025287
58.4693880000000000 0.33724000000000000 0.024007
58.5714290000000000 0.35531500000000000 0.024764
58.6734690000000000 0.34199300000000000 0.024241
58.7755100000000000 0.31128200000000000 0.022472
58.8775510000000000 0.18894000000000000 0.016819
58.9795920000000000 0.10439300000000000 0.012005
59.0816330000000000 0.09827100000000000 0.011397
59.1836730000000000 0.14979100000000000 0.014862
59.2857140000000000 0.27051900000000000 0.021541
59.3877550000000000 0.34370500000000000 0.024201
59.4897960000000000 0.37036100000000000 0.025521
59.5918370000000000 0.37433800000000000 0.025396
59.6938780000000000 0.34709100000000000 0.024467
59.7959180000000000 0.36542600000000000 0.025483
59.8979590000000000 0.34299300000000000 0.024180
60.0000000000000000 0.38482600000000000 0.027041
