55.0000000000000000 0.37672700000000000 0.025481
55.1020410000000000 0.39560100000000000 0.026363
55.2040820000000000 0.38965100000000000 0.026332
55.3061220000000000 0.36380200000000000 0.024820
55.4081630000000000 0.37056000000000000 0.025369
55.5102040000000000 0.38455700000000000 0.026692
55.6122450000000000 0.31398600000000000 0.022479
55.7142860000000000 0.29517300000000000 0.021225
55.8163270000000000 0.27988600000000000 0.021231
55.9183670000000000 0.29516000000000000 0.021671
56.0204080000000000 0.35314600000000000 0.024872
56.1224490000000000 0.36846400000000000 0.025409
56.2244900000000000 0.36998000000000000 0.024846
56.3265310000000000 0.34577100000000000 0.024869
56.4285710000000000 0.36885700000000000 0.025206
56.5306120000000000 0.34804600000000000 0.024684
56.6326530000000000 0.32851500000000000 0.023527
56.7346940000000000 0.38796700000000000 0.026204
56.8367350000000000 0.34040700000000000 0.024550
56.9387760000000000 0.39885100000000000 0.025910
57.0408160000000000 0.37336100000000000 0.025685
57.1428570000000000 0.35841000000000000 0.024834
57.2448980000000000 0.33398000000000000 0.024258
57.3469390000000000 0.36834500000000000 0.026109
57.4489800000000000 0.36409900000000000 0.025072
57.5510200000000000 0.34034000000000000 0.023870
57.6530610000000000 0.40360600000000000 0.027193
57.7551020000000000 0.37798000000000000 0.025772
57.8571430000000000 0.37295300000000000 0.025654
57.9591840000000000 0.37364900000000000 0.025573
58.0612240000000000 0.36671900000000000 0.025108
58.1632650000000000 0.39522000000000000 0.027343
58.2653060000000000 0.36209500000000000 0.025327
58.3673470000000000 0.37402900000000000 0.025908
58.4693880000000000 0.34709100000000000 0.024467
58.5714290000000000 0.40636800000000000 0.027107
58.6734690000000000 0.31131100000000000 0.022797
58.7755100000000000 0.29641300000000000 0.021773
58.8775510000000000 0.17127200000000000 0.015886
58.9795920000000000 0.13915300000000000 0.014014
59.0816330000000000 0.11393500000000000 0.012321
59.1836730000000000 0.17004700000000000 0.015969
59.2857140000000000 0.24465500000000000 0.020240
59.3877550000000000 0.34912500000000000 0.024453
59.4897960000000000 0.32558200000000000 0.023436
59.5918370000000000 0.36795900000000000 0.025105
59.6938780000000000 0.35803700000000000 0.024976
59.7959180000000000 0.39762600000000000 0.026972
59.8979590000000000 0.34190800000000000 0.024129
60.0000000000000000 0.37896100000000000 0.026764
