55.0000000000000000 0.42128400000000000 0.027496
55.1020410000000000 0.45407400000000000 0.028989
55.2040820000000000 0.43305300000000000 0.028303
55.3061220000000000 0.43864900000000000 0.028195
55.4081630000000000 0.38025200000000000 0.025814
55.5102040000000000 0.37314900000000000 0.026158
55.6122450000000000 0.30033900000000000 0.021841
55.7142860000000000 0.29315200000000000 0.021131
55.8163270000000000 0.23960700000000000 0.019267
55.9183670000000000 0.25391600000000000 0.019702
56.0204080000000000 0.22145100000000000 0.018507
56.1224490000000000 0.20717500000000000 0.017649
56.2244900000000000 0.20616500000000000 0.017131
56.3265310000000000 0.13815200000000000 0.014307
56.4285710000000000 0.10699500000000000 0.012060
56.5306120000000000 0.04680400000000000 0.008266
56.6326530000000000 0.02947400000000000 0.006740
56.7346940000000000 0.00767600000000000 0.004475
56.8367350000000000 0.00011900000000000 0.003593
56.9387760000000000 -0.0009040000000000 0.003034
57.0408160000000000 0.00777700000000000 0.004534
57.1428570000000000 0.00011300000000000 0.003419
57.2448980000000000 0.00239000000000000 0.003943
57.3469390000000000 0.00012100000000000 0.003668
57.4489800000000000 -0.0020410000000000 0.003052
57.5510200000000000 0.00651100000000000 0.004283
57.6530610000000000 0.00564300000000000 0.004296
57.7551020000000000 0.00119600000000000 0.003598
57.8571430000000000 -0.0009790000000000 0.003286
57.9591840000000000 -0.0042170000000000 0.002661
58.0612240000000000 -0.0009570000000000 0.003212
58.1632650000000000 -0.0010340000000000 0.003472
58.2653060000000000 0.00899900000000000 0.004736
58.3673470000000000 0.00901900000000000 0.004746
58.4693880000000000 0.01543900000000000 0.005412
58.5714290000000000 0.01640800000000000 0.005485
58.6734690000000000 0.01764700000000000 0.005647
58.7755100000000000 0.03622000000000000 0.007214
58.8775510000000000 0.02661700000000000 0.006547
58.9795920000000000 0.01206300000000000 0.005013
59.0816330000000000 0.02099500000000000 0.005796
59.1836730000000000 0.03725500000000000 0.007558
59.2857140000000000 0.06831000000000000 0.010137
59.3877550000000000 0.10633400000000000 0.012108
59.4897960000000000 0.09950200000000000 0.011742
59.5918370000000000 0.13513100000000000 0.013641
59.6938780000000000 0.11066600000000000 0.012429
59.7959180000000000 0.12225600000000000 0.013204
59.8979590000000000 0.15961800000000000 0.015128
60.0000000000000000 0.13852200000000000 0.014531
