55.0000000000000000 0.37036100000000000 0.025191
55.1020410000000000 0.39028500000000000 0.026122
55.2040820000000000 0.37554500000000000 0.025685
55.3061220000000000 0.36380200000000000 0.024820
55.4081630000000000 0.34686900000000000 0.024277
55.5102040000000000 0.32751900000000000 0.024001
55.6122450000000000 0.34652800000000000 0.023983
55.7142860000000000 0.28809900000000000 0.020896
55.8163270000000000 0.29294900000000000 0.021857
55.9183670000000000 0.29939000000000000 0.021871
56.0204080000000000 0.34318600000000000 0.024406
56.1224490000000000 0.36192500000000000 0.025107
56.2244900000000000 0.34731400000000000 0.023818
56.3265310000000000 0.38569700000000000 0.026745
56.4285710000000000 0.36992600000000000 0.025255
56.5306120000000000 0.33470700000000000 0.024057
56.6326530000000000 0.37092500000000000 0.025497
56.7346940000000000 0.35015400000000000 0.024465
56.8367350000000000 0.36536100000000000 0.025726
56.9387760000000000 0.39380400000000000 0.025685
57.0408160000000000 0.33067300000000000 0.023699
57.1428570000000000 0.34114300000000000 0.024035
57.2448980000000000 0.33398000000000000 0.024258
57.3469390000000000 0.36950300000000000 0.026164
57.4489800000000000 0.36086900000000000 0.024924
57.5510200000000000 0.35633800000000000 0.024608
57.6530610000000000 0.34722800000000000 0.024583
57.7551020000000000 0.35524300000000000 0.024724
57.8571430000000000 0.40247300000000000 0.027008
57.9591840000000000 0.34766400000000000 0.024373
58.0612240000000000 0.35816900000000000 0.024715
58.1632650000000000 0.35016500000000000 0.025221
58.2653060000000000 0.39762600000000000 0.026972
58.3673470000000000 0.34287000000000000 0.024453
58.4693880000000000 0.38759000000000000 0.026340
58.5714290000000000 0.35422800000000000 0.024714
58.6734690000000000 0.35733300000000000 0.024956
58.7755100000000000 0.33039800000000000 0.023363
58.8775510000000000 0.19446100000000000 0.017106
58.9795920000000000 0.13154900000000000 0.013587
59.0816330000000000 0.08887300000000000 0.010823
59.1836730000000000 0.17679900000000000 0.016331
59.2857140000000000 0.24465500000000000 0.020240
59.3877550000000000 0.32527900000000000 0.023341
59.4897960000000000 0.38783600000000000 0.026325
59.5918370000000000 0.35945400000000000 0.024715
59.6938780000000000 0.37664400000000000 0.025836
59.7959180000000000 0.34321900000000000 0.024445
59.8979590000000000 0.36252400000000000 0.025085
60.0000000000000000 0.35667700000000000 0.025707
