55.0000000000000000 0.38203100000000000 0.025722
55.1020410000000000 0.33819100000000000 0.023736
55.2040820000000000 0.35709900000000000 0.024834
55.3061220000000000 0.37961500000000000 0.025540
55.4081630000000000 0.36517600000000000 0.025122
55.5102040000000000 0.35946000000000000 0.025515
55.6122450000000000 0.35912500000000000 0.024560
55.7142860000000000 0.30729900000000000 0.021785
55.8163270000000000 0.31472100000000000 0.022890
55.9183670000000000 0.33640300000000000 0.023596
56.0204080000000000 0.33211900000000000 0.023886
56.1224490000000000 0.39679800000000000 0.026710
56.2244900000000000 0.37307100000000000 0.024986
56.3265310000000000 0.31611100000000000 0.023454
56.4285710000000000 0.37954500000000000 0.025695
56.5306120000000000 0.38139400000000000 0.026236
56.6326530000000000 0.39376100000000000 0.026545
56.7346940000000000 0.36960100000000000 0.025362
56.8367350000000000 0.41073300000000000 0.027837
56.9387760000000000 0.37159500000000000 0.024694
57.0408160000000000 0.39634700000000000 0.026741
57.1428570000000000 0.35841000000000000 0.024834
57.2448980000000000 0.37031800000000000 0.025972
57.3469390000000000 0.35676500000000000 0.025561
57.4489800000000000 0.32533100000000000 0.023274
57.5510200000000000 0.36167100000000000 0.024853
57.6530610000000000 0.35717700000000000 0.025048
57.7551020000000000 0.38122800000000000 0.025921
57.8571430000000000 0.37185900000000000 0.025603
57.9591840000000000 0.33575400000000000 0.023819
58.0612240000000000 0.38488900000000000 0.025938
58.1632650000000000 0.37558000000000000 0.026423
58.2653060000000000 0.36764700000000000 0.025586
58.3673470000000000 0.36067500000000000 0.025287
58.4693880000000000 0.38102300000000000 0.026038
58.5714290000000000 0.40962700000000000 0.027255
58.6734690000000000 0.35404600000000000 0.024803
58.7755100000000000 0.32402600000000000 0.023067
58.8775510000000000 0.19225200000000000 0.016991
58.9795920000000000 0.10547900000000000 0.012071
59.0816330000000000 0.10871400000000000 0.012017
59.1836730000000000 0.17905000000000000 0.016451
59.2857140000000000 0.23877700000000000 0.019941
59.3877550000000000 0.34262200000000000 0.024151
59.4897960000000000 0.37800600000000000 0.025874
59.5918370000000000 0.38603300000000000 0.025929
59.6938780000000000 0.36898300000000000 0.025483
59.7959180000000000 0.37986100000000000 0.026152
59.8979590000000000 0.34082300000000000 0.024079
60.0000000000000000 0.36371400000000000 0.026042
