55.0000000000000000 0.43825800000000000 0.028256
55.1020410000000000 0.42218000000000000 0.027562
55.2040820000000000 0.39507600000000000 0.026579
55.3061220000000000 0.41124000000000000 0.026968
55.4081630000000000 0.39209800000000000 0.026354
55.5102040000000000 0.39254200000000000 0.027064
55.6122450000000000 0.37697100000000000 0.025372
55.7142860000000000 0.31033000000000000 0.021925
55.8163270000000000 0.30165800000000000 0.022272
55.9183670000000000 0.33746100000000000 0.023645
56.0204080000000000 0.34761200000000000 0.024614
56.1224490000000000 0.36192500000000000 0.025107
56.2244900000000000 0.35864700000000000 0.024333
56.3265310000000000 0.31611100000000000 0.023454
56.4285710000000000 0.30472700000000000 0.022229
56.5306120000000000 0.29802500000000000 0.022313
56.6326530000000000 0.25457100000000000 0.019993
56.7346940000000000 0.17621400000000000 0.015978
56.8367350000000000 0.15211400000000000 0.015050
56.9387760000000000 0.13537700000000000 0.013305
57.0408160000000000 0.07235600000000000 0.010020
57.1428570000000000 0.03033100000000000 0.006783
57.2448980000000000 0.01261100000000000 0.005242
57.3469390000000000 0.00243700000000000 0.004020
57.4489800000000000 -0.0020410000000000 0.003052
57.5510200000000000 0.00117800000000000 0.003544
57.6530610000000000 0.00122100000000000 0.003673
57.7551020000000000 -0.0009690000000000 0.003254
57.8571430000000000 0.00120800000000000 0.003633
57.9591840000000000 0.00227900000000000 0.003759
58.0612240000000000 0.00545600000000000 0.004154
58.1632650000000000 0.00358700000000000 0.004176
58.2653060000000000 0.00455800000000000 0.004167
58.3673470000000000 -0.0009960000000000 0.003344
58.4693880000000000 -0.0009800000000000 0.003290
58.5714290000000000 0.00445900000000000 0.004077
58.6734690000000000 0.00997700000000000 0.004804
58.7755100000000000 0.00967000000000000 0.004656
58.8775510000000000 0.01115800000000000 0.004970
58.9795920000000000 0.01097600000000000 0.004889
59.0816330000000000 0.01055200000000000 0.004700
59.1836730000000000 0.02825200000000000 0.006776
59.2857140000000000 0.06243200000000000 0.009719
59.3877550000000000 0.07165000000000000 0.009919
59.4897960000000000 0.09841000000000000 0.011676
59.5918370000000000 0.11705700000000000 0.012616
59.6938780000000000 0.12708400000000000 0.013385
59.7959180000000000 0.10560100000000000 0.012216
59.8979590000000000 0.16829800000000000 0.015592
60.0000000000000000 0.15259700000000000 0.015331
