55.0000000000000000 0.36081300000000000 0.024754
55.1020410000000000 0.38922200000000000 0.026074
55.2040820000000000 0.35926900000000000 0.024935
55.3061220000000000 0.36380200000000000 0.024820
55.4081630000000000 0.35548400000000000 0.024675
55.5102040000000000 0.35033400000000000 0.025085
55.6122450000000000 0.33603100000000000 0.023500
55.7142860000000000 0.27395200000000000 0.020235
55.8163270000000000 0.32451900000000000 0.023351
55.9183670000000000 0.29093000000000000 0.021471
56.0204080000000000 0.39741300000000000 0.026922
56.1224490000000000 0.36301500000000000 0.025157
56.2244900000000000 0.34422300000000000 0.023677
56.3265310000000000 0.35946000000000000 0.025515
56.4285710000000000 0.37099400000000000 0.025304
56.5306120000000000 0.36916700000000000 0.025669
56.6326530000000000 0.35570100000000000 0.024794
56.7346940000000000 0.37716300000000000 0.025709
56.8367350000000000 0.37330100000000000 0.026098
56.9387760000000000 0.32919700000000000 0.022779
57.0408160000000000 0.37007700000000000 0.025533
57.1428570000000000 0.38646900000000000 0.026123
57.2448980000000000 0.37259000000000000 0.026078
57.3469390000000000 0.35444900000000000 0.025451
57.4489800000000000 0.36948400000000000 0.025320
57.5510200000000000 0.38726800000000000 0.026022
57.6530610000000000 0.39144600000000000 0.026634
57.7551020000000000 0.37906300000000000 0.025821
57.8571430000000000 0.37623300000000000 0.025805
57.9591840000000000 0.37148400000000000 0.025473
58.0612240000000000 0.35389300000000000 0.024519
58.1632650000000000 0.37327000000000000 0.026314
58.2653060000000000 0.36098400000000000 0.025276
58.3673470000000000 0.37959300000000000 0.026166
58.4693880000000000 0.36022600000000000 0.025077
58.5714290000000000 0.38138400000000000 0.025966
58.6734690000000000 0.33651400000000000 0.023985
58.7755100000000000 0.30172400000000000 0.022023
58.8775510000000000 0.18231400000000000 0.016471
58.9795920000000000 0.12611800000000000 0.013279
59.0816330000000000 0.12437800000000000 0.012918
59.1836730000000000 0.15316700000000000 0.015049
59.2857140000000000 0.23760100000000000 0.019881
59.3877550000000000 0.32311200000000000 0.023239
59.4897960000000000 0.37363700000000000 0.025672
59.5918370000000000 0.33074900000000000 0.023391
59.6938780000000000 0.37117200000000000 0.025584
59.7959180000000000 0.36320500000000000 0.025379
59.8979590000000000 0.37446000000000000 0.025635
60.0000000000000000 0.37778800000000000 0.026709
