55.0000000000000000 0.42552700000000000 0.027686
55.1020410000000000 0.46789500000000000 0.029604
55.2040820000000000 0.40918200000000000 0.027222
55.3061220000000000 0.42389000000000000 0.027536
55.4081630000000000 0.40502100000000000 0.026942
55.5102040000000000 0.45528400000000000 0.029957
55.6122450000000000 0.35282700000000000 0.024272
55.7142860000000000 0.30426700000000000 0.021646
55.8163270000000000 0.33105000000000000 0.023658
55.9183670000000000 0.35120800000000000 0.024278
56.0204080000000000 0.40405300000000000 0.027227
56.1224490000000000 0.38481100000000000 0.026161
56.2244900000000000 0.37307100000000000 0.024986
56.3265310000000000 0.38341600000000000 0.026639
56.4285710000000000 0.36671900000000000 0.025108
56.5306120000000000 0.38472900000000000 0.026391
56.6326530000000000 0.32307800000000000 0.023272
56.7346940000000000 0.27452800000000000 0.020899
56.8367350000000000 0.23038000000000000 0.019180
56.9387760000000000 0.20099300000000000 0.016709
57.0408160000000000 0.16648800000000000 0.015563
57.1428570000000000 0.11666800000000000 0.012690
57.2448980000000000 0.05462700000000000 0.008964
57.3469390000000000 0.02328000000000000 0.006432
57.4489800000000000 -0.0041950000000000 0.002647
57.5510200000000000 0.00011200000000000 0.003379
57.6530610000000000 -0.0032000000000000 0.002932
57.7551020000000000 0.00227900000000000 0.003759
57.8571430000000000 0.00120800000000000 0.003633
57.9591840000000000 -0.0053000000000000 0.002433
58.0612240000000000 0.00331900000000000 0.003864
58.1632650000000000 0.00936300000000000 0.004927
58.2653060000000000 -0.0021040000000000 0.003147
58.3673470000000000 0.00011700000000000 0.003525
58.4693880000000000 0.00887100000000000 0.004668
58.5714290000000000 0.00554500000000000 0.004222
58.6734690000000000 0.00230600000000000 0.003804
58.7755100000000000 0.00011100000000000 0.003364
58.8775510000000000 -0.0043010000000000 0.002714
58.9795920000000000 -0.0009720000000000 0.003264
59.0816330000000000 0.00011000000000000 0.003308
59.1836730000000000 0.01024600000000000 0.004934
59.2857140000000000 0.02833800000000000 0.006974
59.3877550000000000 0.05647600000000000 0.008864
59.4897960000000000 0.07438200000000000 0.010144
59.5918370000000000 0.08728900000000000 0.010826
59.6938780000000000 0.11285500000000000 0.012558
59.7959180000000000 0.12003600000000000 0.013075
59.8979590000000000 0.12272600000000000 0.013077
60.0000000000000000 0.13852200000000000 0.014531
