55.0000000000000000 0.35550900000000000 0.024511
55.1020410000000000 0.39453800000000000 0.026315
55.2040820000000000 0.39941700000000000 0.026777
55.3061220000000000 0.35115200000000000 0.024241
55.4081630000000000 0.36517600000000000 0.025122
55.5102040000000000 0.35033400000000000 0.025085
55.6122450000000000 0.34023000000000000 0.023694
55.7142860000000000 0.34367700000000000 0.023447
55.8163270000000000 0.28532900000000000 0.021492
55.9183670000000000 0.30679200000000000 0.022218
56.0204080000000000 0.34982600000000000 0.024717
56.1224490000000000 0.36301500000000000 0.025157
56.2244900000000000 0.37616200000000000 0.025125
56.3265310000000000 0.40737200000000000 0.027753
56.4285710000000000 0.37740700000000000 0.025597
56.5306120000000000 0.40029200000000000 0.027108
56.6326530000000000 0.33069000000000000 0.023629
56.7346940000000000 0.37176200000000000 0.025461
56.8367350000000000 0.38577900000000000 0.026680
56.9387760000000000 0.36856700000000000 0.024558
57.0408160000000000 0.39415800000000000 0.026641
57.1428570000000000 0.36812300000000000 0.025282
57.2448980000000000 0.32489500000000000 0.023825
57.3469390000000000 0.37181800000000000 0.026273
57.4489800000000000 0.32533100000000000 0.023274
57.5510200000000000 0.36273700000000000 0.024902
57.6530610000000000 0.34391200000000000 0.024428
57.7551020000000000 0.38880700000000000 0.026268
57.8571430000000000 0.35545900000000000 0.024844
57.9591840000000000 0.37256700000000000 0.025523
58.0612240000000000 0.36244400000000000 0.024912
58.1632650000000000 0.36980400000000000 0.026151
58.2653060000000000 0.37430900000000000 0.025895
58.3673470000000000 0.39517300000000000 0.026886
58.4693880000000000 0.36351000000000000 0.025230
58.5714290000000000 0.37269400000000000 0.025566
58.6734690000000000 0.32774800000000000 0.023573
58.7755100000000000 0.32190200000000000 0.022968
58.8775510000000000 0.19114800000000000 0.016934
58.9795920000000000 0.11851400000000000 0.012840
59.0816330000000000 0.10035900000000000 0.011522
59.1836730000000000 0.15541700000000000 0.015173
59.2857140000000000 0.25170800000000000 0.020597
59.3877550000000000 0.32961500000000000 0.023544
59.4897960000000000 0.37909800000000000 0.025924
59.5918370000000000 0.36902200000000000 0.025153
59.6938780000000000 0.37445500000000000 0.025735
59.7959180000000000 0.36431500000000000 0.025431
59.8979590000000000 0.37229000000000000 0.025535
60.0000000000000000 0.39420900000000000 0.027483
