55.0000000000000000 0.33959500000000000 0.023778
55.1020410000000000 0.32543400000000000 0.023144
55.2040820000000000 0.30393100000000000 0.022346
55.3061220000000000 0.29000900000000000 0.021397
55.4081630000000000 0.28656400000000000 0.021444
55.5102040000000000 0.22827200000000000 0.019125
55.6122450000000000 0.18591600000000000 0.016257
55.7142860000000000 0.13652400000000000 0.013374
55.8163270000000000 0.12421500000000000 0.013184
55.9183670000000000 0.06673500000000000 0.009457
56.0204080000000000 0.05655700000000000 0.008975
56.1224490000000000 0.01537100000000000 0.005388
56.2244900000000000 0.00216900000000000 0.003577
56.3265310000000000 -0.0044430000000000 0.002804
56.4285710000000000 0.00545600000000000 0.004154
56.5306120000000000 -0.0009950000000000 0.003341
56.6326530000000000 -0.0042360000000000 0.002673
56.7346940000000000 -0.0020470000000000 0.003062
56.8367350000000000 -0.0021500000000000 0.003215
56.9387760000000000 0.00616300000000000 0.004054
57.0408160000000000 0.00230400000000000 0.003800
57.1428570000000000 0.00227200000000000 0.003747
57.2448980000000000 -0.0055590000000000 0.002552
57.3469390000000000 -0.0056680000000000 0.002603
57.4489800000000000 -0.0020410000000000 0.003052
57.5510200000000000 -0.0030880000000000 0.002829
57.6530610000000000 0.00232700000000000 0.003838
57.7551020000000000 -0.0031350000000000 0.002872
57.8571430000000000 0.00230100000000000 0.003796
57.9591840000000000 -0.0020520000000000 0.003068
58.0612240000000000 0.00973200000000000 0.004686
58.1632650000000000 0.00589700000000000 0.004490
58.2653060000000000 0.02565500000000000 0.006481
58.3673470000000000 0.01458400000000000 0.005383
58.4693880000000000 0.03295200000000000 0.007071
58.5714290000000000 0.03270100000000000 0.007016
58.6734690000000000 0.04832900000000000 0.008314
58.7755100000000000 0.05746000000000000 0.008834
58.8775510000000000 0.02330500000000000 0.006237
58.9795920000000000 0.02183900000000000 0.006030
59.0816330000000000 0.02621600000000000 0.006283
59.1836730000000000 0.04738300000000000 0.008370
59.2857140000000000 0.06008100000000000 0.009548
59.3877550000000000 0.10633400000000000 0.012108
59.4897960000000000 0.09950200000000000 0.011742
59.5918370000000000 0.11918400000000000 0.012739
59.6938780000000000 0.12380000000000000 0.013197
59.7959180000000000 0.15556700000000000 0.015080
59.8979590000000000 0.14117200000000000 0.014119
60.0000000000000000 0.14790500000000000 0.015067
