55.0000000000000000 0.36399600000000000 0.024900
55.1020410000000000 0.39879000000000000 0.026507
55.2040820000000000 0.37337500000000000 0.025585
55.3061220000000000 0.37961500000000000 0.025540
55.4081630000000000 0.39532900000000000 0.026501
55.5102040000000000 0.34234800000000000 0.024706
55.6122450000000000 0.37067200000000000 0.025086
55.7142860000000000 0.32447700000000000 0.022574
55.8163270000000000 0.24613900000000000 0.019589
55.9183670000000000 0.30150500000000000 0.021970
56.0204080000000000 0.38855900000000000 0.026515
56.1224490000000000 0.34121900000000000 0.024145
56.2244900000000000 0.38543400000000000 0.025542
56.3265310000000000 0.39482400000000000 0.027170
56.4285710000000000 0.41267900000000000 0.027198
56.5306120000000000 0.36916700000000000 0.025669
56.6326530000000000 0.38832400000000000 0.026296
56.7346940000000000 0.38040400000000000 0.025858
56.8367350000000000 0.37897300000000000 0.026363
56.9387760000000000 0.35544400000000000 0.023968
57.0408160000000000 0.37773900000000000 0.025887
57.1428570000000000 0.35085500000000000 0.024485
57.2448980000000000 0.37713200000000000 0.026291
57.3469390000000000 0.36834500000000000 0.026109
57.4489800000000000 0.34686900000000000 0.024277
57.5510200000000000 0.37340300000000000 0.025390
57.6530610000000000 0.36159900000000000 0.025254
57.7551020000000000 0.36607000000000000 0.025224
57.8571430000000000 0.38607300000000000 0.026257
57.9591840000000000 0.32601000000000000 0.023364
58.0612240000000000 0.35923700000000000 0.024765
58.1632650000000000 0.36171700000000000 0.025769
58.2653060000000000 0.36431500000000000 0.025431
58.3673470000000000 0.36178800000000000 0.025339
58.4693880000000000 0.35037500000000000 0.024620
58.5714290000000000 0.33793500000000000 0.023956
58.6734690000000000 0.33761000000000000 0.024036
58.7755100000000000 0.28154500000000000 0.021068
58.8775510000000000 0.21323300000000000 0.018071
58.9795920000000000 0.13372200000000000 0.013710
59.0816330000000000 0.09931500000000000 0.011460
59.1836730000000000 0.15879300000000000 0.015358
59.2857140000000000 0.26816700000000000 0.021423
59.3877550000000000 0.34262200000000000 0.024151
59.4897960000000000 0.38128300000000000 0.026024
59.5918370000000000 0.35413800000000000 0.024471
59.6938780000000000 0.33505100000000000 0.023904
59.7959180000000000 0.41428200000000000 0.027736
59.8979590000000000 0.30610100000000000 0.022449
60.0000000000000000 0.32383600000000000 0.024131
