55.0000000000000000 0.33853500000000000 0.023729
55.1020410000000000 0.33393900000000000 0.023539
55.2040820000000000 0.32671700000000000 0.023420
55.3061220000000000 0.28263000000000000 0.021047
55.4081630000000000 0.25641100000000000 0.019991
55.5102040000000000 0.21116100000000000 0.018248
55.6122450000000000 0.15442400000000000 0.014605
55.7142860000000000 0.10620900000000000 0.011671
55.8163270000000000 0.09155700000000000 0.011232
55.9183670000000000 0.06673500000000000 0.009457
56.0204080000000000 0.04217000000000000 0.007881
56.1224490000000000 0.02082000000000000 0.005944
56.2244900000000000 0.00835000000000000 0.004393
56.3265310000000000 0.00354200000000000 0.004124
56.4285710000000000 -0.0052320000000000 0.002402
56.5306120000000000 -0.0032180000000000 0.002948
56.6326530000000000 -0.0042360000000000 0.002673
56.7346940000000000 -0.0052890000000000 0.002428
56.8367350000000000 0.00238800000000000 0.003938
56.9387760000000000 0.00313400000000000 0.003649
57.0408160000000000 0.00120900000000000 0.003637
57.1428570000000000 -0.0042040000000000 0.002652
57.2448980000000000 0.00352600000000000 0.004105
57.3469390000000000 -0.0021940000000000 0.003282
57.4489800000000000 -0.0009640000000000 0.003236
57.5510200000000000 0.00437800000000000 0.004003
57.6530610000000000 0.00011600000000000 0.003502
57.7551020000000000 0.00011400000000000 0.003430
57.8571430000000000 -0.0064450000000000 0.002204
57.9591840000000000 0.00119600000000000 0.003598
58.0612240000000000 0.00011200000000000 0.003386
58.1632650000000000 -0.0033450000000000 0.003064
58.2653060000000000 0.00344800000000000 0.004014
58.3673470000000000 0.00790700000000000 0.004610
58.4693880000000000 0.00558800000000000 0.004254
58.5714290000000000 0.01749400000000000 0.005598
58.6734690000000000 0.01655100000000000 0.005533
58.7755100000000000 0.02878600000000000 0.006581
58.8775510000000000 0.01447100000000000 0.005341
58.9795920000000000 0.00337300000000000 0.003927
59.0816330000000000 0.01995100000000000 0.005694
59.1836730000000000 0.02150000000000000 0.006140
59.2857140000000000 0.04597300000000000 0.008475
59.3877550000000000 0.05430800000000000 0.008707
59.4897960000000000 0.07547400000000000 0.010216
59.5918370000000000 0.09047900000000000 0.011025
59.6938780000000000 0.08549100000000000 0.010880
59.7959180000000000 0.10893200000000000 0.012417
59.8979590000000000 0.09885400000000000 0.011663
60.0000000000000000 0.09512600000000000 0.011913
