55.0000000000000000 0.42234500000000000 0.027543
55.1020410000000000 0.35732800000000000 0.024618
55.2040820000000000 0.35818400000000000 0.024885
55.3061220000000000 0.35853100000000000 0.024579
55.4081630000000000 0.35225300000000000 0.024526
55.5102040000000000 0.28302900000000000 0.021852
55.6122450000000000 0.24995100000000000 0.019442
55.7142860000000000 0.24666900000000000 0.018943
55.8163270000000000 0.15578500000000000 0.014945
55.9183670000000000 0.13758900000000000 0.013741
56.0204080000000000 0.12185000000000000 0.013158
56.1224490000000000 0.10364500000000000 0.011981
56.2244900000000000 0.04235000000000000 0.007571
56.3265310000000000 0.02179400000000000 0.006224
56.4285710000000000 0.00118100000000000 0.003552
56.5306120000000000 0.00011700000000000 0.003521
56.6326530000000000 -0.0009730000000000 0.003268
56.7346940000000000 -0.0020470000000000 0.003062
56.8367350000000000 -0.0010150000000000 0.003409
56.9387760000000000 -0.0039320000000000 0.002481
57.0408160000000000 0.00120900000000000 0.003637
57.1428570000000000 -0.0009660000000000 0.003243
57.2448980000000000 -0.0032880000000000 0.003012
57.3469390000000000 0.00012100000000000 0.003668
57.4489800000000000 -0.0052710000000000 0.002420
57.5510200000000000 0.00437800000000000 0.004003
57.6530610000000000 -0.0076220000000000 0.001941
57.7551020000000000 0.00119600000000000 0.003598
57.8571430000000000 0.00011500000000000 0.003464
57.9591840000000000 0.00119600000000000 0.003598
58.0612240000000000 0.00011200000000000 0.003386
58.1632650000000000 -0.0068100000000000 0.002330
58.2653060000000000 0.00899900000000000 0.004736
58.3673470000000000 -0.0009960000000000 0.003344
58.4693880000000000 0.02419500000000000 0.006286
58.5714290000000000 0.01966600000000000 0.005817
58.6734690000000000 0.02750900000000000 0.006596
58.7755100000000000 0.03515800000000000 0.007127
58.8775510000000000 0.02661700000000000 0.006547
58.9795920000000000 0.01640800000000000 0.005485
59.0816330000000000 0.01159700000000000 0.004819
59.1836730000000000 0.04850800000000000 0.008457
59.2857140000000000 0.07418800000000000 0.010546
59.3877550000000000 0.10416700000000000 0.011978
59.4897960000000000 0.09731800000000000 0.011608
59.5918370000000000 0.09685800000000000 0.011418
59.6938780000000000 0.14897500000000000 0.014613
59.7959180000000000 0.12114600000000000 0.013139
59.8979590000000000 0.12164100000000000 0.013014
60.0000000000000000 0.14204100000000000 0.014733
