55.0000000000000000 0.36187400000000000 0.024803
55.1020410000000000 0.38709600000000000 0.025977
55.2040820000000000 0.36143900000000000 0.025035
55.3061220000000000 0.39542700000000000 0.026256
55.4081630000000000 0.37056000000000000 0.025369
55.5102040000000000 0.35489700000000000 0.025300
55.6122450000000000 0.33183200000000000 0.023307
55.7142860000000000 0.30527800000000000 0.021692
55.8163270000000000 0.30165800000000000 0.022272
55.9183670000000000 0.33851800000000000 0.023694
56.0204080000000000 0.32879900000000000 0.023730
56.1224490000000000 0.35429700000000000 0.024753
56.2244900000000000 0.38749500000000000 0.025635
56.3265310000000000 0.34805200000000000 0.024977
56.4285710000000000 0.38809600000000000 0.026084
56.5306120000000000 0.35138100000000000 0.024840
56.6326530000000000 0.40681000000000000 0.027140
56.7346940000000000 0.36311900000000000 0.025064
56.8367350000000000 0.35288400000000000 0.025140
56.9387760000000000 0.37866200000000000 0.025010
57.0408160000000000 0.40729200000000000 0.027241
57.1428570000000000 0.37567700000000000 0.025629
57.2448980000000000 0.35669200000000000 0.025332
57.3469390000000000 0.35908100000000000 0.025671
57.4489800000000000 0.36625300000000000 0.025171
57.5510200000000000 0.38193500000000000 0.025779
57.6530610000000000 0.36049400000000000 0.025202
57.7551020000000000 0.40504800000000000 0.027008
57.8571430000000000 0.34124500000000000 0.024182
57.9591840000000000 0.32925800000000000 0.023516
58.0612240000000000 0.34427400000000000 0.024075
58.1632650000000000 0.38366700000000000 0.026803
58.2653060000000000 0.40539900000000000 0.027329
58.3673470000000000 0.38960900000000000 0.026629
58.4693880000000000 0.36132100000000000 0.025128
58.5714290000000000 0.37486700000000000 0.025666
58.6734690000000000 0.38582300000000000 0.026272
58.7755100000000000 0.28685500000000000 0.021320
58.8775510000000000 0.18452300000000000 0.016588
58.9795920000000000 0.11308300000000000 0.012522
59.0816330000000000 0.09305000000000000 0.011080
59.1836730000000000 0.14979100000000000 0.014862
59.2857140000000000 0.27992400000000000 0.022008
59.3877550000000000 0.36755100000000000 0.025305
59.4897960000000000 0.35725500000000000 0.024915
59.5918370000000000 0.33712800000000000 0.023686
59.6938780000000000 0.40181900000000000 0.026992
59.7959180000000000 0.39873700000000000 0.027023
59.8979590000000000 0.34082300000000000 0.024079
60.0000000000000000 0.36488700000000000 0.026098
