55.0000000000000000 0.35126500000000000 0.024316
55.1020410000000000 0.39772700000000000 0.026459
55.2040820000000000 0.35275900000000000 0.024633
55.3061220000000000 0.43021500000000000 0.027819
55.4081630000000000 0.32856200000000000 0.023425
55.5102040000000000 0.36972700000000000 0.025998
55.6122450000000000 0.33498100000000000 0.023452
55.7142860000000000 0.28001500000000000 0.020519
55.8163270000000000 0.30492400000000000 0.022427
55.9183670000000000 0.31313800000000000 0.022515
56.0204080000000000 0.32990600000000000 0.023782
56.1224490000000000 0.36410500000000000 0.025208
56.2244900000000000 0.38337400000000000 0.025450
56.3265310000000000 0.38455700000000000 0.026692
56.4285710000000000 0.33999900000000000 0.023877
56.5306120000000000 0.34471200000000000 0.024527
56.6326530000000000 0.36331300000000000 0.025146
56.7346940000000000 0.36527900000000000 0.025163
56.8367350000000000 0.37557000000000000 0.026204
56.9387760000000000 0.36553900000000000 0.024422
57.0408160000000000 0.37664400000000000 0.025836
57.1428570000000000 0.36056800000000000 0.024934
57.2448980000000000 0.34987800000000000 0.025011
57.3469390000000000 0.33013300000000000 0.024291
57.4489800000000000 0.37271400000000000 0.025468
57.5510200000000000 0.34780600000000000 0.024215
57.6530610000000000 0.36491500000000000 0.025408
57.7551020000000000 0.33792000000000000 0.023920
57.8571430000000000 0.35327200000000000 0.024742
57.9591840000000000 0.38447600000000000 0.026069
58.0612240000000000 0.36030600000000000 0.024814
58.1632650000000000 0.35940700000000000 0.025660
58.2653060000000000 0.38319200000000000 0.026306
58.3673470000000000 0.35511100000000000 0.025027
58.4693880000000000 0.36460400000000000 0.025280
58.5714290000000000 0.37160800000000000 0.025516
58.6734690000000000 0.30254500000000000 0.022381
58.7755100000000000 0.35163800000000000 0.024345
58.8775510000000000 0.22317100000000000 0.018574
58.9795920000000000 0.11960000000000000 0.012903
59.0816330000000000 0.11393500000000000 0.012321
59.1836730000000000 0.13291000000000000 0.013911
59.2857140000000000 0.25406000000000000 0.020716
59.3877550000000000 0.28300800000000000 0.021338
59.4897960000000000 0.35725500000000000 0.024915
59.5918370000000000 0.36370700000000000 0.024910
59.6938780000000000 0.36460400000000000 0.025280
59.7959180000000000 0.37875000000000000 0.026101
59.8979590000000000 0.35058900000000000 0.024533
60.0000000000000000 0.34612100000000000 0.025203
