55.0000000000000000 0.38945700000000000 0.026060
55.1020410000000000 0.34244400000000000 0.023932
55.2040820000000000 0.37012000000000000 0.025435
55.3061220000000000 0.38277700000000000 0.025683
55.4081630000000000 0.36840700000000000 0.025270
55.5102040000000000 0.35147500000000000 0.025138
55.6122450000000000 0.32448300000000000 0.022967
55.7142860000000000 0.33458200000000000 0.023034
55.8163270000000000 0.24505000000000000 0.019536
55.9183670000000000 0.27295200000000000 0.020617
56.0204080000000000 0.36421300000000000 0.025388
56.1224490000000000 0.34339900000000000 0.024247
56.2244900000000000 0.36276800000000000 0.024520
56.3265310000000000 0.39824600000000000 0.027329
56.4285710000000000 0.36030600000000000 0.024814
56.5306120000000000 0.37027800000000000 0.025721
56.6326530000000000 0.37092500000000000 0.025497
56.7346940000000000 0.41065500000000000 0.027236
56.8367350000000000 0.36309300000000000 0.025620
56.9387760000000000 0.37462400000000000 0.024830
57.0408160000000000 0.35584800000000000 0.024874
57.1428570000000000 0.37999400000000000 0.025827
57.2448980000000000 0.36350500000000000 0.025653
57.3469390000000000 0.38339800000000000 0.026818
57.4489800000000000 0.33717700000000000 0.023827
57.5510200000000000 0.38300200000000000 0.025828
57.6530610000000000 0.36159900000000000 0.025254
57.7551020000000000 0.41371000000000000 0.027401
57.8571430000000000 0.37513900000000000 0.025754
57.9591840000000000 0.39638600000000000 0.026614
58.0612240000000000 0.33786100000000000 0.023778
58.1632650000000000 0.38597800000000000 0.026911
58.2653060000000000 0.42316500000000000 0.028142
58.3673470000000000 0.36957800000000000 0.025701
58.4693880000000000 0.37555000000000000 0.025786
58.5714290000000000 0.35965900000000000 0.024965
58.6734690000000000 0.35842900000000000 0.025007
58.7755100000000000 0.30384800000000000 0.022123
58.8775510000000000 0.20219000000000000 0.017506
58.9795920000000000 0.11416900000000000 0.012586
59.0816330000000000 0.08051800000000000 0.010297
59.1836730000000000 0.15654300000000000 0.015235
59.2857140000000000 0.27522100000000000 0.021775
59.3877550000000000 0.33611800000000000 0.023848
59.4897960000000000 0.36271600000000000 0.025168
59.5918370000000000 0.38178000000000000 0.025735
59.6938780000000000 0.38430600000000000 0.026189
59.7959180000000000 0.36542600000000000 0.025483
59.8979590000000000 0.36360900000000000 0.025135
60.0000000000000000 0.33673800000000000 0.024753
