55.0000000000000000 0.36081300000000000 0.024754
55.1020410000000000 0.36795900000000000 0.025105
55.2040820000000000 0.37337500000000000 0.025585
55.3061220000000000 0.38383100000000000 0.025731
55.4081630000000000 0.38025200000000000 0.025814
55.5102040000000000 0.35375600000000000 0.025246
55.6122450000000000 0.33708000000000000 0.023549
55.7142860000000000 0.26283700000000000 0.019712
55.8163270000000000 0.30056900000000000 0.022220
55.9183670000000000 0.30996500000000000 0.022367
56.0204080000000000 0.32105200000000000 0.023364
56.1224490000000000 0.38263100000000000 0.026061
56.2244900000000000 0.34113200000000000 0.023536
56.3265310000000000 0.38341600000000000 0.026639
56.4285710000000000 0.32289700000000000 0.023081
56.5306120000000000 0.36472000000000000 0.025463
56.6326530000000000 0.36113800000000000 0.025046
56.7346940000000000 0.34043100000000000 0.024013
56.8367350000000000 0.37330100000000000 0.026098
56.9387760000000000 0.37765200000000000 0.024965
57.0408160000000000 0.36241500000000000 0.025179
57.1428570000000000 0.37136000000000000 0.025431
57.2448980000000000 0.37259000000000000 0.026078
57.3469390000000000 0.41350400000000000 0.028225
57.4489800000000000 0.37486800000000000 0.025567
57.5510200000000000 0.36380400000000000 0.024950
57.6530610000000000 0.37375900000000000 0.025818
57.7551020000000000 0.40504800000000000 0.027008
57.8571430000000000 0.36639200000000000 0.025351
57.9591840000000000 0.33900200000000000 0.023970
58.0612240000000000 0.35175600000000000 0.024420
58.1632650000000000 0.34438800000000000 0.024947
58.2653060000000000 0.36764700000000000 0.025586
58.3673470000000000 0.39294700000000000 0.026783
58.4693880000000000 0.35913100000000000 0.025027
58.5714290000000000 0.34445200000000000 0.024260
58.6734690000000000 0.38801500000000000 0.026372
58.7755100000000000 0.29110300000000000 0.021522
58.8775510000000000 0.17679300000000000 0.016180
58.9795920000000000 0.10330700000000000 0.011940
59.0816330000000000 0.09200500000000000 0.011016
59.1836730000000000 0.17905000000000000 0.016451
59.2857140000000000 0.26816700000000000 0.021423
59.3877550000000000 0.32744700000000000 0.023442
59.4897960000000000 0.38346700000000000 0.026125
59.5918370000000000 0.35626500000000000 0.024569
59.6938780000000000 0.34928000000000000 0.024569
59.7959180000000000 0.37764000000000000 0.026049
59.8979590000000000 0.37120500000000000 0.025485
60.0000000000000000 0.37778800000000000 0.026709
