55.0000000000000000 0.38415300000000000 0.025819
55.1020410000000000 0.33181200000000000 0.023440
55.2040820000000000 0.34190800000000000 0.024129
55.3061220000000000 0.39648100000000000 0.026304
55.4081630000000000 0.34794600000000000 0.024327
55.5102040000000000 0.33208200000000000 0.024218
55.6122450000000000 0.32133400000000000 0.022821
55.7142860000000000 0.29820400000000000 0.021366
55.8163270000000000 0.30492400000000000 0.022427
55.9183670000000000 0.29833200000000000 0.021821
56.0204080000000000 0.36310600000000000 0.025336
56.1224490000000000 0.37173300000000000 0.025560
56.2244900000000000 0.33598100000000000 0.023300
56.3265310000000000 0.40509000000000000 0.027647
56.4285710000000000 0.40305900000000000 0.026763
56.5306120000000000 0.35916200000000000 0.025203
56.6326530000000000 0.35678800000000000 0.024844
56.7346940000000000 0.38580600000000000 0.026105
56.8367350000000000 0.31885500000000000 0.023524
56.9387760000000000 0.37765200000000000 0.024965
57.0408160000000000 0.37555000000000000 0.025786
57.1428570000000000 0.35733100000000000 0.024785
57.2448980000000000 0.32943800000000000 0.024042
57.3469390000000000 0.37529200000000000 0.026437
57.4489800000000000 0.38348300000000000 0.025961
57.5510200000000000 0.37446900000000000 0.025439
57.6530610000000000 0.38481400000000000 0.026329
57.7551020000000000 0.40829600000000000 0.027156
57.8571430000000000 0.35217900000000000 0.024692
57.9591840000000000 0.37256700000000000 0.025523
58.0612240000000000 0.35816900000000000 0.024715
58.1632650000000000 0.37789100000000000 0.026531
58.2653060000000000 0.37986100000000000 0.026152
58.3673470000000000 0.36290100000000000 0.025391
58.4693880000000000 0.34599700000000000 0.024416
58.5714290000000000 0.34228000000000000 0.024159
58.6734690000000000 0.33213100000000000 0.023779
58.7755100000000000 0.29641300000000000 0.021773
58.8775510000000000 0.19335600000000000 0.017049
58.9795920000000000 0.13263500000000000 0.013649
59.0816330000000000 0.08991700000000000 0.010887
59.1836730000000000 0.15429200000000000 0.015111
59.2857140000000000 0.23877700000000000 0.019941
59.3877550000000000 0.31769200000000000 0.022985
59.4897960000000000 0.35070200000000000 0.024611
59.5918370000000000 0.36477000000000000 0.024959
59.6938780000000000 0.37992800000000000 0.025988
59.7959180000000000 0.38319200000000000 0.026306
59.8979590000000000 0.34624800000000000 0.024331
60.0000000000000000 0.33791100000000000 0.024809
