55.0000000000000000 0.37460500000000000 0.025384
55.1020410000000000 0.38815900000000000 0.026025
55.2040820000000000 0.36035400000000000 0.024985
55.3061220000000000 0.40175200000000000 0.026541
55.4081630000000000 0.34686900000000000 0.024277
55.5102040000000000 0.26591700000000000 0.021011
55.6122450000000000 0.25205000000000000 0.019544
55.7142860000000000 0.23353200000000000 0.018312
55.8163270000000000 0.19497500000000000 0.017015
55.9183670000000000 0.17037200000000000 0.015506
56.0204080000000000 0.15837100000000000 0.015208
56.1224490000000000 0.12108100000000000 0.013011
56.2244900000000000 0.06707700000000000 0.009346
56.3265310000000000 0.04004600000000000 0.007851
56.4285710000000000 0.01186900000000000 0.004933
56.5306120000000000 -0.0009950000000000 0.003341
56.6326530000000000 0.00120200000000000 0.003614
56.7346940000000000 -0.0020470000000000 0.003062
56.8367350000000000 0.00011900000000000 0.003593
56.9387760000000000 0.00111500000000000 0.003355
57.0408160000000000 0.00120900000000000 0.003637
57.1428570000000000 0.00335100000000000 0.003901
57.2448980000000000 0.00693300000000000 0.004561
57.3469390000000000 0.00359500000000000 0.004186
57.4489800000000000 0.00226700000000000 0.003739
57.5510200000000000 0.00117800000000000 0.003544
57.6530610000000000 0.00011600000000000 0.003502
57.7551020000000000 0.00336200000000000 0.003914
57.8571430000000000 -0.0020720000000000 0.003099
57.9591840000000000 0.00227900000000000 0.003759
58.0612240000000000 0.00759400000000000 0.004427
58.1632650000000000 0.02091600000000000 0.006190
58.2653060000000000 0.03120700000000000 0.006982
58.3673470000000000 0.03350200000000000 0.007190
58.4693880000000000 0.03733000000000000 0.007439
58.5714290000000000 0.05985700000000000 0.009117
58.6734690000000000 0.06257300000000000 0.009354
58.7755100000000000 0.07232800000000000 0.009855
58.8775510000000000 0.04870200000000000 0.008380
58.9795920000000000 0.04356400000000000 0.007905
59.0816330000000000 0.03561500000000000 0.007092
59.1836730000000000 0.05075900000000000 0.008629
59.2857140000000000 0.11180800000000000 0.012967
59.3877550000000000 0.13776700000000000 0.013922
59.4897960000000000 0.13117500000000000 0.013604
59.5918370000000000 0.13938300000000000 0.013877
59.6938780000000000 0.16539400000000000 0.015504
59.7959180000000000 0.17666400000000000 0.016217
59.8979590000000000 0.15310800000000000 0.014775
60.0000000000000000 0.18426400000000000 0.017070
