55.0000000000000000 0.26215100000000000 0.020129
55.1020410000000000 0.18935100000000000 0.016534
55.2040820000000000 0.17480900000000000 0.015937
55.3061220000000000 0.13399100000000000 0.013520
55.4081630000000000 0.12180100000000000 0.012973
55.5102040000000000 0.08567700000000000 0.011135
55.6122450000000000 0.05679700000000000 0.008729
55.7142860000000000 0.02739000000000000 0.006258
55.8163270000000000 0.01317700000000000 0.005146
55.9183670000000000 0.00645600000000000 0.004247
56.0204080000000000 0.00011600000000000 0.003506
56.1224490000000000 0.00338400000000000 0.003939
56.2244900000000000 0.00216900000000000 0.003577
56.3265310000000000 0.00126000000000000 0.003791
56.4285710000000000 -0.0030940000000000 0.002835
56.5306120000000000 -0.0043300000000000 0.002732
56.6326530000000000 0.00011400000000000 0.003445
56.7346940000000000 0.00227400000000000 0.003751
56.8367350000000000 -0.0044180000000000 0.002788
56.9387760000000000 0.00010600000000000 0.003198
57.0408160000000000 -0.0009800000000000 0.003290
57.1428570000000000 0.00766800000000000 0.004470
57.2448980000000000 -0.0032880000000000 0.003012
57.3469390000000000 -0.0010360000000000 0.003480
57.4489800000000000 0.00334400000000000 0.003893
57.5510200000000000 -0.0009550000000000 0.003205
57.6530610000000000 0.00785400000000000 0.004579
57.7551020000000000 -0.0009690000000000 0.003254
57.8571430000000000 0.00120800000000000 0.003633
57.9591840000000000 0.00227900000000000 0.003759
58.0612240000000000 -0.0020260000000000 0.003029
58.1632650000000000 0.00243200000000000 0.004011
58.2653060000000000 0.00011600000000000 0.003518
58.3673470000000000 0.00011700000000000 0.003525
58.4693880000000000 0.00339900000000000 0.003957
58.5714290000000000 -0.0009720000000000 0.003264
58.6734690000000000 -0.0020770000000000 0.003105
58.7755100000000000 -0.0030750000000000 0.002817
58.8775510000000000 0.00453300000000000 0.004144
58.9795920000000000 -0.0042310000000000 0.002670
59.0816330000000000 0.00011000000000000 0.003308
59.1836730000000000 0.01137200000000000 0.005066
59.2857140000000000 0.01305500000000000 0.005427
59.3877550000000000 0.01420400000000000 0.005242
59.4897960000000000 0.03615600000000000 0.007332
59.5918370000000000 0.03944800000000000 0.007481
59.6938780000000000 0.02310100000000000 0.006182
59.7959180000000000 0.04564100000000000 0.008170
59.8979590000000000 0.06413200000000000 0.009412
60.0000000000000000 0.05055700000000000 0.008821
