55.0000000000000000 0.36717900000000000 0.025045
55.1020410000000000 0.40304300000000000 0.026700
55.2040820000000000 0.33973800000000000 0.024028
55.3061220000000000 0.35009800000000000 0.024193
55.4081630000000000 0.35117700000000000 0.024476
55.5102040000000000 0.33664500000000000 0.024435
55.6122450000000000 0.32973200000000000 0.023210
55.7142860000000000 0.28001500000000000 0.020519
55.8163270000000000 0.28750600000000000 0.021596
55.9183670000000000 0.31102200000000000 0.022416
56.0204080000000000 0.37859900000000000 0.026055
56.1224490000000000 0.34448800000000000 0.024297
56.2244900000000000 0.37410100000000000 0.025032
56.3265310000000000 0.32523700000000000 0.023892
56.4285710000000000 0.39344000000000000 0.026327
56.5306120000000000 0.38250600000000000 0.026288
56.6326530000000000 0.39158600000000000 0.026446
56.7346940000000000 0.39012800000000000 0.026302
56.8367350000000000 0.36649600000000000 0.025780
56.9387760000000000 0.35544400000000000 0.023968
57.0408160000000000 0.35256400000000000 0.024722
57.1428570000000000 0.35625100000000000 0.024735
57.2448980000000000 0.38735200000000000 0.026767
57.3469390000000000 0.35792300000000000 0.025616
57.4489800000000000 0.38779100000000000 0.026158
57.5510200000000000 0.35207200000000000 0.024411
57.6530610000000000 0.36491500000000000 0.025408
57.7551020000000000 0.31951400000000000 0.023059
57.8571430000000000 0.36529900000000000 0.025300
57.9591840000000000 0.35957400000000000 0.024925
58.0612240000000000 0.38275200000000000 0.025841
58.1632650000000000 0.35594100000000000 0.025495
58.2653060000000000 0.32101100000000000 0.023397
58.3673470000000000 0.36735200000000000 0.025598
58.4693880000000000 0.35475300000000000 0.024823
58.5714290000000000 0.33793500000000000 0.023956
58.6734690000000000 0.38691900000000000 0.026322
58.7755100000000000 0.31765400000000000 0.022770
58.8775510000000000 0.19556500000000000 0.017163
58.9795920000000000 0.10547900000000000 0.012071
59.0816330000000000 0.09513800000000000 0.011207
59.1836730000000000 0.17229800000000000 0.016090
59.2857140000000000 0.27051900000000000 0.021541
59.3877550000000000 0.34153800000000000 0.024100
59.4897960000000000 0.37800600000000000 0.025874
59.5918370000000000 0.37008600000000000 0.025202
59.6938780000000000 0.37664400000000000 0.025836
59.7959180000000000 0.37097800000000000 0.025741
59.8979590000000000 0.33322800000000000 0.023725
60.0000000000000000 0.35785000000000000 0.025763
