55.0000000000000000 0.40643100000000000 0.026827
55.1020410000000000 0.37433800000000000 0.025396
55.2040820000000000 0.39399100000000000 0.026530
55.3061220000000000 0.30687600000000000 0.022190
55.4081630000000000 0.34471500000000000 0.024177
55.5102040000000000 0.32295500000000000 0.023782
55.6122450000000000 0.26464700000000000 0.020150
55.7142860000000000 0.17694400000000000 0.015504
55.8163270000000000 0.15796200000000000 0.015063
55.9183670000000000 0.14393400000000000 0.014090
56.0204080000000000 0.13623700000000000 0.013982
56.1224490000000000 0.12762000000000000 0.013386
56.2244900000000000 0.08047000000000000 0.010220
56.3265310000000000 0.05031300000000000 0.008662
56.4285710000000000 0.03003900000000000 0.006717
56.5306120000000000 0.00900900000000000 0.004741
56.6326530000000000 0.00011400000000000 0.003445
56.7346940000000000 -0.0009670000000000 0.003247
56.8367350000000000 -0.0010150000000000 0.003409
56.9387760000000000 -0.0059510000000000 0.002034
57.0408160000000000 -0.0075470000000000 0.001921
57.1428570000000000 -0.0009660000000000 0.003243
57.2448980000000000 -0.0032880000000000 0.003012
57.3469390000000000 0.00938500000000000 0.004939
57.4489800000000000 -0.0009640000000000 0.003236
57.5510200000000000 -0.0009550000000000 0.003205
57.6530610000000000 0.00011600000000000 0.003502
57.7551020000000000 -0.0009690000000000 0.003254
57.8571430000000000 0.00230100000000000 0.003796
57.9591840000000000 -0.0009690000000000 0.003254
58.0612240000000000 0.00011200000000000 0.003386
58.1632650000000000 -0.0033450000000000 0.003064
58.2653060000000000 0.00011600000000000 0.003518
58.3673470000000000 -0.0032220000000000 0.002952
58.4693880000000000 0.00011500000000000 0.003467
58.5714290000000000 0.00120000000000000 0.003610
58.6734690000000000 0.00669000000000000 0.004401
58.7755100000000000 0.00542100000000000 0.004127
58.8775510000000000 0.00563700000000000 0.004292
58.9795920000000000 -0.0009720000000000 0.003264
59.0816330000000000 0.00533100000000000 0.004058
59.1836730000000000 0.01362200000000000 0.005320
59.2857140000000000 0.01775800000000000 0.005939
59.3877550000000000 0.02937900000000000 0.006718
59.4897960000000000 0.05144700000000000 0.008533
59.5918370000000000 0.04263700000000000 0.007734
59.6938780000000000 0.06359900000000000 0.009420
59.7959180000000000 0.07451100000000000 0.010244
59.8979590000000000 0.06304700000000000 0.009336
60.0000000000000000 0.05290200000000000 0.009001
