55.0000000000000000 0.30989100000000000 0.022396
55.1020410000000000 0.31586500000000000 0.022697
55.2040820000000000 0.26703900000000000 0.020579
55.3061220000000000 0.25733000000000000 0.019837
55.4081630000000000 0.23810400000000000 0.019095
55.5102040000000000 0.23055400000000000 0.019241
55.6122450000000000 0.16387100000000000 0.015108
55.7142860000000000 0.14460800000000000 0.013811
55.8163270000000000 0.09700000000000000 0.011569
55.9183670000000000 0.10269100000000000 0.011738
56.0204080000000000 0.05655700000000000 0.008975
56.1224490000000000 0.03825700000000000 0.007495
56.2244900000000000 0.03410700000000000 0.006911
56.3265310000000000 0.01837200000000000 0.005880
56.4285710000000000 0.01080000000000000 0.004811
56.5306120000000000 0.00234000000000000 0.003859
56.6326530000000000 -0.0031480000000000 0.002884
56.7346940000000000 -0.0031280000000000 0.002865
56.8367350000000000 0.00352200000000000 0.004100
56.9387760000000000 0.00111500000000000 0.003355
57.0408160000000000 0.00120900000000000 0.003637
57.1428570000000000 -0.0031240000000000 0.002862
57.2448980000000000 -0.0010160000000000 0.003413
57.3469390000000000 0.00359500000000000 0.004186
57.4489800000000000 -0.0009640000000000 0.003236
57.5510200000000000 0.00011200000000000 0.003379
57.6530610000000000 0.00011600000000000 0.003502
57.7551020000000000 0.00227900000000000 0.003759
57.8571430000000000 -0.0031650000000000 0.002900
57.9591840000000000 -0.0020520000000000 0.003068
58.0612240000000000 0.00225000000000000 0.003711
58.1632650000000000 -0.0079660000000000 0.002029
58.2653060000000000 0.00344800000000000 0.004014
58.3673470000000000 -0.0032220000000000 0.002952
58.4693880000000000 -0.0009800000000000 0.003290
58.5714290000000000 0.00011400000000000 0.003441
58.6734690000000000 0.00449800000000000 0.004112
58.7755100000000000 0.00011100000000000 0.003364
58.8775510000000000 -0.0043010000000000 0.002714
58.9795920000000000 -0.0009720000000000 0.003264
59.0816330000000000 -0.0019790000000000 0.002959
59.1836730000000000 0.00011800000000000 0.003565
59.2857140000000000 -0.0022280000000000 0.003332
59.3877550000000000 -0.0042220000000000 0.002664
59.4897960000000000 0.00011500000000000 0.003460
59.5918370000000000 0.00330100000000000 0.003843
59.6938780000000000 0.00449300000000000 0.004108
59.7959180000000000 0.00566800000000000 0.004316
59.8979590000000000 0.00770900000000000 0.004494
60.0000000000000000 0.01067900000000000 0.005143
