55.0000000000000000 0.44568400000000000 0.028588
55.1020410000000000 0.36583300000000000 0.025008
55.2040820000000000 0.42111800000000000 0.027763
55.3061220000000000 0.42389000000000000 0.027536
55.4081630000000000 0.37056000000000000 0.025369
55.5102040000000000 0.39368300000000000 0.027117
55.6122450000000000 0.36962300000000000 0.025038
55.7142860000000000 0.32548800000000000 0.022620
55.8163270000000000 0.32996200000000000 0.023607
55.9183670000000000 0.30573500000000000 0.022169
56.0204080000000000 0.29559900000000000 0.022151
56.1224490000000000 0.28455000000000000 0.021466
56.2244900000000000 0.25458800000000000 0.019496
56.3265310000000000 0.26819900000000000 0.021124
56.4285710000000000 0.18501900000000000 0.016352
56.5306120000000000 0.13462000000000000 0.013922
56.6326530000000000 0.06753400000000000 0.009658
56.7346940000000000 0.01307800000000000 0.005107
56.8367350000000000 0.00125300000000000 0.003769
56.9387760000000000 0.00010600000000000 0.003198
57.0408160000000000 -0.0009800000000000 0.003290
57.1428570000000000 0.00443000000000000 0.004050
57.2448980000000000 0.00125500000000000 0.003774
57.3469390000000000 0.00127900000000000 0.003848
57.4489800000000000 -0.0009640000000000 0.003236
57.5510200000000000 0.00117800000000000 0.003544
57.6530610000000000 0.00122100000000000 0.003673
57.7551020000000000 -0.0031350000000000 0.002872
57.8571430000000000 0.01542200000000000 0.005406
57.9591840000000000 0.01743700000000000 0.005579
58.0612240000000000 0.03859000000000000 0.007436
58.1632650000000000 0.06943700000000000 0.010118
58.2653060000000000 0.08339400000000000 0.010828
58.3673470000000000 0.09915900000000000 0.011837
58.4693880000000000 0.12051700000000000 0.013007
58.5714290000000000 0.13372200000000000 0.013710
58.6734690000000000 0.14585100000000000 0.014448
58.7755100000000000 0.14135900000000000 0.013978
58.8775510000000000 0.09728800000000000 0.011674
58.9795920000000000 0.05551200000000000 0.008805
59.0816330000000000 0.06276600000000000 0.009121
59.1836730000000000 0.08001800000000000 0.010685
59.2857140000000000 0.16118500000000000 0.015829
59.3877550000000000 0.19087800000000000 0.016768
59.4897960000000000 0.23383900000000000 0.019010
59.5918370000000000 0.23294000000000000 0.018725
59.6938780000000000 0.24420200000000000 0.019544
59.7959180000000000 0.24550700000000000 0.019741
59.8979590000000000 0.25401800000000000 0.019945
60.0000000000000000 0.26402000000000000 0.021193
