55.0000000000000000 0.34065600000000000 0.023827
55.1020410000000000 0.36264400000000000 0.024862
55.2040820000000000 0.32346200000000000 0.023267
55.3061220000000000 0.33006800000000000 0.023269
55.4081630000000000 0.38132900000000000 0.025863
55.5102040000000000 0.31725200000000000 0.023509
55.6122450000000000 0.34862800000000000 0.024080
55.7142860000000000 0.27092100000000000 0.020093
55.8163270000000000 0.28424000000000000 0.021440
55.9183670000000000 0.33323000000000000 0.023449
56.0204080000000000 0.34207900000000000 0.024355
56.1224490000000000 0.36519500000000000 0.025258
56.2244900000000000 0.33701100000000000 0.023347
56.3265310000000000 0.37543100000000000 0.026265
56.4285710000000000 0.41054100000000000 0.027102
56.5306120000000000 0.37250200000000000 0.025824
56.6326530000000000 0.37527400000000000 0.025698
56.7346940000000000 0.39336900000000000 0.026450
56.8367350000000000 0.35742100000000000 0.025354
56.9387760000000000 0.38774700000000000 0.025416
57.0408160000000000 0.36132100000000000 0.025128
57.1428570000000000 0.38862800000000000 0.026221
57.2448980000000000 0.37940300000000000 0.026397
57.3469390000000000 0.38339800000000000 0.026818
57.4489800000000000 0.37594500000000000 0.025616
57.5510200000000000 0.35953800000000000 0.024755
57.6530610000000000 0.34170100000000000 0.024325
57.7551020000000000 0.36931800000000000 0.025374
57.8571430000000000 0.32703100000000000 0.023516
57.9591840000000000 0.36498800000000000 0.025174
58.0612240000000000 0.39130200000000000 0.026230
58.1632650000000000 0.38482300000000000 0.026857
58.2653060000000000 0.35210100000000000 0.024861
58.3673470000000000 0.33174100000000000 0.023929
58.4693880000000000 0.37007700000000000 0.025533
58.5714290000000000 0.37378100000000000 0.025616
58.6734690000000000 0.35075900000000000 0.024650
58.7755100000000000 0.26136700000000000 0.020101
58.8775510000000000 0.21212800000000000 0.018014
58.9795920000000000 0.12720400000000000 0.013341
59.0816330000000000 0.11706800000000000 0.012502
59.1836730000000000 0.14979100000000000 0.014862
59.2857140000000000 0.24347900000000000 0.020180
59.3877550000000000 0.33178300000000000 0.023645
59.4897960000000000 0.34196400000000000 0.024204
59.5918370000000000 0.34563300000000000 0.024079
59.6938780000000000 0.37883400000000000 0.025937
59.7959180000000000 0.35654300000000000 0.025069
59.8979590000000000 0.36469500000000000 0.025185
60.0000000000000000 0.35433100000000000 0.025595
