55.0000000000000000 0.32898700000000000 0.023286
55.1020410000000000 0.32968600000000000 0.023341
55.2040820000000000 0.29742100000000000 0.022037
55.3061220000000000 0.29844300000000000 0.021794
55.4081630000000000 0.27148700000000000 0.020721
55.5102040000000000 0.25451000000000000 0.020445
55.6122450000000000 0.19746300000000000 0.016846
55.7142860000000000 0.15168100000000000 0.014188
55.8163270000000000 0.13510100000000000 0.013803
55.9183670000000000 0.11432300000000000 0.012423
56.0204080000000000 0.09197000000000000 0.011356
56.1224490000000000 0.07204100000000000 0.009975
56.2244900000000000 0.03513800000000000 0.006996
56.3265310000000000 0.03434300000000000 0.007373
56.4285710000000000 0.01507600000000000 0.005284
56.5306120000000000 0.00456300000000000 0.004172
56.6326530000000000 -0.0031480000000000 0.002884
56.7346940000000000 -0.0020470000000000 0.003062
56.8367350000000000 0.00125300000000000 0.003769
56.9387760000000000 0.00212500000000000 0.003505
57.0408160000000000 -0.0009800000000000 0.003290
57.1428570000000000 0.00443000000000000 0.004050
57.2448980000000000 -0.0021520000000000 0.003218
57.3469390000000000 -0.0021940000000000 0.003282
57.4489800000000000 0.00011300000000000 0.003411
57.5510200000000000 -0.0020210000000000 0.003023
57.6530610000000000 -0.0032000000000000 0.002932
57.7551020000000000 0.00011400000000000 0.003430
57.8571430000000000 0.00339500000000000 0.003952
57.9591840000000000 0.00011400000000000 0.003430
58.0612240000000000 0.00331900000000000 0.003864
58.1632650000000000 0.00012100000000000 0.003660
58.2653060000000000 -0.0009940000000000 0.003337
58.3673470000000000 -0.0009960000000000 0.003344
58.4693880000000000 -0.0031690000000000 0.002903
58.5714290000000000 0.00120000000000000 0.003610
58.6734690000000000 0.00011500000000000 0.003471
58.7755100000000000 -0.0030750000000000 0.002817
58.8775510000000000 0.00232400000000000 0.003834
58.9795920000000000 -0.0009720000000000 0.003264
59.0816330000000000 0.00011000000000000 0.003308
59.1836730000000000 0.01024600000000000 0.004934
59.2857140000000000 0.00482600000000000 0.004412
59.3877550000000000 0.00878500000000000 0.004622
59.4897960000000000 0.01103600000000000 0.004916
59.5918370000000000 0.02243800000000000 0.006003
59.6938780000000000 0.02966800000000000 0.006785
59.7959180000000000 0.02010300000000000 0.005947
59.8979590000000000 0.02941100000000000 0.006725
60.0000000000000000 0.04000100000000000 0.007979
