55.0000000000000000 0.35338700000000000 0.024413
55.1020410000000000 0.34457000000000000 0.024030
55.2040820000000000 0.36035400000000000 0.024985
55.3061220000000000 0.36169400000000000 0.024724
55.4081630000000000 0.35440700000000000 0.024626
55.5102040000000000 0.35375600000000000 0.025246
55.6122450000000000 0.35597600000000000 0.024416
55.7142860000000000 0.29618300000000000 0.021272
55.8163270000000000 0.28315200000000000 0.021388
55.9183670000000000 0.30573500000000000 0.022169
56.0204080000000000 0.31994600000000000 0.023311
56.1224490000000000 0.34557800000000000 0.024348
56.2244900000000000 0.36070700000000000 0.024427
56.3265310000000000 0.38912000000000000 0.026905
56.4285710000000000 0.36458200000000000 0.025010
56.5306120000000000 0.40029200000000000 0.027108
56.6326530000000000 0.36875000000000000 0.025397
56.7346940000000000 0.37392200000000000 0.025561
56.8367350000000000 0.39145000000000000 0.026944
56.9387760000000000 0.37967100000000000 0.025055
57.0408160000000000 0.32738900000000000 0.023545
57.1428570000000000 0.37783600000000000 0.025728
57.2448980000000000 0.36009800000000000 0.025492
57.3469390000000000 0.35213400000000000 0.025342
57.4489800000000000 0.39209800000000000 0.026354
57.5510200000000000 0.38513500000000000 0.025925
57.6530610000000000 0.38481400000000000 0.026329
57.7551020000000000 0.38880700000000000 0.026268
57.8571430000000000 0.35545900000000000 0.024844
57.9591840000000000 0.38339400000000000 0.026020
58.0612240000000000 0.35389300000000000 0.024519
58.1632650000000000 0.35709600000000000 0.025550
58.2653060000000000 0.36098400000000000 0.025276
58.3673470000000000 0.34175700000000000 0.024401
58.4693880000000000 0.38321200000000000 0.026139
58.5714290000000000 0.37595300000000000 0.025716
58.6734690000000000 0.31679000000000000 0.023057
58.7755100000000000 0.30809600000000000 0.022322
58.8775510000000000 0.20439900000000000 0.017619
58.9795920000000000 0.12611800000000000 0.013279
59.0816330000000000 0.08991700000000000 0.010887
59.1836730000000000 0.18580200000000000 0.016809
59.2857140000000000 0.27992400000000000 0.022008
59.3877550000000000 0.30576900000000000 0.022422
59.4897960000000000 0.36162400000000000 0.025117
59.5918370000000000 0.33712800000000000 0.023686
59.6938780000000000 0.36022600000000000 0.025077
59.7959180000000000 0.32878400000000000 0.023765
59.8979590000000000 0.37446000000000000 0.025635
60.0000000000000000 0.36957800000000000 0.026320
