55.0000000000000000 0.36823900000000000 0.025094
55.1020410000000000 0.35201200000000000 0.024373
55.2040820000000000 0.33431300000000000 0.023775
55.3061220000000000 0.35958500000000000 0.024627
55.4081630000000000 0.32210100000000000 0.023123
55.5102040000000000 0.32751900000000000 0.024001
55.6122450000000000 0.28774200000000000 0.021248
55.7142860000000000 0.22241700000000000 0.017772
55.8163270000000000 0.18735400000000000 0.016620
55.9183670000000000 0.19363800000000000 0.016711
56.0204080000000000 0.18382400000000000 0.016569
56.1224490000000000 0.15486500000000000 0.014903
56.2244900000000000 0.12786300000000000 0.013025
56.3265310000000000 0.10507000000000000 0.012357
56.4285710000000000 0.08241200000000000 0.010547
56.5306120000000000 0.04346900000000000 0.008005
56.6326530000000000 0.01860000000000000 0.005715
56.7346940000000000 0.00551500000000000 0.004199
56.8367350000000000 0.00125300000000000 0.003769
56.9387760000000000 0.00010600000000000 0.003198
57.0408160000000000 -0.0020740000000000 0.003102
57.1428570000000000 -0.0042040000000000 0.002652
57.2448980000000000 -0.0032880000000000 0.003012
57.3469390000000000 0.00359500000000000 0.004186
57.4489800000000000 0.00226700000000000 0.003739
57.5510200000000000 0.00011200000000000 0.003379
57.6530610000000000 -0.0020950000000000 0.003133
57.7551020000000000 0.00227900000000000 0.003759
57.8571430000000000 -0.0020720000000000 0.003099
57.9591840000000000 -0.0042170000000000 0.002661
58.0612240000000000 0.00011200000000000 0.003386
58.1632650000000000 0.00243200000000000 0.004011
58.2653060000000000 0.00122700000000000 0.003690
58.3673470000000000 0.00456800000000000 0.004176
58.4693880000000000 -0.0020740000000000 0.003102
58.5714290000000000 0.00011400000000000 0.003441
58.6734690000000000 0.00449800000000000 0.004112
58.7755100000000000 0.00223500000000000 0.003687
58.8775510000000000 -0.0065100000000000 0.002226
58.9795920000000000 -0.0020590000000000 0.003078
59.0816330000000000 0.00115400000000000 0.003470
59.1836730000000000 0.00011800000000000 0.003565
59.2857140000000000 -0.0022280000000000 0.003332
59.3877550000000000 -0.0063900000000000 0.002185
59.4897960000000000 0.00229900000000000 0.003792
59.5918370000000000 -0.0009520000000000 0.003195
59.6938780000000000 -0.0031690000000000 0.002903
59.7959180000000000 -0.0021040000000000 0.003147
59.8979590000000000 0.00770900000000000 0.004494
60.0000000000000000 0.00481500000000000 0.004402
