55.0000000000000000 0.43719700000000000 0.028209
55.1020410000000000 0.42430600000000000 0.027657
55.2040820000000000 0.38856600000000000 0.026282
55.3061220000000000 0.41861900000000000 0.027300
55.4081630000000000 0.39317500000000000 0.026403
55.5102040000000000 0.43931300000000000 0.029225
55.6122450000000000 0.35387600000000000 0.024320
55.7142860000000000 0.32548800000000000 0.022620
55.8163270000000000 0.30818900000000000 0.022581
55.9183670000000000 0.34380600000000000 0.023938
56.0204080000000000 0.33101200000000000 0.023834
56.1224490000000000 0.32378200000000000 0.023328
56.2244900000000000 0.32567800000000000 0.022828
56.3265310000000000 0.30926600000000000 0.023125
56.4285710000000000 0.23632300000000000 0.018939
56.5306120000000000 0.22132400000000000 0.018540
56.6326530000000000 0.19476300000000000 0.016995
56.7346940000000000 0.16757100000000000 0.015521
56.8367350000000000 0.10787700000000000 0.012491
56.9387760000000000 0.08793100000000000 0.010574
57.0408160000000000 0.04608600000000000 0.008137
57.1428570000000000 0.02061800000000000 0.005886
57.2448980000000000 0.00466100000000000 0.004262
57.3469390000000000 0.00359500000000000 0.004186
57.4489800000000000 0.00549700000000000 0.004185
57.5510200000000000 0.00117800000000000 0.003544
57.6530610000000000 0.00232700000000000 0.003838
57.7551020000000000 0.00985800000000000 0.004747
57.8571430000000000 0.00120800000000000 0.003633
57.9591840000000000 0.00552700000000000 0.004208
58.0612240000000000 0.00118100000000000 0.003552
58.1632650000000000 -0.0068100000000000 0.002330
58.2653060000000000 -0.0032150000000000 0.002945
58.3673470000000000 -0.0021090000000000 0.003154
58.4693880000000000 0.00558800000000000 0.004254
58.5714290000000000 -0.0020590000000000 0.003078
58.6734690000000000 0.00449800000000000 0.004112
58.7755100000000000 0.00542100000000000 0.004127
58.8775510000000000 0.00342900000000000 0.003992
58.9795920000000000 0.00337300000000000 0.003927
59.0816330000000000 -0.0030230000000000 0.002770
59.1836730000000000 -0.0010070000000000 0.003382
59.2857140000000000 0.01188000000000000 0.005293
59.3877550000000000 0.02829500000000000 0.006621
59.4897960000000000 0.04380100000000000 0.007949
59.5918370000000000 0.03732200000000000 0.007309
59.6938780000000000 0.05374800000000000 0.008714
59.7959180000000000 0.05341400000000000 0.008761
59.8979590000000000 0.06087700000000000 0.009184
60.0000000000000000 0.07284100000000000 0.010439
