55.0000000000000000 0.43825800000000000 0.028256
55.1020410000000000 0.44875800000000000 0.028752
55.2040820000000000 0.41460700000000000 0.027468
55.3061220000000000 0.38594000000000000 0.025827
55.4081630000000000 0.39748300000000000 0.026599
55.5102040000000000 0.40052700000000000 0.027435
55.6122450000000000 0.34337900000000000 0.023839
55.7142860000000000 0.28708900000000000 0.020849
55.8163270000000000 0.27770900000000000 0.021126
55.9183670000000000 0.24651400000000000 0.019343
56.0204080000000000 0.24911800000000000 0.019889
56.1224490000000000 0.20499500000000000 0.017538
56.2244900000000000 0.18865000000000000 0.016249
56.3265310000000000 0.14613700000000000 0.014759
56.4285710000000000 0.08775600000000000 0.010886
56.5306120000000000 0.02790700000000000 0.006692
56.6326530000000000 0.00446400000000000 0.004081
56.7346940000000000 -0.0042080000000000 0.002655
56.8367350000000000 0.00011900000000000 0.003593
56.9387760000000000 -0.0009040000000000 0.003034
57.0408160000000000 0.00120900000000000 0.003637
57.1428570000000000 -0.0042040000000000 0.002652
57.2448980000000000 0.00352600000000000 0.004105
57.3469390000000000 -0.0033520000000000 0.003071
57.4489800000000000 -0.0009640000000000 0.003236
57.5510200000000000 0.00544500000000000 0.004145
57.6530610000000000 0.00564300000000000 0.004296
57.7551020000000000 0.00552700000000000 0.004208
57.8571430000000000 0.00776800000000000 0.004529
57.9591840000000000 0.00011400000000000 0.003430
58.0612240000000000 0.00225000000000000 0.003711
58.1632650000000000 0.00474200000000000 0.004336
58.2653060000000000 0.00566800000000000 0.004316
58.3673470000000000 -0.0021090000000000 0.003154
58.4693880000000000 -0.0031690000000000 0.002903
58.5714290000000000 0.00445900000000000 0.004077
58.6734690000000000 -0.0020770000000000 0.003105
58.7755100000000000 -0.0062610000000000 0.002141
58.8775510000000000 0.00011600000000000 0.003498
58.9795920000000000 0.00663100000000000 0.004362
59.0816330000000000 -0.0019790000000000 0.002959
59.1836730000000000 -0.0021330000000000 0.003189
59.2857140000000000 0.00952800000000000 0.005015
59.3877550000000000 0.01854000000000000 0.005696
59.4897960000000000 0.03724800000000000 0.007422
59.5918370000000000 0.04051100000000000 0.007566
59.6938780000000000 0.04718100000000000 0.008221
59.7959180000000000 0.06229700000000000 0.009404
59.8979590000000000 0.07498300000000000 0.010148
60.0000000000000000 0.09981700000000000 0.012210
