55.0000000000000000 0.36930000000000000 0.025142
55.1020410000000000 0.38922200000000000 0.026074
55.2040820000000000 0.40158700000000000 0.026876
55.3061220000000000 0.32374300000000000 0.022976
55.4081630000000000 0.39425200000000000 0.026452
55.5102040000000000 0.34006700000000000 0.024598
55.6122450000000000 0.34232900000000000 0.023790
55.7142860000000000 0.29618300000000000 0.021272
55.8163270000000000 0.28750600000000000 0.021596
55.9183670000000000 0.29198700000000000 0.021521
56.0204080000000000 0.35203900000000000 0.024821
56.1224490000000000 0.35756600000000000 0.024905
56.2244900000000000 0.35143500000000000 0.024006
56.3265310000000000 0.38455700000000000 0.026692
56.4285710000000000 0.34641200000000000 0.024174
56.5306120000000000 0.38028300000000000 0.026185
56.6326530000000000 0.38179900000000000 0.025997
56.7346940000000000 0.36960100000000000 0.025362
56.8367350000000000 0.35288400000000000 0.025140
56.9387760000000000 0.38068100000000000 0.025100
57.0408160000000000 0.36351000000000000 0.025230
57.1428570000000000 0.36920200000000000 0.025332
57.2448980000000000 0.36009800000000000 0.025492
57.3469390000000000 0.35329200000000000 0.025397
57.4489800000000000 0.35010000000000000 0.024426
57.5510200000000000 0.33820700000000000 0.023771
57.6530610000000000 0.35938800000000000 0.025151
57.7551020000000000 0.41912300000000000 0.027647
57.8571430000000000 0.35983200000000000 0.025047
57.9591840000000000 0.36715300000000000 0.025274
58.0612240000000000 0.37527000000000000 0.025499
58.1632650000000000 0.38366700000000000 0.026803
58.2653060000000000 0.37208800000000000 0.025792
58.3673470000000000 0.37514200000000000 0.025960
58.4693880000000000 0.38211700000000000 0.026088
58.5714290000000000 0.34988300000000000 0.024512
58.6734690000000000 0.33541800000000000 0.023933
58.7755100000000000 0.28579300000000000 0.021270
58.8775510000000000 0.19998200000000000 0.017392
58.9795920000000000 0.11960000000000000 0.012903
59.0816330000000000 0.10662500000000000 0.011895
59.1836730000000000 0.14078800000000000 0.014358
59.2857140000000000 0.25758700000000000 0.020893
59.3877550000000000 0.31010500000000000 0.022627
59.4897960000000000 0.35507100000000000 0.024814
59.5918370000000000 0.37965400000000000 0.025639
59.6938780000000000 0.36022600000000000 0.025077
59.7959180000000000 0.40539900000000000 0.027329
59.8979590000000000 0.37229000000000000 0.025535
60.0000000000000000 0.38130700000000000 0.026875
