55.0000000000000000 0.14439200000000000 0.014137
55.1020410000000000 0.16064600000000000 0.015031
55.2040820000000000 0.08691900000000000 0.010920
55.3061220000000000 0.02119400000000000 0.005851
55.4081630000000000 0.00657400000000000 0.004325
55.5102040000000000 0.00582300000000000 0.004434
55.6122450000000000 -0.0019890000000000 0.002975
55.7142860000000000 0.00414800000000000 0.003792
55.8163270000000000 -0.0009740000000000 0.003272
55.9183670000000000 0.00011100000000000 0.003350
56.0204080000000000 0.00232900000000000 0.003842
56.1224490000000000 0.00774300000000000 0.004514
56.2244900000000000 -0.0040130000000000 0.002532
56.3265310000000000 0.00012000000000000 0.003614
56.4285710000000000 0.01507600000000000 0.005284
56.5306120000000000 0.03902300000000000 0.007647
56.6326530000000000 0.04904800000000000 0.008332
56.7346940000000000 0.04656900000000000 0.008113
56.8367350000000000 0.04662500000000000 0.008350
56.9387760000000000 0.03442800000000000 0.006853
57.0408160000000000 0.00996600000000000 0.004799
57.1428570000000000 0.00227200000000000 0.003747
57.2448980000000000 0.00579700000000000 0.004414
57.3469390000000000 -0.0010360000000000 0.003480
57.4489800000000000 0.00442100000000000 0.004041
57.5510200000000000 0.01077700000000000 0.004800
57.6530610000000000 -0.0020950000000000 0.003133
57.7551020000000000 0.00119600000000000 0.003598
57.8571430000000000 0.00558200000000000 0.004249
57.9591840000000000 0.00011400000000000 0.003430
58.0612240000000000 0.00545600000000000 0.004154
58.1632650000000000 0.00243200000000000 0.004011
58.2653060000000000 -0.0043250000000000 0.002729
58.3673470000000000 0.00123000000000000 0.003698
58.4693880000000000 0.00120900000000000 0.003637
58.5714290000000000 0.00011400000000000 0.003441
58.6734690000000000 -0.0053640000000000 0.002463
58.7755100000000000 0.00223500000000000 0.003687
58.8775510000000000 0.00453300000000000 0.004144
58.9795920000000000 0.00554500000000000 0.004222
59.0816330000000000 0.00741900000000000 0.004325
59.1836730000000000 0.01024600000000000 0.004934
59.2857140000000000 0.01423100000000000 0.005559
59.3877550000000000 0.02504300000000000 0.006325
59.4897960000000000 0.04598600000000000 0.008119
59.5918370000000000 0.04476400000000000 0.007899
59.6938780000000000 0.05155900000000000 0.008552
59.7959180000000000 0.07784200000000000 0.010465
59.8979590000000000 0.05870700000000000 0.009030
60.0000000000000000 0.06697700000000000 0.010030
