55.0000000000000000 0.35975200000000000 0.024705
55.1020410000000000 0.38178000000000000 0.025735
55.2040820000000000 0.37120500000000000 0.025485
55.3061220000000000 0.37012700000000000 0.025109
55.4081630000000000 0.34686900000000000 0.024277
55.5102040000000000 0.36972700000000000 0.025998
55.6122450000000000 0.37592100000000000 0.025325
55.7142860000000000 0.25980500000000000 0.019568
55.8163270000000000 0.29512600000000000 0.021961
55.9183670000000000 0.39033700000000000 0.026063
56.0204080000000000 0.33875900000000000 0.024199
56.1224490000000000 0.35429700000000000 0.024753
56.2244900000000000 0.37101000000000000 0.024893
56.3265310000000000 0.37086800000000000 0.026051
56.4285710000000000 0.35816900000000000 0.024715
56.5306120000000000 0.37583600000000000 0.025979
56.6326530000000000 0.35243900000000000 0.024643
56.7346940000000000 0.39877100000000000 0.026696
56.8367350000000000 0.39598700000000000 0.027155
56.9387760000000000 0.34938700000000000 0.023695
57.0408160000000000 0.35365900000000000 0.024773
57.1428570000000000 0.39186500000000000 0.026369
57.2448980000000000 0.35669200000000000 0.025332
57.3469390000000000 0.35444900000000000 0.025451
57.4489800000000000 0.36194500000000000 0.024973
57.5510200000000000 0.36060400000000000 0.024804
57.6530610000000000 0.36933700000000000 0.025613
57.7551020000000000 0.34658100000000000 0.024323
57.8571430000000000 0.36748600000000000 0.025401
57.9591840000000000 0.35416000000000000 0.024674
58.0612240000000000 0.40947200000000000 0.027054
58.1632650000000000 0.36980400000000000 0.026151
58.2653060000000000 0.36209500000000000 0.025327
58.3673470000000000 0.37291600000000000 0.025856
58.4693880000000000 0.32410500000000000 0.023390
58.5714290000000000 0.37269400000000000 0.025566
58.6734690000000000 0.34418400000000000 0.024343
58.7755100000000000 0.31553000000000000 0.022671
58.8775510000000000 0.20771100000000000 0.017789
58.9795920000000000 0.12068700000000000 0.012966
59.0816330000000000 0.11184600000000000 0.012200
59.1836730000000000 0.15429200000000000 0.015111
59.2857140000000000 0.28697700000000000 0.022357
59.3877550000000000 0.33720200000000000 0.023898
59.4897960000000000 0.35616300000000000 0.024864
59.5918370000000000 0.37752800000000000 0.025542
59.6938780000000000 0.34709100000000000 0.024467
59.7959180000000000 0.33766700000000000 0.024184
59.8979590000000000 0.36903500000000000 0.025385
60.0000000000000000 0.35550400000000000 0.025651
