55.0000000000000000 0.42128400000000000 0.027496
55.1020410000000000 0.42962200000000000 0.027896
55.2040820000000000 0.43739400000000000 0.028499
55.3061220000000000 0.42810700000000000 0.027724
55.4081630000000000 0.33394600000000000 0.023677
55.5102040000000000 0.32181500000000000 0.023728
55.6122450000000000 0.29719000000000000 0.021693
55.7142860000000000 0.31437200000000000 0.022111
55.8163270000000000 0.24831600000000000 0.019696
55.9183670000000000 0.26766400000000000 0.020364
56.0204080000000000 0.23141100000000000 0.019008
56.1224490000000000 0.20499500000000000 0.017538
56.2244900000000000 0.19174100000000000 0.016406
56.3265310000000000 0.14841900000000000 0.014887
56.4285710000000000 0.10806300000000000 0.012123
56.5306120000000000 0.08015200000000000 0.010623
56.6326530000000000 0.05666000000000000 0.008894
56.7346940000000000 0.01523900000000000 0.005341
56.8367350000000000 0.01259600000000000 0.005236
56.9387760000000000 0.00313400000000000 0.003649
57.0408160000000000 0.00449300000000000 0.004108
57.1428570000000000 0.00119200000000000 0.003586
57.2448980000000000 0.00806800000000000 0.004704
57.3469390000000000 -0.0068260000000000 0.002335
57.4489800000000000 -0.0041950000000000 0.002647
57.5510200000000000 0.00437800000000000 0.004003
57.6530610000000000 0.00011600000000000 0.003502
57.7551020000000000 -0.0031350000000000 0.002872
57.8571430000000000 0.00230100000000000 0.003796
57.9591840000000000 -0.0042170000000000 0.002661
58.0612240000000000 0.00118100000000000 0.003552
58.1632650000000000 -0.0068100000000000 0.002330
58.2653060000000000 0.00233700000000000 0.003855
58.3673470000000000 -0.0032220000000000 0.002952
58.4693880000000000 0.00230400000000000 0.003800
58.5714290000000000 0.00011400000000000 0.003441
58.6734690000000000 -0.0064600000000000 0.002209
58.7755100000000000 0.00223500000000000 0.003687
58.8775510000000000 0.00342900000000000 0.003992
58.9795920000000000 -0.0020590000000000 0.003078
59.0816330000000000 -0.0030230000000000 0.002770
59.1836730000000000 0.00236900000000000 0.003907
59.2857140000000000 0.00365000000000000 0.004250
59.3877550000000000 0.01420400000000000 0.005242
59.4897960000000000 0.01758900000000000 0.005628
59.5918370000000000 0.02775300000000000 0.006493
59.6938780000000000 0.03295200000000000 0.007071
59.7959180000000000 0.03675800000000000 0.007456
59.8979590000000000 0.05870700000000000 0.009030
60.0000000000000000 0.05055700000000000 0.008821
