55.0000000000000000 0.38097000000000000 0.025674
55.1020410000000000 0.39241200000000000 0.026218
55.2040820000000000 0.36686500000000000 0.025285
55.3061220000000000 0.39121100000000000 0.026065
55.4081630000000000 0.33610000000000000 0.023777
55.5102040000000000 0.37657100000000000 0.026319
55.6122450000000000 0.30453800000000000 0.022038
55.7142860000000000 0.29719400000000000 0.021319
55.8163270000000000 0.28532900000000000 0.021492
55.9183670000000000 0.33005800000000000 0.023302
56.0204080000000000 0.38745300000000000 0.026464
56.1224490000000000 0.34993700000000000 0.024551
56.2244900000000000 0.35864700000000000 0.024333
56.3265310000000000 0.36060100000000000 0.025569
56.4285710000000000 0.34213600000000000 0.023976
56.5306120000000000 0.37694800000000000 0.026030
56.6326530000000000 0.37418700000000000 0.025648
56.7346940000000000 0.36960100000000000 0.025362
56.8367350000000000 0.38577900000000000 0.026680
56.9387760000000000 0.33727300000000000 0.023146
57.0408160000000000 0.34490200000000000 0.024365
57.1428570000000000 0.37891500000000000 0.025777
57.2448980000000000 0.35896300000000000 0.025439
57.3469390000000000 0.39381900000000000 0.027306
57.4489800000000000 0.37486800000000000 0.025567
57.5510200000000000 0.37020300000000000 0.025244
57.6530610000000000 0.35717700000000000 0.025048
57.7551020000000000 0.39205500000000000 0.026416
57.8571430000000000 0.33687200000000000 0.023978
57.9591840000000000 0.39638600000000000 0.026614
58.0612240000000000 0.37420100000000000 0.025451
58.1632650000000000 0.38135700000000000 0.026694
58.2653060000000000 0.36875700000000000 0.025637
58.3673470000000000 0.36623900000000000 0.025546
58.4693880000000000 0.42261600000000000 0.027939
58.5714290000000000 0.35314200000000000 0.024663
58.6734690000000000 0.37048300000000000 0.025565
58.7755100000000000 0.31340600000000000 0.022571
58.8775510000000000 0.19004400000000000 0.016876
58.9795920000000000 0.12285900000000000 0.013092
59.0816330000000000 0.10035900000000000 0.011522
59.1836730000000000 0.14641500000000000 0.014674
59.2857140000000000 0.21761500000000000 0.018852
59.3877550000000000 0.35779600000000000 0.024855
59.4897960000000000 0.36053100000000000 0.025067
59.5918370000000000 0.35520200000000000 0.024520
59.6938780000000000 0.36022600000000000 0.025077
59.7959180000000000 0.35099100000000000 0.024809
59.8979590000000000 0.35818400000000000 0.024885
60.0000000000000000 0.37192400000000000 0.026431
