55.0000000000000000 0.31201200000000000 0.022495
55.1020410000000000 0.29141300000000000 0.021547
55.2040820000000000 0.31152700000000000 0.022705
55.3061220000000000 0.23308400000000000 0.018658
55.4081630000000000 0.23056600000000000 0.018722
55.5102040000000000 0.18036000000000000 0.016631
55.6122450000000000 0.13447800000000000 0.013518
55.7142860000000000 0.09610400000000000 0.011075
55.8163270000000000 0.07305100000000000 0.010037
55.9183670000000000 0.04241200000000000 0.007692
56.0204080000000000 0.02999600000000000 0.006861
56.1224490000000000 0.01101200000000000 0.004905
56.2244900000000000 -0.0040130000000000 0.002532
56.3265310000000000 -0.0021620000000000 0.003233
56.4285710000000000 -0.0020260000000000 0.003029
56.5306120000000000 0.00122800000000000 0.003694
56.6326530000000000 0.00228900000000000 0.003775
56.7346940000000000 0.00011300000000000 0.003423
56.8367350000000000 -0.0010150000000000 0.003409
56.9387760000000000 -0.0009040000000000 0.003034
57.0408160000000000 0.00339900000000000 0.003957
57.1428570000000000 0.00011300000000000 0.003419
57.2448980000000000 -0.0044230000000000 0.002791
57.3469390000000000 -0.0033520000000000 0.003071
57.4489800000000000 0.00226700000000000 0.003739
57.5510200000000000 -0.0030880000000000 0.002829
57.6530610000000000 -0.0032000000000000 0.002932
57.7551020000000000 -0.0042170000000000 0.002661
57.8571430000000000 -0.0042590000000000 0.002687
57.9591840000000000 -0.0053000000000000 0.002433
58.0612240000000000 0.00545600000000000 0.004154
58.1632650000000000 -0.0021890000000000 0.003274
58.2653060000000000 0.00233700000000000 0.003855
58.3673470000000000 -0.0009960000000000 0.003344
58.4693880000000000 0.00777700000000000 0.004534
58.5714290000000000 0.00445900000000000 0.004077
58.6734690000000000 0.00778500000000000 0.004539
58.7755100000000000 0.00223500000000000 0.003687
58.8775510000000000 0.01005400000000000 0.004841
58.9795920000000000 0.00880400000000000 0.004632
59.0816330000000000 0.01368500000000000 0.005050
59.1836730000000000 0.01249700000000000 0.005194
59.2857140000000000 0.02246000000000000 0.006416
59.3877550000000000 0.06081100000000000 0.009174
59.4897960000000000 0.05144700000000000 0.008533
59.5918370000000000 0.06071100000000000 0.009069
59.6938780000000000 0.06578900000000000 0.009572
59.7959180000000000 0.05341400000000000 0.008761
59.8979590000000000 0.07823800000000000 0.010362
60.0000000000000000 0.07636000000000000 0.010680
