55.0000000000000000 0.36823900000000000 0.025094
55.1020410000000000 0.31692800000000000 0.022747
55.2040820000000000 0.33214300000000000 0.023674
55.3061220000000000 0.38804800000000000 0.025922
55.4081630000000000 0.35979200000000000 0.024874
55.5102040000000000 0.33664500000000000 0.024435
55.6122450000000000 0.35912500000000000 0.024560
55.7142860000000000 0.30527800000000000 0.021692
55.8163270000000000 0.28097400000000000 0.021283
55.9183670000000000 0.31525300000000000 0.022614
56.0204080000000000 0.34539900000000000 0.024510
56.1224490000000000 0.37282300000000000 0.025610
56.2244900000000000 0.34731400000000000 0.023818
56.3265310000000000 0.35489700000000000 0.025300
56.4285710000000000 0.36565000000000000 0.025059
56.5306120000000000 0.39139900000000000 0.026698
56.6326530000000000 0.34265200000000000 0.024188
56.7346940000000000 0.39012800000000000 0.026302
56.8367350000000000 0.36649600000000000 0.025780
56.9387760000000000 0.35746300000000000 0.024059
57.0408160000000000 0.37007700000000000 0.025533
57.1428570000000000 0.36596400000000000 0.025183
57.2448980000000000 0.38281000000000000 0.026556
57.3469390000000000 0.34634400000000000 0.025066
57.4489800000000000 0.40825100000000000 0.027088
57.5510200000000000 0.36593700000000000 0.025048
57.6530610000000000 0.34280600000000000 0.024376
57.7551020000000000 0.33250600000000000 0.023667
57.8571430000000000 0.35108500000000000 0.024641
57.9591840000000000 0.36065700000000000 0.024975
58.0612240000000000 0.39878400000000000 0.026570
58.1632650000000000 0.40446200000000000 0.027775
58.2653060000000000 0.36320500000000000 0.025379
58.3673470000000000 0.36735200000000000 0.025598
58.4693880000000000 0.32520000000000000 0.023442
58.5714290000000000 0.40962700000000000 0.027255
58.6734690000000000 0.31131100000000000 0.022797
58.7755100000000000 0.26242900000000000 0.020152
58.8775510000000000 0.19666900000000000 0.017221
58.9795920000000000 0.12068700000000000 0.012966
59.0816330000000000 0.10871400000000000 0.012017
59.1836730000000000 0.13178500000000000 0.013847
59.2857140000000000 0.27757200000000000 0.021891
59.3877550000000000 0.31227300000000000 0.022729
59.4897960000000000 0.31793700000000000 0.023076
59.5918370000000000 0.35839100000000000 0.024667
59.6938780000000000 0.34271300000000000 0.024263
59.7959180000000000 0.34766000000000000 0.024653
59.8979590000000000 0.34190800000000000 0.024129
60.0000000000000000 0.34846700000000000 0.025315
