55.0000000000000000 0.41173600000000000 0.027066
55.1020410000000000 0.41367400000000000 0.027179
55.2040820000000000 0.44064900000000000 0.028646
55.3061220000000000 0.38066900000000000 0.025588
55.4081630000000000 0.38132900000000000 0.025863
55.5102040000000000 0.36630400000000000 0.025837
55.6122450000000000 0.36227400000000000 0.024704
55.7142860000000000 0.32649800000000000 0.022666
55.8163270000000000 0.32996200000000000 0.023607
55.9183670000000000 0.31948300000000000 0.022811
56.0204080000000000 0.40848000000000000 0.027430
56.1224490000000000 0.40006800000000000 0.026859
56.2244900000000000 0.37925200000000000 0.025264
56.3265310000000000 0.39140100000000000 0.027011
56.4285710000000000 0.40733500000000000 0.026957
56.5306120000000000 0.40029200000000000 0.027108
56.6326530000000000 0.37636200000000000 0.025748
56.7346940000000000 0.34151100000000000 0.024064
56.8367350000000000 0.36763000000000000 0.025833
56.9387760000000000 0.33222600000000000 0.022917
57.0408160000000000 0.30112000000000000 0.022302
57.1428570000000000 0.30768700000000000 0.022468
57.2448980000000000 0.25448900000000000 0.020400
57.3469390000000000 0.25255100000000000 0.020492
57.4489800000000000 0.18426000000000000 0.016373
57.5510200000000000 0.11636500000000000 0.012596
57.6530610000000000 0.05760000000000000 0.009045
57.7551020000000000 0.02285100000000000 0.006115
57.8571430000000000 0.00667500000000000 0.004391
57.9591840000000000 -0.0031350000000000 0.002872
58.0612240000000000 0.00225000000000000 0.003711
58.1632650000000000 0.00243200000000000 0.004011
58.2653060000000000 -0.0009940000000000 0.003337
58.3673470000000000 -0.0009960000000000 0.003344
58.4693880000000000 0.00120900000000000 0.003637
58.5714290000000000 0.00011400000000000 0.003441
58.6734690000000000 -0.0009810000000000 0.003293
58.7755100000000000 -0.0020130000000000 0.003010
58.8775510000000000 0.00563700000000000 0.004292
58.9795920000000000 0.00663100000000000 0.004362
59.0816330000000000 0.00533100000000000 0.004058
59.1836730000000000 0.03387900000000000 0.007272
59.2857140000000000 0.06478300000000000 0.009888
59.3877550000000000 0.09441200000000000 0.011383
59.4897960000000000 0.11260800000000000 0.012530
59.5918370000000000 0.15426700000000000 0.014689
59.6938780000000000 0.17524500000000000 0.016029
59.7959180000000000 0.17111200000000000 0.015921
59.8979590000000000 0.19000000000000000 0.016731
60.0000000000000000 0.22648800000000000 0.019289
