55.0000000000000000 0.37778700000000000 0.025529
55.1020410000000000 0.39453800000000000 0.026315
55.2040820000000000 0.36903500000000000 0.025385
55.3061220000000000 0.39542700000000000 0.026256
55.4081630000000000 0.36086900000000000 0.024924
55.5102040000000000 0.35946000000000000 0.025515
55.6122450000000000 0.34862800000000000 0.024080
55.7142860000000000 0.30527800000000000 0.021692
55.8163270000000000 0.28315200000000000 0.021388
55.9183670000000000 0.28564200000000000 0.021221
56.0204080000000000 0.34097200000000000 0.024303
56.1224490000000000 0.36628400000000000 0.025308
56.2244900000000000 0.36482800000000000 0.024613
56.3265310000000000 0.37314900000000000 0.026158
56.4285710000000000 0.38168300000000000 0.025792
56.5306120000000000 0.36805500000000000 0.025618
56.6326530000000000 0.37310000000000000 0.025598
56.7346940000000000 0.36419900000000000 0.025114
56.8367350000000000 0.36195800000000000 0.025567
56.9387760000000000 0.37462400000000000 0.024830
57.0408160000000000 0.36788800000000000 0.025432
57.1428570000000000 0.38215200000000000 0.025925
57.2448980000000000 0.37940300000000000 0.026397
57.3469390000000000 0.35676500000000000 0.025561
57.4489800000000000 0.32102400000000000 0.023073
57.5510200000000000 0.37340300000000000 0.025390
57.6530610000000000 0.38702400000000000 0.026431
57.7551020000000000 0.37473200000000000 0.025623
57.8571430000000000 0.34561800000000000 0.024386
57.9591840000000000 0.38555900000000000 0.026119
58.0612240000000000 0.38061400000000000 0.025743
58.1632650000000000 0.33745700000000000 0.024616
58.2653060000000000 0.34988100000000000 0.024757
58.3673470000000000 0.34287000000000000 0.024453
58.4693880000000000 0.34052400000000000 0.024160
58.5714290000000000 0.37160800000000000 0.025516
58.6734690000000000 0.31021600000000000 0.022746
58.7755100000000000 0.29216500000000000 0.021572
58.8775510000000000 0.19777300000000000 0.017278
58.9795920000000000 0.11308300000000000 0.012522
59.0816330000000000 0.10766900000000000 0.011956
59.1836730000000000 0.14528900000000000 0.014611
59.2857140000000000 0.31754400000000000 0.023852
59.3877550000000000 0.31769200000000000 0.022985
59.4897960000000000 0.35179400000000000 0.024661
59.5918370000000000 0.33287600000000000 0.023489
59.6938780000000000 0.38430600000000000 0.026189
59.7959180000000000 0.35543300000000000 0.025017
59.8979590000000000 0.36252400000000000 0.025085
60.0000000000000000 0.34142900000000000 0.024978
