55.0000000000000000 0.31837800000000000 0.022793
55.1020410000000000 0.31373900000000000 0.022598
55.2040820000000000 0.30284600000000000 0.022294
55.3061220000000000 0.23097600000000000 0.018554
55.4081630000000000 0.23810400000000000 0.019095
55.5102040000000000 0.19861200000000000 0.017596
55.6122450000000000 0.17856800000000000 0.015877
55.7142860000000000 0.12641900000000000 0.012819
55.8163270000000000 0.11224100000000000 0.012487
55.9183670000000000 0.08259800000000000 0.010499
56.0204080000000000 0.07979700000000000 0.010575
56.1224490000000000 0.06332200000000000 0.009378
56.2244900000000000 0.03410700000000000 0.006911
56.3265310000000000 0.02749800000000000 0.006766
56.4285710000000000 0.01080000000000000 0.004811
56.5306120000000000 0.00122800000000000 0.003694
56.6326530000000000 0.00120200000000000 0.003614
56.7346940000000000 -0.0063690000000000 0.002178
56.8367350000000000 0.00352200000000000 0.004100
56.9387760000000000 0.00111500000000000 0.003355
57.0408160000000000 0.00011500000000000 0.003467
57.1428570000000000 -0.0031240000000000 0.002862
57.2448980000000000 0.00466100000000000 0.004262
57.3469390000000000 0.00012100000000000 0.003668
57.4489800000000000 0.00442100000000000 0.004041
57.5510200000000000 0.00544500000000000 0.004145
57.6530610000000000 -0.0032000000000000 0.002932
57.7551020000000000 0.00336200000000000 0.003914
57.8571430000000000 0.00011500000000000 0.003464
57.9591840000000000 -0.0074650000000000 0.001900
58.0612240000000000 -0.0052320000000000 0.002402
58.1632650000000000 0.00358700000000000 0.004176
58.2653060000000000 -0.0009940000000000 0.003337
58.3673470000000000 0.00568100000000000 0.004325
58.4693880000000000 -0.0042630000000000 0.002690
58.5714290000000000 -0.0020590000000000 0.003078
58.6734690000000000 -0.0020770000000000 0.003105
58.7755100000000000 0.00011100000000000 0.003364
58.8775510000000000 -0.0054050000000000 0.002482
58.9795920000000000 0.00011400000000000 0.003441
59.0816330000000000 0.00011000000000000 0.003308
59.1836730000000000 0.00574500000000000 0.004374
59.2857140000000000 0.00012300000000000 0.003724
59.3877550000000000 0.00119800000000000 0.003602
59.4897960000000000 0.00229900000000000 0.003792
59.5918370000000000 0.00436400000000000 0.003990
59.6938780000000000 0.00668200000000000 0.004396
59.7959180000000000 0.00455800000000000 0.004167
59.8979590000000000 0.00228400000000000 0.003767
60.0000000000000000 0.00364200000000000 0.004240
