55.0000000000000000 0.03406000000000000 0.007030
55.1020410000000000 0.01712200000000000 0.005478
55.2040820000000000 0.00445400000000000 0.004072
55.3061220000000000 0.00432700000000000 0.003956
55.4081630000000000 0.00765100000000000 0.004460
55.5102040000000000 -0.0010210000000000 0.003428
55.6122450000000000 0.00116000000000000 0.003488
55.7142860000000000 0.00111700000000000 0.003358
55.8163270000000000 0.01100000000000000 0.004900
55.9183670000000000 0.00116800000000000 0.003514
56.0204080000000000 0.00011600000000000 0.003506
56.1224490000000000 0.00338400000000000 0.003939
56.2244900000000000 0.00216900000000000 0.003577
56.3265310000000000 -0.0044430000000000 0.002804
56.4285710000000000 -0.0009570000000000 0.003212
56.5306120000000000 0.00122800000000000 0.003694
56.6326530000000000 0.00120200000000000 0.003614
56.7346940000000000 -0.0009670000000000 0.003247
56.8367350000000000 0.00692500000000000 0.004556
56.9387760000000000 -0.0009040000000000 0.003034
57.0408160000000000 0.00120900000000000 0.003637
57.1428570000000000 -0.0052830000000000 0.002425
57.2448980000000000 0.00352600000000000 0.004105
57.3469390000000000 0.00012100000000000 0.003668
57.4489800000000000 0.00119000000000000 0.003579
57.5510200000000000 -0.0020210000000000 0.003023
57.6530610000000000 -0.0043060000000000 0.002717
57.7551020000000000 -0.0053000000000000 0.002433
57.8571430000000000 0.00120800000000000 0.003633
57.9591840000000000 0.00444400000000000 0.004063
58.0612240000000000 0.00652500000000000 0.004292
58.1632650000000000 -0.0033450000000000 0.003064
58.2653060000000000 0.00233700000000000 0.003855
58.3673470000000000 -0.0009960000000000 0.003344
58.4693880000000000 0.00230400000000000 0.003800
58.5714290000000000 0.00989000000000000 0.004762
58.6734690000000000 0.00121100000000000 0.003641
58.7755100000000000 0.00435900000000000 0.003986
58.8775510000000000 0.00453300000000000 0.004144
58.9795920000000000 0.00120000000000000 0.003610
59.0816330000000000 0.00428700000000000 0.003919
59.1836730000000000 0.00236900000000000 0.003907
59.2857140000000000 0.00717700000000000 0.004722
59.3877550000000000 0.00878500000000000 0.004622
59.4897960000000000 0.02414200000000000 0.006272
59.5918370000000000 0.02243800000000000 0.006003
59.6938780000000000 0.01434400000000000 0.005294
59.7959180000000000 0.03120700000000000 0.006982
59.8979590000000000 0.02941100000000000 0.006725
60.0000000000000000 0.03765500000000000 0.007783
