55.0000000000000000 0.25578500000000000 0.019822
55.1020410000000000 0.22549800000000000 0.018358
55.2040820000000000 0.20844600000000000 0.017677
55.3061220000000000 0.18353800000000000 0.016167
55.4081630000000000 0.13041600000000000 0.013464
55.5102040000000000 0.14727800000000000 0.014823
55.6122450000000000 0.08094100000000000 0.010353
55.7142860000000000 0.05568400000000000 0.008467
55.8163270000000000 0.04365800000000000 0.007922
55.9183670000000000 0.02972200000000000 0.006646
56.0204080000000000 0.02225000000000000 0.006145
56.1224490000000000 0.00774300000000000 0.004514
56.2244900000000000 0.00216900000000000 0.003577
56.3265310000000000 -0.0021620000000000 0.003233
56.4285710000000000 0.00331900000000000 0.003864
56.5306120000000000 -0.0032180000000000 0.002948
56.6326530000000000 -0.0074980000000000 0.001909
56.7346940000000000 0.00011300000000000 0.003423
56.8367350000000000 -0.0044180000000000 0.002788
56.9387760000000000 -0.0029230000000000 0.002677
57.0408160000000000 -0.0009800000000000 0.003290
57.1428570000000000 0.00227200000000000 0.003747
57.2448980000000000 -0.0010160000000000 0.003413
57.3469390000000000 0.00012100000000000 0.003668
57.4489800000000000 0.00226700000000000 0.003739
57.5510200000000000 0.00117800000000000 0.003544
57.6530610000000000 0.00453800000000000 0.004149
57.7551020000000000 -0.0031350000000000 0.002872
57.8571430000000000 0.00558200000000000 0.004249
57.9591840000000000 -0.0063830000000000 0.002183
58.0612240000000000 -0.0063010000000000 0.002155
58.1632650000000000 0.00127600000000000 0.003839
58.2653060000000000 -0.0009940000000000 0.003337
58.3673470000000000 0.00123000000000000 0.003698
58.4693880000000000 0.00011500000000000 0.003467
58.5714290000000000 -0.0020590000000000 0.003078
58.6734690000000000 -0.0009810000000000 0.003293
58.7755100000000000 -0.0009510000000000 0.003192
58.8775510000000000 -0.0043010000000000 0.002714
58.9795920000000000 -0.0020590000000000 0.003078
59.0816330000000000 0.00115400000000000 0.003470
59.1836730000000000 0.00236900000000000 0.003907
59.2857140000000000 0.00365000000000000 0.004250
59.3877550000000000 -0.0009700000000000 0.003257
59.4897960000000000 0.00339100000000000 0.003948
59.5918370000000000 0.00755400000000000 0.004403
59.6938780000000000 0.01872200000000000 0.005752
59.7959180000000000 0.01233000000000000 0.005125
59.8979590000000000 0.01205000000000000 0.005008
60.0000000000000000 0.01537000000000000 0.005675
