55.0000000000000000 0.37354400000000000 0.025336
55.1020410000000000 0.38603300000000000 0.025929
55.2040820000000000 0.37880000000000000 0.025834
55.3061220000000000 0.36696400000000000 0.024964
55.4081630000000000 0.34040800000000000 0.023977
55.5102040000000000 0.32181500000000000 0.023728
55.6122450000000000 0.28774200000000000 0.021248
55.7142860000000000 0.20827000000000000 0.017078
55.8163270000000000 0.19170900000000000 0.016846
55.9183670000000000 0.17037200000000000 0.015506
56.0204080000000000 0.12517100000000000 0.013350
56.1224490000000000 0.09601600000000000 0.011515
56.2244900000000000 0.04853100000000000 0.008040
56.3265310000000000 0.03206100000000000 0.007175
56.4285710000000000 0.00331900000000000 0.003864
56.5306120000000000 0.00011700000000000 0.003521
56.6326530000000000 0.00011400000000000 0.003445
56.7346940000000000 0.00119400000000000 0.003590
56.8367350000000000 0.00125300000000000 0.003769
56.9387760000000000 -0.0039320000000000 0.002481
57.0408160000000000 0.00011500000000000 0.003467
57.1428570000000000 -0.0063620000000000 0.002176
57.2448980000000000 -0.0032880000000000 0.003012
57.3469390000000000 -0.0033520000000000 0.003071
57.4489800000000000 0.00011300000000000 0.003411
57.5510200000000000 -0.0041540000000000 0.002621
57.6530610000000000 0.00232700000000000 0.003838
57.7551020000000000 0.00119600000000000 0.003598
57.8571430000000000 -0.0042590000000000 0.002687
57.9591840000000000 -0.0009690000000000 0.003254
58.0612240000000000 -0.0030940000000000 0.002835
58.1632650000000000 0.01051900000000000 0.005066
58.2653060000000000 0.00122700000000000 0.003690
58.3673470000000000 0.00234200000000000 0.003864
58.4693880000000000 -0.0020740000000000 0.003102
58.5714290000000000 0.00228600000000000 0.003771
58.6734690000000000 -0.0031720000000000 0.002906
58.7755100000000000 0.00648400000000000 0.004265
58.8775510000000000 0.01005400000000000 0.004841
58.9795920000000000 0.00663100000000000 0.004362
59.0816330000000000 0.01055200000000000 0.004700
59.1836730000000000 0.03050300000000000 0.006978
59.2857140000000000 0.04362200000000000 0.008286
59.3877550000000000 0.09549600000000000 0.011450
59.4897960000000000 0.08639600000000000 0.010925
59.5918370000000000 0.08622600000000000 0.010759
59.6938780000000000 0.11285500000000000 0.012558
59.7959180000000000 0.11559400000000000 0.012814
59.8979590000000000 0.15202200000000000 0.014716
60.0000000000000000 0.13500400000000000 0.014328
