55.0000000000000000 0.29609900000000000 0.021747
55.1020410000000000 0.28822300000000000 0.021396
55.2040820000000000 0.25076300000000000 0.019786
55.3061220000000000 0.23624600000000000 0.018813
55.4081630000000000 0.22087400000000000 0.018239
55.5102040000000000 0.14043300000000000 0.014437
55.6122450000000000 0.10928400000000000 0.012083
55.7142860000000000 0.07387300000000000 0.009694
55.8163270000000000 0.02950700000000000 0.006747
55.9183670000000000 0.02020400000000000 0.005767
56.0204080000000000 0.00011600000000000 0.003506
56.1224490000000000 -0.0086040000000000 0.001580
56.2244900000000000 0.00010800000000000 0.003264
56.3265310000000000 0.00012000000000000 0.003614
56.4285710000000000 0.00011200000000000 0.003386
56.5306120000000000 -0.0009950000000000 0.003341
56.6326530000000000 0.00663900000000000 0.004367
56.7346940000000000 -0.0009670000000000 0.003247
56.8367350000000000 -0.0032840000000000 0.003009
56.9387760000000000 0.00010600000000000 0.003198
57.0408160000000000 -0.0031690000000000 0.002903
57.1428570000000000 0.00119200000000000 0.003586
57.2448980000000000 -0.0010160000000000 0.003413
57.3469390000000000 -0.0010360000000000 0.003480
57.4489800000000000 0.00657400000000000 0.004325
57.5510200000000000 0.00544500000000000 0.004145
57.6530610000000000 0.00343200000000000 0.003996
57.7551020000000000 0.01310600000000000 0.005118
57.8571430000000000 0.01870200000000000 0.005746
57.9591840000000000 0.03043000000000000 0.006806
58.0612240000000000 0.03431500000000000 0.007084
58.1632650000000000 0.05210800000000000 0.008863
58.2653060000000000 0.04675200000000000 0.008257
58.3673470000000000 0.07022500000000000 0.009966
58.4693880000000000 0.07345100000000000 0.010093
58.5714290000000000 0.06528800000000000 0.009498
58.6734690000000000 0.08229700000000000 0.010681
58.7755100000000000 0.07870100000000000 0.010273
58.8775510000000000 0.07078700000000000 0.009962
58.9795920000000000 0.03378700000000000 0.007109
59.0816330000000000 0.04605700000000000 0.007916
59.1836730000000000 0.05638600000000000 0.009048
59.2857140000000000 0.09770100000000000 0.012092
59.3877550000000000 0.14427000000000000 0.014283
59.4897960000000000 0.16830900000000000 0.015643
59.5918370000000000 0.16064600000000000 0.015031
59.6938780000000000 0.18947400000000000 0.016775
59.7959180000000000 0.15778800000000000 0.015201
59.8979590000000000 0.18131900000000000 0.016279
60.0000000000000000 0.15846100000000000 0.015659
