55.0000000000000000 0.38733500000000000 0.025963
55.1020410000000000 0.37540100000000000 0.025445
55.2040820000000000 0.37446000000000000 0.025635
55.3061220000000000 0.39121100000000000 0.026065
55.4081630000000000 0.33502300000000000 0.023727
55.5102040000000000 0.31953300000000000 0.023619
55.6122450000000000 0.35282700000000000 0.024272
55.7142860000000000 0.28102600000000000 0.020567
55.8163270000000000 0.26791100000000000 0.020652
55.9183670000000000 0.30467700000000000 0.022119
56.0204080000000000 0.35646600000000000 0.025027
56.1224490000000000 0.36083500000000000 0.025056
56.2244900000000000 0.32979900000000000 0.023017
56.3265310000000000 0.33094100000000000 0.024164
56.4285710000000000 0.36351300000000000 0.024961
56.5306120000000000 0.38695200000000000 0.026493
56.6326530000000000 0.37636200000000000 0.025748
56.7346940000000000 0.32098400000000000 0.023105
56.8367350000000000 0.38691300000000000 0.026733
56.9387760000000000 0.40087000000000000 0.025999
57.0408160000000000 0.35584800000000000 0.024874
57.1428570000000000 0.35841000000000000 0.024834
57.2448980000000000 0.38053900000000000 0.026450
57.3469390000000000 0.37645000000000000 0.026491
57.4489800000000000 0.35979200000000000 0.024874
57.5510200000000000 0.37873500000000000 0.025633
57.6530610000000000 0.34722800000000000 0.024583
57.7551020000000000 0.36390500000000000 0.025124
57.8571430000000000 0.38826000000000000 0.026358
57.9591840000000000 0.38231100000000000 0.025970
58.0612240000000000 0.37633900000000000 0.025548
58.1632650000000000 0.32937000000000000 0.024229
58.2653060000000000 0.35654300000000000 0.025069
58.3673470000000000 0.34509500000000000 0.024558
58.4693880000000000 0.40181900000000000 0.026992
58.5714290000000000 0.37269400000000000 0.025566
58.6734690000000000 0.35295000000000000 0.024752
58.7755100000000000 0.31340600000000000 0.022571
58.8775510000000000 0.21323300000000000 0.018071
58.9795920000000000 0.12068700000000000 0.012966
59.0816330000000000 0.10035900000000000 0.011522
59.1836730000000000 0.13066000000000000 0.013782
59.2857140000000000 0.27639700000000000 0.021833
59.3877550000000000 0.31769200000000000 0.022985
59.4897960000000000 0.34851700000000000 0.024509
59.5918370000000000 0.35626500000000000 0.024569
59.6938780000000000 0.34490200000000000 0.024365
59.7959180000000000 0.35321200000000000 0.024913
59.8979590000000000 0.35709900000000000 0.024834
60.0000000000000000 0.35315800000000000 0.025539
