55.0000000000000000 0.35763100000000000 0.024608
55.1020410000000000 0.32649700000000000 0.023193
55.2040820000000000 0.31044100000000000 0.022654
55.3061220000000000 0.28368400000000000 0.021097
55.4081630000000000 0.24241100000000000 0.019307
55.5102040000000000 0.27618400000000000 0.021517
55.6122450000000000 0.22685600000000000 0.018315
55.7142860000000000 0.16380700000000000 0.014826
55.8163270000000000 0.13945600000000000 0.014047
55.9183670000000000 0.10692100000000000 0.011990
56.0204080000000000 0.11299700000000000 0.012638
56.1224490000000000 0.08511800000000000 0.010831
56.2244900000000000 0.05780400000000000 0.008710
56.3265310000000000 0.05373600000000000 0.008921
56.4285710000000000 0.03324600000000000 0.006993
56.5306120000000000 0.00567500000000000 0.004320
56.6326530000000000 0.00337600000000000 0.003931
56.7346940000000000 0.00119400000000000 0.003590
56.8367350000000000 0.00579000000000000 0.004409
56.9387760000000000 0.00212500000000000 0.003505
57.0408160000000000 -0.0009800000000000 0.003290
57.1428570000000000 0.00550900000000000 0.004194
57.2448980000000000 0.00011900000000000 0.003597
57.3469390000000000 -0.0021940000000000 0.003282
57.4489800000000000 -0.0020410000000000 0.003052
57.5510200000000000 0.00011200000000000 0.003379
57.6530610000000000 -0.0009890000000000 0.003322
57.7551020000000000 -0.0009690000000000 0.003254
57.8571430000000000 0.00011500000000000 0.003464
57.9591840000000000 -0.0063830000000000 0.002183
58.0612240000000000 0.00118100000000000 0.003552
58.1632650000000000 0.00127600000000000 0.003839
58.2653060000000000 -0.0009940000000000 0.003337
58.3673470000000000 0.00234200000000000 0.003864
58.4693880000000000 0.00011500000000000 0.003467
58.5714290000000000 -0.0064030000000000 0.002190
58.6734690000000000 0.00449800000000000 0.004112
58.7755100000000000 -0.0041370000000000 0.002610
58.8775510000000000 0.00453300000000000 0.004144
58.9795920000000000 -0.0053170000000000 0.002441
59.0816330000000000 -0.0030230000000000 0.002770
59.1836730000000000 -0.0010070000000000 0.003382
59.2857140000000000 0.01070400000000000 0.005155
59.3877550000000000 0.00228100000000000 0.003763
59.4897960000000000 0.00666800000000000 0.004386
59.5918370000000000 0.01924800000000000 0.005693
59.6938780000000000 0.01325000000000000 0.005174
59.7959180000000000 0.01677200000000000 0.005607
59.8979590000000000 0.03375100000000000 0.007101
60.0000000000000000 0.02475300000000000 0.006628
