55.0000000000000000 0.22926300000000000 0.018525
55.1020410000000000 0.22018200000000000 0.018093
55.2040820000000000 0.15202200000000000 0.014716
55.3061220000000000 0.13610000000000000 0.013637
55.4081630000000000 0.10241700000000000 0.011833
55.5102040000000000 0.06400200000000000 0.009668
55.6122450000000000 0.03685100000000000 0.007216
55.7142860000000000 0.01223200000000000 0.004775
55.8163270000000000 0.01100000000000000 0.004900
55.9183670000000000 0.00434100000000000 0.003969
56.0204080000000000 -0.0009910000000000 0.003326
56.1224490000000000 -0.0020650000000000 0.003088
56.2244900000000000 -0.0009220000000000 0.003096
56.3265310000000000 0.00012000000000000 0.003614
56.4285710000000000 -0.0009570000000000 0.003212
56.5306120000000000 -0.0032180000000000 0.002948
56.6326530000000000 -0.0009730000000000 0.003268
56.7346940000000000 0.00119400000000000 0.003590
56.8367350000000000 -0.0032840000000000 0.003009
56.9387760000000000 -0.0019130000000000 0.002861
57.0408160000000000 0.00120900000000000 0.003637
57.1428570000000000 0.00874700000000000 0.004602
57.2448980000000000 0.00466100000000000 0.004262
57.3469390000000000 -0.0021940000000000 0.003282
57.4489800000000000 0.00011300000000000 0.003411
57.5510200000000000 -0.0020210000000000 0.003023
57.6530610000000000 0.00453800000000000 0.004149
57.7551020000000000 -0.0031350000000000 0.002872
57.8571430000000000 0.00120800000000000 0.003633
57.9591840000000000 -0.0020520000000000 0.003068
58.0612240000000000 0.00011200000000000 0.003386
58.1632650000000000 0.00358700000000000 0.004176
58.2653060000000000 0.00566800000000000 0.004316
58.3673470000000000 0.01347100000000000 0.005261
58.4693880000000000 0.00887100000000000 0.004668
58.5714290000000000 0.01640800000000000 0.005485
58.6734690000000000 0.02093400000000000 0.005977
58.7755100000000000 0.02241400000000000 0.005997
58.8775510000000000 0.01778400000000000 0.005691
58.9795920000000000 0.02183900000000000 0.006030
59.0816330000000000 0.01159700000000000 0.004819
59.1836730000000000 0.01474800000000000 0.005444
59.2857140000000000 0.03186500000000000 0.007293
59.3877550000000000 0.05105600000000000 0.008467
59.4897960000000000 0.04926200000000000 0.008369
59.5918370000000000 0.07134200000000000 0.009795
59.6938780000000000 0.08877400000000000 0.011089
59.7959180000000000 0.07784200000000000 0.010465
59.8979590000000000 0.08474900000000000 0.010782
60.0000000000000000 0.11037300000000000 0.012864
