55.0000000000000000 0.35550900000000000 0.024511
55.1020410000000000 0.36158000000000000 0.024813
55.2040820000000000 0.37771500000000000 0.025785
55.3061220000000000 0.39015600000000000 0.026018
55.4081630000000000 0.38348300000000000 0.025961
55.5102040000000000 0.35375600000000000 0.025246
55.6122450000000000 0.37907000000000000 0.025467
55.7142860000000000 0.29113100000000000 0.021037
55.8163270000000000 0.28968300000000000 0.021701
55.9183670000000000 0.30785000000000000 0.022268
56.0204080000000000 0.32326600000000000 0.023469
56.1224490000000000 0.36846400000000000 0.025409
56.2244900000000000 0.36688900000000000 0.024706
56.3265310000000000 0.37086800000000000 0.026051
56.4285710000000000 0.36137500000000000 0.024863
56.5306120000000000 0.37361300000000000 0.025876
56.6326530000000000 0.37201200000000000 0.025547
56.7346940000000000 0.34799300000000000 0.024365
56.8367350000000000 0.39258400000000000 0.026997
56.9387760000000000 0.38370900000000000 0.025236
57.0408160000000000 0.35037500000000000 0.024620
57.1428570000000000 0.35948900000000000 0.024884
57.2448980000000000 0.36464100000000000 0.025706
57.3469390000000000 0.35676500000000000 0.025561
57.4489800000000000 0.33502300000000000 0.023727
57.5510200000000000 0.36060400000000000 0.024804
57.6530610000000000 0.39918400000000000 0.026990
57.7551020000000000 0.38014600000000000 0.025871
57.8571430000000000 0.34999200000000000 0.024590
57.9591840000000000 0.35091200000000000 0.024524
58.0612240000000000 0.33679200000000000 0.023728
58.1632650000000000 0.33745700000000000 0.024616
58.2653060000000000 0.35321200000000000 0.024913
58.3673470000000000 0.36735200000000000 0.025598
58.4693880000000000 0.33067300000000000 0.023699
58.5714290000000000 0.35857300000000000 0.024915
58.6734690000000000 0.33103500000000000 0.023728
58.7755100000000000 0.32084000000000000 0.022918
58.8775510000000000 0.19335600000000000 0.017049
58.9795920000000000 0.12611800000000000 0.013279
59.0816330000000000 0.10766900000000000 0.011956
59.1836730000000000 0.14979100000000000 0.014862
59.2857140000000000 0.25641100000000000 0.020834
59.3877550000000000 0.30902100000000000 0.022576
59.4897960000000000 0.35179400000000000 0.024661
59.5918370000000000 0.33074900000000000 0.023391
59.6938780000000000 0.35803700000000000 0.024976
59.7959180000000000 0.39762600000000000 0.026972
59.8979590000000000 0.37771500000000000 0.025785
60.0000000000000000 0.36371400000000000 0.026042
