55.0000000000000000 0.35869100000000000 0.024657
55.1020410000000000 0.39560100000000000 0.026363
55.2040820000000000 0.37771500000000000 0.025785
55.3061220000000000 0.40913200000000000 0.026874
55.4081630000000000 0.36517600000000000 0.025122
55.5102040000000000 0.36858600000000000 0.025944
55.6122450000000000 0.33183200000000000 0.023307
55.7142860000000000 0.31841400000000000 0.022296
55.8163270000000000 0.30818900000000000 0.022581
55.9183670000000000 0.32582800000000000 0.023106
56.0204080000000000 0.33765200000000000 0.024147
56.1224490000000000 0.33577000000000000 0.023890
56.2244900000000000 0.38440400000000000 0.025496
56.3265310000000000 0.37086800000000000 0.026051
56.4285710000000000 0.37954500000000000 0.025695
56.5306120000000000 0.41029600000000000 0.027567
56.6326530000000000 0.39376100000000000 0.026545
56.7346940000000000 0.32638600000000000 0.023358
56.8367350000000000 0.36763000000000000 0.025833
56.9387760000000000 0.36654800000000000 0.024468
57.0408160000000000 0.36351000000000000 0.025230
57.1428570000000000 0.36164700000000000 0.024984
57.2448980000000000 0.35555600000000000 0.025279
57.3469390000000000 0.34171200000000000 0.024845
57.4489800000000000 0.38240600000000000 0.025912
57.5510200000000000 0.38193500000000000 0.025779
57.6530610000000000 0.37486400000000000 0.025869
57.7551020000000000 0.41154400000000000 0.027303
57.8571430000000000 0.35436500000000000 0.024793
57.9591840000000000 0.35416000000000000 0.024674
58.0612240000000000 0.37633900000000000 0.025548
58.1632650000000000 0.33283600000000000 0.024395
58.2653060000000000 0.37652900000000000 0.025998
58.3673470000000000 0.37291600000000000 0.025856
58.4693880000000000 0.36569900000000000 0.025331
58.5714290000000000 0.37052200000000000 0.025466
58.6734690000000000 0.36062100000000000 0.025108
58.7755100000000000 0.28791700000000000 0.021371
58.8775510000000000 0.20439900000000000 0.017619
58.9795920000000000 0.11308300000000000 0.012522
59.0816330000000000 0.10453700000000000 0.011771
59.1836730000000000 0.14866500000000000 0.014799
59.2857140000000000 0.25876200000000000 0.020952
59.3877550000000000 0.37297000000000000 0.025554
59.4897960000000000 0.37145300000000000 0.025572
59.5918370000000000 0.35413800000000000 0.024471
59.6938780000000000 0.32848400000000000 0.023596
59.7959180000000000 0.36542600000000000 0.025483
59.8979590000000000 0.36360900000000000 0.025135
60.0000000000000000 0.36957800000000000 0.026320
