55.0000000000000000 0.39582200000000000 0.026348
55.1020410000000000 0.36902200000000000 0.025153
55.2040820000000000 0.42111800000000000 0.027763
55.3061220000000000 0.39226500000000000 0.026113
55.4081630000000000 0.41686600000000000 0.027479
55.5102040000000000 0.40395000000000000 0.027594
55.6122450000000000 0.34442900000000000 0.023887
55.7142860000000000 0.31033000000000000 0.021925
55.8163270000000000 0.30818900000000000 0.022581
55.9183670000000000 0.34803600000000000 0.024132
56.0204080000000000 0.35535900000000000 0.024976
56.1224490000000000 0.39461900000000000 0.026610
56.2244900000000000 0.37101000000000000 0.024893
56.3265310000000000 0.36516400000000000 0.025784
56.4285710000000000 0.39664600000000000 0.026473
56.5306120000000000 0.39139900000000000 0.026698
56.6326530000000000 0.34156400000000000 0.024137
56.7346940000000000 0.34799300000000000 0.024365
56.8367350000000000 0.32566100000000000 0.023849
56.9387760000000000 0.30295100000000000 0.021575
57.0408160000000000 0.22778400000000000 0.018728
57.1428570000000000 0.17926200000000000 0.016129
57.2448980000000000 0.14320200000000000 0.014560
57.3469390000000000 0.08580900000000000 0.011233
57.4489800000000000 0.01734300000000000 0.005549
57.5510200000000000 -0.0030880000000000 0.002829
57.6530610000000000 0.00011600000000000 0.003502
57.7551020000000000 -0.0053000000000000 0.002433
57.8571430000000000 0.00120800000000000 0.003633
57.9591840000000000 0.00119600000000000 0.003598
58.0612240000000000 0.00225000000000000 0.003711
58.1632650000000000 0.00358700000000000 0.004176
58.2653060000000000 -0.0021040000000000 0.003147
58.3673470000000000 -0.0021090000000000 0.003154
58.4693880000000000 -0.0042630000000000 0.002690
58.5714290000000000 0.00554500000000000 0.004222
58.6734690000000000 0.02093400000000000 0.005977
58.7755100000000000 0.03303400000000000 0.006948
58.8775510000000000 0.03434700000000000 0.007228
58.9795920000000000 0.02618400000000000 0.006439
59.0816330000000000 0.03248200000000000 0.006831
59.1836730000000000 0.03838000000000000 0.007651
59.2857140000000000 0.14707700000000000 0.015037
59.3877550000000000 0.17353500000000000 0.015862
59.4897960000000000 0.17267800000000000 0.015876
59.5918370000000000 0.19679300000000000 0.016915
59.6938780000000000 0.18619100000000000 0.016604
59.7959180000000000 0.22552000000000000 0.018742
59.8979590000000000 0.21387100000000000 0.017952
60.0000000000000000 0.19833900000000000 0.017821
