55.0000000000000000 0.40643100000000000 0.026827
55.1020410000000000 0.39879000000000000 0.026507
55.2040820000000000 0.42111800000000000 0.027763
55.3061220000000000 0.40280600000000000 0.026589
55.4081630000000000 0.41902000000000000 0.027576
55.5102040000000000 0.37200800000000000 0.026105
55.6122450000000000 0.33603100000000000 0.023500
55.7142860000000000 0.30830900000000000 0.021832
55.8163270000000000 0.27335400000000000 0.020916
55.9183670000000000 0.31736800000000000 0.022713
56.0204080000000000 0.35314600000000000 0.024872
56.1224490000000000 0.29435800000000000 0.021935
56.2244900000000000 0.31228400000000000 0.022210
56.3265310000000000 0.27390300000000000 0.021405
56.4285710000000000 0.22884100000000000 0.018570
56.5306120000000000 0.18575300000000000 0.016706
56.6326530000000000 0.12516800000000000 0.013231
56.7346940000000000 0.08762400000000000 0.010940
56.8367350000000000 0.05683400000000000 0.009121
56.9387760000000000 0.02029600000000000 0.005601
57.0408160000000000 -0.0031690000000000 0.002903
57.1428570000000000 0.00011300000000000 0.003419
57.2448980000000000 -0.0010160000000000 0.003413
57.3469390000000000 0.00243700000000000 0.004020
57.4489800000000000 -0.0020410000000000 0.003052
57.5510200000000000 0.00224500000000000 0.003703
57.6530610000000000 0.00011600000000000 0.003502
57.7551020000000000 0.00119600000000000 0.003598
57.8571430000000000 -0.0042590000000000 0.002687
57.9591840000000000 0.00985800000000000 0.004747
58.0612240000000000 0.00118100000000000 0.003552
58.1632650000000000 0.00012100000000000 0.003660
58.2653060000000000 0.00344800000000000 0.004014
58.3673470000000000 0.01458400000000000 0.005383
58.4693880000000000 0.01543900000000000 0.005412
58.5714290000000000 0.04030500000000000 0.007646
58.6734690000000000 0.04504100000000000 0.008061
58.7755100000000000 0.05321200000000000 0.008528
58.8775510000000000 0.02882600000000000 0.006747
58.9795920000000000 0.03813200000000000 0.007470
59.0816330000000000 0.02308400000000000 0.005995
59.1836730000000000 0.05075900000000000 0.008629
59.2857140000000000 0.07301200000000000 0.010465
59.3877550000000000 0.12584400000000000 0.013248
59.4897960000000000 0.16394000000000000 0.015409
59.5918370000000000 0.16702500000000000 0.015370
59.6938780000000000 0.19275800000000000 0.016945
59.7959180000000000 0.17999500000000000 0.016394
59.8979590000000000 0.20410500000000000 0.017456
60.0000000000000000 0.21827800000000000 0.018865
