55.0000000000000000 0.39051800000000000 0.026108
55.1020410000000000 0.36583300000000000 0.025008
55.2040820000000000 0.39182100000000000 0.026431
55.3061220000000000 0.35536800000000000 0.024434
55.4081630000000000 0.32856200000000000 0.023425
55.5102040000000000 0.29329600000000000 0.022353
55.6122450000000000 0.33708000000000000 0.023549
55.7142860000000000 0.28506800000000000 0.020755
55.8163270000000000 0.30274600000000000 0.022323
55.9183670000000000 0.29833200000000000 0.021821
56.0204080000000000 0.34097200000000000 0.024303
56.1224490000000000 0.33577000000000000 0.023890
56.2244900000000000 0.33701100000000000 0.023347
56.3265310000000000 0.41421600000000000 0.028069
56.4285710000000000 0.35389300000000000 0.024519
56.5306120000000000 0.34915800000000000 0.024736
56.6326530000000000 0.34808900000000000 0.024441
56.7346940000000000 0.36527900000000000 0.025163
56.8367350000000000 0.34607800000000000 0.024819
56.9387760000000000 0.38471900000000000 0.025281
57.0408160000000000 0.34709100000000000 0.024467
57.1428570000000000 0.37136000000000000 0.025431
57.2448980000000000 0.39757200000000000 0.027242
57.3469390000000000 0.35444900000000000 0.025451
57.4489800000000000 0.39640600000000000 0.026550
57.5510200000000000 0.32114200000000000 0.022977
57.6530610000000000 0.34722800000000000 0.024583
57.7551020000000000 0.39530300000000000 0.026564
57.8571430000000000 0.37295300000000000 0.025654
57.9591840000000000 0.36282200000000000 0.025074
58.0612240000000000 0.39557700000000000 0.026424
58.1632650000000000 0.36171700000000000 0.025769
58.2653060000000000 0.35099100000000000 0.024809
58.3673470000000000 0.39072100000000000 0.026681
58.4693880000000000 0.37336100000000000 0.025685
58.5714290000000000 0.36834900000000000 0.025366
58.6734690000000000 0.32993900000000000 0.023676
58.7755100000000000 0.31234400000000000 0.022522
58.8775510000000000 0.21433700000000000 0.018127
58.9795920000000000 0.12068700000000000 0.012966
59.0816330000000000 0.07843000000000000 0.010163
59.1836730000000000 0.16779600000000000 0.015848
59.2857140000000000 0.27522100000000000 0.021775
59.3877550000000000 0.34804100000000000 0.024403
59.4897960000000000 0.35288600000000000 0.024712
59.5918370000000000 0.32968600000000000 0.023341
59.6938780000000000 0.33614600000000000 0.023956
59.7959180000000000 0.39207500000000000 0.026716
59.8979590000000000 0.39290600000000000 0.026480
60.0000000000000000 0.37896100000000000 0.026764
