55.0000000000000000 0.35763100000000000 0.024608
55.1020410000000000 0.35945400000000000 0.024715
55.2040820000000000 0.32780200000000000 0.023471
55.3061220000000000 0.37329000000000000 0.025253
55.4081630000000000 0.35763800000000000 0.024775
55.5102040000000000 0.35603800000000000 0.025354
55.6122450000000000 0.34127900000000000 0.023742
55.7142860000000000 0.30628800000000000 0.021739
55.8163270000000000 0.27662000000000000 0.021073
55.9183670000000000 0.31419500000000000 0.022564
56.0204080000000000 0.30998500000000000 0.022838
56.1224490000000000 0.35320700000000000 0.024703
56.2244900000000000 0.36688900000000000 0.024706
56.3265310000000000 0.36516400000000000 0.025784
56.4285710000000000 0.35816900000000000 0.024715
56.5306120000000000 0.37694800000000000 0.026030
56.6326530000000000 0.38723600000000000 0.026247
56.7346940000000000 0.37500300000000000 0.025610
56.8367350000000000 0.35969000000000000 0.025460
56.9387760000000000 0.36654800000000000 0.024468
57.0408160000000000 0.34709100000000000 0.024467
57.1428570000000000 0.36380600000000000 0.025083
57.2448980000000000 0.36577600000000000 0.025759
57.3469390000000000 0.38108200000000000 0.026709
57.4489800000000000 0.38994400000000000 0.026256
57.5510200000000000 0.37233600000000000 0.025341
57.6530610000000000 0.40250100000000000 0.027142
57.7551020000000000 0.38014600000000000 0.025871
57.8571430000000000 0.38060600000000000 0.026006
57.9591840000000000 0.38339400000000000 0.026020
58.0612240000000000 0.36244400000000000 0.024912
58.1632650000000000 0.39753000000000000 0.027451
58.2653060000000000 0.36875700000000000 0.025637
58.3673470000000000 0.36957800000000000 0.025701
58.4693880000000000 0.31644400000000000 0.023029
58.5714290000000000 0.40636800000000000 0.027107
58.6734690000000000 0.33103500000000000 0.023728
58.7755100000000000 0.29853800000000000 0.021873
58.8775510000000000 0.19004400000000000 0.016876
58.9795920000000000 0.11960000000000000 0.012903
59.0816330000000000 0.11080200000000000 0.012139
59.1836730000000000 0.15091600000000000 0.014924
59.2857140000000000 0.29403100000000000 0.022704
59.3877550000000000 0.32311200000000000 0.023239
59.4897960000000000 0.31356800000000000 0.022870
59.5918370000000000 0.37540100000000000 0.025445
59.6938780000000000 0.36569900000000000 0.025331
59.7959180000000000 0.37875000000000000 0.026101
59.8979590000000000 0.40267200000000000 0.026926
60.0000000000000000 0.35315800000000000 0.025539
