55.0000000000000000 0.36717900000000000 0.025045
55.1020410000000000 0.36902200000000000 0.025153
55.2040820000000000 0.38422600000000000 0.026083
55.3061220000000000 0.35747700000000000 0.024531
55.4081630000000000 0.34148500000000000 0.024027
55.5102040000000000 0.39596400000000000 0.027223
55.6122450000000000 0.32343400000000000 0.022918
55.7142860000000000 0.30527800000000000 0.021692
55.8163270000000000 0.32451900000000000 0.023351
55.9183670000000000 0.32794300000000000 0.023204
56.0204080000000000 0.36310600000000000 0.025336
56.1224490000000000 0.37064300000000000 0.025509
56.2244900000000000 0.36379800000000000 0.024567
56.3265310000000000 0.36630400000000000 0.025837
56.4285710000000000 0.37420100000000000 0.025451
56.5306120000000000 0.34804600000000000 0.024684
56.6326530000000000 0.31872900000000000 0.023068
56.7346940000000000 0.38364600000000000 0.026006
56.8367350000000000 0.34948100000000000 0.024979
56.9387760000000000 0.37058600000000000 0.024649
57.0408160000000000 0.41386000000000000 0.027541
57.1428570000000000 0.38970700000000000 0.026271
57.2448980000000000 0.39416600000000000 0.027084
57.3469390000000000 0.37413400000000000 0.026382
57.4489800000000000 0.36733000000000000 0.025221
57.5510200000000000 0.36593700000000000 0.025048
57.6530610000000000 0.39255200000000000 0.026685
57.7551020000000000 0.35849100000000000 0.024875
57.8571430000000000 0.40684700000000000 0.027208
57.9591840000000000 0.35416000000000000 0.024674
58.0612240000000000 0.39023300000000000 0.026182
58.1632650000000000 0.38944400000000000 0.027073
58.2653060000000000 0.35876400000000000 0.025172
58.3673470000000000 0.37959300000000000 0.026166
58.4693880000000000 0.36679300000000000 0.025382
58.5714290000000000 0.34228000000000000 0.024159
58.6734690000000000 0.31788600000000000 0.023109
58.7755100000000000 0.30809600000000000 0.022322
58.8775510000000000 0.21654500000000000 0.018239
58.9795920000000000 0.13046300000000000 0.013526
59.0816330000000000 0.09409400000000000 0.011144
59.1836730000000000 0.15316700000000000 0.015049
59.2857140000000000 0.25641100000000000 0.020834
59.3877550000000000 0.31335700000000000 0.022780
59.4897960000000000 0.32995100000000000 0.023642
59.5918370000000000 0.36477000000000000 0.024959
59.6938780000000000 0.38211700000000000 0.026088
59.7959180000000000 0.35432200000000000 0.024965
59.8979590000000000 0.36578000000000000 0.025235
60.0000000000000000 0.38717100000000000 0.027152
