55.0000000000000000 0.17940100000000000 0.016002
55.1020410000000000 0.13619400000000000 0.013700
55.2040820000000000 0.13900200000000000 0.013998
55.3061220000000000 0.11712400000000000 0.012565
55.4081630000000000 0.08303300000000000 0.010629
55.5102040000000000 0.05601700000000000 0.009090
55.6122450000000000 0.05154800000000000 0.008350
55.7142860000000000 0.02637900000000000 0.006169
55.8163270000000000 0.01535500000000000 0.005382
55.9183670000000000 0.00645600000000000 0.004247
56.0204080000000000 0.00343600000000000 0.004000
56.1224490000000000 0.00556300000000000 0.004236
56.2244900000000000 0.00010800000000000 0.003264
56.3265310000000000 -0.0033030000000000 0.003026
56.4285710000000000 0.00011200000000000 0.003386
56.5306120000000000 0.00011700000000000 0.003521
56.6326530000000000 -0.0053230000000000 0.002444
56.7346940000000000 0.00011300000000000 0.003423
56.8367350000000000 -0.0010150000000000 0.003409
56.9387760000000000 -0.0039320000000000 0.002481
57.0408160000000000 -0.0020740000000000 0.003102
57.1428570000000000 -0.0020450000000000 0.003058
57.2448980000000000 0.01147500000000000 0.005112
57.3469390000000000 -0.0021940000000000 0.003282
57.4489800000000000 0.00011300000000000 0.003411
57.5510200000000000 0.00437800000000000 0.004003
57.6530610000000000 -0.0020950000000000 0.003133
57.7551020000000000 -0.0042170000000000 0.002661
57.8571430000000000 0.00120800000000000 0.003633
57.9591840000000000 0.00119600000000000 0.003598
58.0612240000000000 0.00331900000000000 0.003864
58.1632650000000000 -0.0033450000000000 0.003064
58.2653060000000000 -0.0032150000000000 0.002945
58.3673470000000000 -0.0021090000000000 0.003154
58.4693880000000000 0.00230400000000000 0.003800
58.5714290000000000 0.00120000000000000 0.003610
58.6734690000000000 -0.0020770000000000 0.003105
58.7755100000000000 -0.0051990000000000 0.002387
58.8775510000000000 -0.0020930000000000 0.003129
58.9795920000000000 0.00011400000000000 0.003441
59.0816330000000000 -0.0009350000000000 0.003138
59.1836730000000000 -0.0021330000000000 0.003189
59.2857140000000000 -0.0034040000000000 0.003118
59.3877550000000000 0.00228100000000000 0.003763
59.4897960000000000 -0.0009780000000000 0.003282
59.5918370000000000 0.00223800000000000 0.003691
59.6938780000000000 0.00230400000000000 0.003800
59.7959180000000000 0.00455800000000000 0.004167
59.8979590000000000 0.00987900000000000 0.004757
60.0000000000000000 0.01302500000000000 0.005414
