55.0000000000000000 0.41491800000000000 0.027210
55.1020410000000000 0.40516900000000000 0.026796
55.2040820000000000 0.42220300000000000 0.027813
55.3061220000000000 0.41756500000000000 0.027252
55.4081630000000000 0.40502100000000000 0.026942
55.5102040000000000 0.33436300000000000 0.024327
55.6122450000000000 0.32343400000000000 0.022918
55.7142860000000000 0.26182600000000000 0.019664
55.8163270000000000 0.22872100000000000 0.018726
55.9183670000000000 0.24228400000000000 0.019136
56.0204080000000000 0.23694500000000000 0.019285
56.1224490000000000 0.23550900000000000 0.019074
56.2244900000000000 0.22058900000000000 0.017846
56.3265310000000000 0.14043300000000000 0.014437
56.4285710000000000 0.10806300000000000 0.012123
56.5306120000000000 0.06236600000000000 0.009414
56.6326530000000000 0.03056200000000000 0.006836
56.7346940000000000 0.00659600000000000 0.004339
56.8367350000000000 0.00352200000000000 0.004100
56.9387760000000000 -0.0039320000000000 0.002481
57.0408160000000000 0.00120900000000000 0.003637
57.1428570000000000 0.00227200000000000 0.003747
57.2448980000000000 0.00920400000000000 0.004843
57.3469390000000000 0.00359500000000000 0.004186
57.4489800000000000 -0.0052710000000000 0.002420
57.5510200000000000 -0.0020210000000000 0.003023
57.6530610000000000 0.00674900000000000 0.004440
57.7551020000000000 0.00227900000000000 0.003759
57.8571430000000000 0.00120800000000000 0.003633
57.9591840000000000 -0.0020520000000000 0.003068
58.0612240000000000 -0.0009570000000000 0.003212
58.1632650000000000 0.00474200000000000 0.004336
58.2653060000000000 -0.0032150000000000 0.002945
58.3673470000000000 0.00345500000000000 0.004023
58.4693880000000000 0.01434400000000000 0.005294
58.5714290000000000 0.02183900000000000 0.006030
58.6734690000000000 0.03737100000000000 0.007447
58.7755100000000000 0.03409600000000000 0.007038
58.8775510000000000 0.02220000000000000 0.006131
58.9795920000000000 0.01640800000000000 0.005485
59.0816330000000000 0.02203900000000000 0.005896
59.1836730000000000 0.03162800000000000 0.007077
59.2857140000000000 0.06125600000000000 0.009633
59.3877550000000000 0.10416700000000000 0.011978
59.4897960000000000 0.14209700000000000 0.014217
59.5918370000000000 0.14469900000000000 0.014169
59.6938780000000000 0.12927300000000000 0.013511
59.7959180000000000 0.15334700000000000 0.014958
59.8979590000000000 0.13466100000000000 0.013755
60.0000000000000000 0.15025100000000000 0.015199
