55.0000000000000000 0.40537000000000000 0.026779
55.1020410000000000 0.43493700000000000 0.028134
55.2040820000000000 0.38856600000000000 0.026282
55.3061220000000000 0.42389000000000000 0.027536
55.4081630000000000 0.36302200000000000 0.025023
55.5102040000000000 0.36402300000000000 0.025730
55.6122450000000000 0.32343400000000000 0.022918
55.7142860000000000 0.26788900000000000 0.019950
55.8163270000000000 0.26900000000000000 0.020705
55.9183670000000000 0.28669900000000000 0.021271
56.0204080000000000 0.27014500000000000 0.020921
56.1224490000000000 0.22570100000000000 0.018585
56.2244900000000000 0.21028600000000000 0.017336
56.3265310000000000 0.16324900000000000 0.015707
56.4285710000000000 0.10271900000000000 0.011805
56.5306120000000000 0.05903100000000000 0.009177
56.6326530000000000 0.02947400000000000 0.006740
56.7346940000000000 0.01091700000000000 0.004863
56.8367350000000000 -0.0055520000000000 0.002550
56.9387760000000000 0.00515300000000000 0.003923
57.0408160000000000 -0.0042630000000000 0.002690
57.1428570000000000 -0.0031240000000000 0.002862
57.2448980000000000 0.00125500000000000 0.003774
57.3469390000000000 -0.0021940000000000 0.003282
57.4489800000000000 0.00011300000000000 0.003411
57.5510200000000000 0.00224500000000000 0.003703
57.6530610000000000 -0.0032000000000000 0.002932
57.7551020000000000 -0.0042170000000000 0.002661
57.8571430000000000 0.00339500000000000 0.003952
57.9591840000000000 -0.0042170000000000 0.002661
58.0612240000000000 -0.0030940000000000 0.002835
58.1632650000000000 0.00820800000000000 0.004786
58.2653060000000000 0.01899300000000000 0.005836
58.3673470000000000 0.01569600000000000 0.005502
58.4693880000000000 0.01106000000000000 0.004927
58.5714290000000000 0.03161500000000000 0.006923
58.6734690000000000 0.05599900000000000 0.008884
58.7755100000000000 0.05958400000000000 0.008984
58.8775510000000000 0.04649400000000000 0.008210
58.9795920000000000 0.03813200000000000 0.007470
59.0816330000000000 0.02517200000000000 0.006188
59.1836730000000000 0.04175600000000000 0.007926
59.2857140000000000 0.07418800000000000 0.010546
59.3877550000000000 0.12801200000000000 0.013372
59.4897960000000000 0.15520300000000000 0.014937
59.5918370000000000 0.14151000000000000 0.013994
59.6938780000000000 0.17305600000000000 0.015913
59.7959180000000000 0.17999500000000000 0.016394
59.8979590000000000 0.18782900000000000 0.016619
60.0000000000000000 0.16315300000000000 0.015919
