55.0000000000000000 0.42234500000000000 0.027543
55.1020410000000000 0.37965400000000000 0.025639
55.2040820000000000 0.41026700000000000 0.027271
55.3061220000000000 0.36696400000000000 0.024964
55.4081630000000000 0.41363600000000000 0.027332
55.5102040000000000 0.35147500000000000 0.025138
55.6122450000000000 0.29299100000000000 0.021496
55.7142860000000000 0.27395200000000000 0.020235
55.8163270000000000 0.25920200000000000 0.020229
55.9183670000000000 0.27083700000000000 0.020516
56.0204080000000000 0.24247800000000000 0.019560
56.1224490000000000 0.17557100000000000 0.016012
56.2244900000000000 0.16701400000000000 0.015135
56.3265310000000000 0.13815200000000000 0.014307
56.4285710000000000 0.07706800000000000 0.010202
56.5306120000000000 0.03457600000000000 0.007277
56.6326530000000000 0.00663900000000000 0.004367
56.7346940000000000 0.00335400000000000 0.003905
56.8367350000000000 0.00352200000000000 0.004100
56.9387760000000000 0.00717200000000000 0.004181
57.0408160000000000 0.00339900000000000 0.003957
57.1428570000000000 0.00443000000000000 0.004050
57.2448980000000000 0.00125500000000000 0.003774
57.3469390000000000 0.00591100000000000 0.004501
57.4489800000000000 0.00119000000000000 0.003579
57.5510200000000000 -0.0009550000000000 0.003205
57.6530610000000000 -0.0076220000000000 0.001941
57.7551020000000000 0.00011400000000000 0.003430
57.8571430000000000 -0.0020720000000000 0.003099
57.9591840000000000 -0.0009690000000000 0.003254
58.0612240000000000 -0.0009570000000000 0.003212
58.1632650000000000 0.00012100000000000 0.003660
58.2653060000000000 -0.0021040000000000 0.003147
58.3673470000000000 0.00234200000000000 0.003864
58.4693880000000000 0.00449300000000000 0.004108
58.5714290000000000 0.01314900000000000 0.005135
58.6734690000000000 0.02970100000000000 0.006792
58.7755100000000000 0.01922800000000000 0.005687
58.8775510000000000 0.01999200000000000 0.005914
58.9795920000000000 0.01314900000000000 0.005135
59.0816330000000000 0.02308400000000000 0.005995
59.1836730000000000 0.02712700000000000 0.006673
59.2857140000000000 0.05655400000000000 0.009287
59.3877550000000000 0.08574100000000000 0.010839
59.4897960000000000 0.11260800000000000 0.012530
59.5918370000000000 0.14151000000000000 0.013994
59.6938780000000000 0.13693500000000000 0.013944
59.7959180000000000 0.13002900000000000 0.013652
59.8979590000000000 0.14876700000000000 0.014538
60.0000000000000000 0.18309100000000000 0.017007
