55.0000000000000000 0.35657000000000000 0.024559
55.1020410000000000 0.35094900000000000 0.024324
55.2040820000000000 0.38097000000000000 0.025934
55.3061220000000000 0.35853100000000000 0.024579
55.4081630000000000 0.37917600000000000 0.025764
55.5102040000000000 0.34006700000000000 0.024598
55.6122450000000000 0.32763300000000000 0.023112
55.7142860000000000 0.30325700000000000 0.021599
55.8163270000000000 0.27444300000000000 0.020968
55.9183670000000000 0.30679200000000000 0.022218
56.0204080000000000 0.33101200000000000 0.023834
56.1224490000000000 0.35538600000000000 0.024804
56.2244900000000000 0.34216200000000000 0.023583
56.3265310000000000 0.40052700000000000 0.027435
56.4285710000000000 0.33572300000000000 0.023678
56.5306120000000000 0.36472000000000000 0.025463
56.6326530000000000 0.37310000000000000 0.025598
56.7346940000000000 0.36419900000000000 0.025114
56.8367350000000000 0.32906400000000000 0.024012
56.9387760000000000 0.37563300000000000 0.024875
57.0408160000000000 0.36351000000000000 0.025230
57.1428570000000000 0.37028100000000000 0.025381
57.2448980000000000 0.38281000000000000 0.026556
57.3469390000000000 0.35097600000000000 0.025286
57.4489800000000000 0.39532900000000000 0.026501
57.5510200000000000 0.33927300000000000 0.023820
57.6530610000000000 0.36602100000000000 0.025459
57.7551020000000000 0.41154400000000000 0.027303
57.8571430000000000 0.37185900000000000 0.025603
57.9591840000000000 0.35307800000000000 0.024624
58.0612240000000000 0.39450900000000000 0.026376
58.1632650000000000 0.36749400000000000 0.026042
58.2653060000000000 0.33100500000000000 0.023870
58.3673470000000000 0.36623900000000000 0.025546
58.4693880000000000 0.33176700000000000 0.023750
58.5714290000000000 0.34119300000000000 0.024108
58.6734690000000000 0.33213100000000000 0.023779
58.7755100000000000 0.31977800000000000 0.022869
58.8775510000000000 0.18894000000000000 0.016819
58.9795920000000000 0.12611800000000000 0.013279
59.0816330000000000 0.10349200000000000 0.011709
59.1836730000000000 0.14078800000000000 0.014358
59.2857140000000000 0.26111400000000000 0.021070
59.3877550000000000 0.33937000000000000 0.023999
59.4897960000000000 0.33104300000000000 0.023693
59.5918370000000000 0.36689600000000000 0.025056
59.6938780000000000 0.36132100000000000 0.025128
59.7959180000000000 0.33211500000000000 0.023922
59.8979590000000000 0.35926900000000000 0.024935
60.0000000000000000 0.34377500000000000 0.025091
