55.0000000000000000 0.34596100000000000 0.024072
55.1020410000000000 0.35201200000000000 0.024373
55.2040820000000000 0.37120500000000000 0.025485
55.3061220000000000 0.36907300000000000 0.025061
55.4081630000000000 0.35763800000000000 0.024775
55.5102040000000000 0.37999400000000000 0.026479
55.6122450000000000 0.34337900000000000 0.023839
55.7142860000000000 0.32649800000000000 0.022666
55.8163270000000000 0.25702500000000000 0.020123
55.9183670000000000 0.29939000000000000 0.021871
56.0204080000000000 0.30998500000000000 0.022838
56.1224490000000000 0.34121900000000000 0.024145
56.2244900000000000 0.35143500000000000 0.024006
56.3265310000000000 0.33322200000000000 0.024273
56.4285710000000000 0.37206300000000000 0.025353
56.5306120000000000 0.38695200000000000 0.026493
56.6326530000000000 0.37527400000000000 0.025698
56.7346940000000000 0.37500300000000000 0.025610
56.8367350000000000 0.34948100000000000 0.024979
56.9387760000000000 0.39582300000000000 0.025775
57.0408160000000000 0.41823800000000000 0.027740
57.1428570000000000 0.38107300000000000 0.025876
57.2448980000000000 0.38167400000000000 0.026503
57.3469390000000000 0.34981800000000000 0.025231
57.4489800000000000 0.35548400000000000 0.024675
57.5510200000000000 0.34887200000000000 0.024264
57.6530610000000000 0.37707500000000000 0.025972
57.7551020000000000 0.35091200000000000 0.024524
57.8571430000000000 0.37295300000000000 0.025654
57.9591840000000000 0.36065700000000000 0.024975
58.0612240000000000 0.36565000000000000 0.025059
58.1632650000000000 0.36864900000000000 0.026096
58.2653060000000000 0.35765300000000000 0.025120
58.3673470000000000 0.35844900000000000 0.025183
58.4693880000000000 0.37117200000000000 0.025584
58.5714290000000000 0.36183200000000000 0.025066
58.6734690000000000 0.35075900000000000 0.024650
58.7755100000000000 0.27835900000000000 0.020916
58.8775510000000000 0.20550300000000000 0.017676
58.9795920000000000 0.11199700000000000 0.012458
59.0816330000000000 0.11080200000000000 0.012139
59.1836730000000000 0.15204100000000000 0.014987
59.2857140000000000 0.25523500000000000 0.020775
59.3877550000000000 0.34045400000000000 0.024050
59.4897960000000000 0.37473000000000000 0.025723
59.5918370000000000 0.35626500000000000 0.024569
59.6938780000000000 0.36569900000000000 0.025331
59.7959180000000000 0.37097800000000000 0.025741
59.8979590000000000 0.39941700000000000 0.026777
60.0000000000000000 0.33439200000000000 0.024640
