55.0000000000000000 0.35020400000000000 0.024267
55.1020410000000000 0.34457000000000000 0.024030
55.2040820000000000 0.39507600000000000 0.026579
55.3061220000000000 0.33217700000000000 0.023367
55.4081630000000000 0.32533100000000000 0.023274
55.5102040000000000 0.30242200000000000 0.022795
55.6122450000000000 0.32973200000000000 0.023210
55.7142860000000000 0.29517300000000000 0.021225
55.8163270000000000 0.27226600000000000 0.020863
55.9183670000000000 0.34380600000000000 0.023938
56.0204080000000000 0.36642600000000000 0.025491
56.1224490000000000 0.36846400000000000 0.025409
56.2244900000000000 0.36585900000000000 0.024660
56.3265310000000000 0.39026000000000000 0.026958
56.4285710000000000 0.34213600000000000 0.023976
56.5306120000000000 0.39139900000000000 0.026698
56.6326530000000000 0.37962400000000000 0.025898
56.7346940000000000 0.40633300000000000 0.027040
56.8367350000000000 0.37216700000000000 0.026045
56.9387760000000000 0.37563300000000000 0.024875
57.0408160000000000 0.35803700000000000 0.024976
57.1428570000000000 0.38107300000000000 0.025876
57.2448980000000000 0.37145400000000000 0.026025
57.3469390000000000 0.37297600000000000 0.026328
57.4489800000000000 0.37917600000000000 0.025764
57.5510200000000000 0.41286500000000000 0.027181
57.6530610000000000 0.35607200000000000 0.024996
57.7551020000000000 0.34983000000000000 0.024474
57.8571430000000000 0.36311200000000000 0.025199
57.9591840000000000 0.37256700000000000 0.025523
58.0612240000000000 0.35816900000000000 0.024715
58.1632650000000000 0.40561700000000000 0.027828
58.2653060000000000 0.37875000000000000 0.026101
58.3673470000000000 0.36401300000000000 0.025442
58.4693880000000000 0.36788800000000000 0.025432
58.5714290000000000 0.34662500000000000 0.024361
58.6734690000000000 0.31788600000000000 0.023109
58.7755100000000000 0.28579300000000000 0.021270
58.8775510000000000 0.22869200000000000 0.018852
58.9795920000000000 0.10439300000000000 0.012005
59.0816330000000000 0.10662500000000000 0.011895
59.1836730000000000 0.15316700000000000 0.015049
59.2857140000000000 0.21526400000000000 0.018730
59.3877550000000000 0.30685300000000000 0.022473
59.4897960000000000 0.34851700000000000 0.024509
59.5918370000000000 0.32437000000000000 0.023094
59.6938780000000000 0.36898300000000000 0.025483
59.7959180000000000 0.37986100000000000 0.026152
59.8979590000000000 0.35384400000000000 0.024684
60.0000000000000000 0.35433100000000000 0.025595
