55.0000000000000000 0.32792600000000000 0.023237
55.1020410000000000 0.29672900000000000 0.021798
55.2040820000000000 0.27571900000000000 0.020998
55.3061220000000000 0.26787200000000000 0.020344
55.4081630000000000 0.22087400000000000 0.018239
55.5102040000000000 0.18492300000000000 0.016874
55.6122450000000000 0.13867700000000000 0.013750
55.7142860000000000 0.10823000000000000 0.011788
55.8163270000000000 0.07631700000000000 0.010254
55.9183670000000000 0.07519500000000000 0.010021
56.0204080000000000 0.03553000000000000 0.007338
56.1224490000000000 0.02626900000000000 0.006460
56.2244900000000000 0.00938100000000000 0.004516
56.3265310000000000 0.00126000000000000 0.003791
56.4285710000000000 0.00866300000000000 0.004558
56.5306120000000000 -0.0076650000000000 0.001951
56.6326530000000000 0.00228900000000000 0.003775
56.7346940000000000 -0.0020470000000000 0.003062
56.8367350000000000 -0.0032840000000000 0.003009
56.9387760000000000 0.00616300000000000 0.004054
57.0408160000000000 0.00120900000000000 0.003637
57.1428570000000000 0.00227200000000000 0.003747
57.2448980000000000 0.00352600000000000 0.004105
57.3469390000000000 -0.0021940000000000 0.003282
57.4489800000000000 0.00549700000000000 0.004185
57.5510200000000000 0.00437800000000000 0.004003
57.6530610000000000 -0.0020950000000000 0.003133
57.7551020000000000 -0.0042170000000000 0.002661
57.8571430000000000 0.00339500000000000 0.003952
57.9591840000000000 0.01094100000000000 0.004873
58.0612240000000000 -0.0052320000000000 0.002402
58.1632650000000000 0.00012100000000000 0.003660
58.2653060000000000 0.01011000000000000 0.004868
58.3673470000000000 -0.0021090000000000 0.003154
58.4693880000000000 -0.0020740000000000 0.003102
58.5714290000000000 0.00120000000000000 0.003610
58.6734690000000000 0.00997700000000000 0.004804
58.7755100000000000 0.00860800000000000 0.004529
58.8775510000000000 0.00122000000000000 0.003669
58.9795920000000000 0.00337300000000000 0.003927
59.0816330000000000 -0.0019790000000000 0.002959
59.1836730000000000 0.01137200000000000 0.005066
59.2857140000000000 0.01423100000000000 0.005559
59.3877550000000000 0.04455300000000000 0.007972
59.4897960000000000 0.05581500000000000 0.008855
59.5918370000000000 0.06496300000000000 0.009364
59.6938780000000000 0.05593800000000000 0.008874
59.7959180000000000 0.07229000000000000 0.010094
59.8979590000000000 0.08908900000000000 0.011058
60.0000000000000000 0.09278000000000000 0.011763
