55.0000000000000000 0.38097000000000000 0.025674
55.1020410000000000 0.33819100000000000 0.023736
55.2040820000000000 0.36903500000000000 0.025385
55.3061220000000000 0.38066900000000000 0.025588
55.4081630000000000 0.38348300000000000 0.025961
55.5102040000000000 0.37543100000000000 0.026265
55.6122450000000000 0.33918000000000000 0.023645
55.7142860000000000 0.30830900000000000 0.021832
55.8163270000000000 0.27444300000000000 0.020968
55.9183670000000000 0.30785000000000000 0.022268
56.0204080000000000 0.30223900000000000 0.022469
56.1224490000000000 0.37282300000000000 0.025610
56.2244900000000000 0.36276800000000000 0.024520
56.3265310000000000 0.41421600000000000 0.028069
56.4285710000000000 0.33893000000000000 0.023827
56.5306120000000000 0.37250200000000000 0.025824
56.6326530000000000 0.38397400000000000 0.026097
56.7346940000000000 0.40201200000000000 0.026844
56.8367350000000000 0.35628700000000000 0.025300
56.9387760000000000 0.37563300000000000 0.024875
57.0408160000000000 0.35584800000000000 0.024874
57.1428570000000000 0.34761800000000000 0.024335
57.2448980000000000 0.39075900000000000 0.026926
57.3469390000000000 0.39613500000000000 0.027415
57.4489800000000000 0.35979200000000000 0.024874
57.5510200000000000 0.37127000000000000 0.025292
57.6530610000000000 0.34943900000000000 0.024687
57.7551020000000000 0.37581500000000000 0.025672
57.8571430000000000 0.36092600000000000 0.025098
57.9591840000000000 0.36065700000000000 0.024975
58.0612240000000000 0.38061400000000000 0.025743
58.1632650000000000 0.35940700000000000 0.025660
58.2653060000000000 0.34321900000000000 0.024445
58.3673470000000000 0.35399800000000000 0.024975
58.4693880000000000 0.37883400000000000 0.025937
58.5714290000000000 0.36834900000000000 0.025366
58.6734690000000000 0.37377000000000000 0.025717
58.7755100000000000 0.30809600000000000 0.022322
58.8775510000000000 0.17568900000000000 0.016121
58.9795920000000000 0.11742800000000000 0.012777
59.0816330000000000 0.10349200000000000 0.011709
59.1836730000000000 0.12728300000000000 0.013587
59.2857140000000000 0.27051900000000000 0.021541
59.3877550000000000 0.32094400000000000 0.023137
59.4897960000000000 0.37036100000000000 0.025521
59.5918370000000000 0.36477000000000000 0.024959
59.6938780000000000 0.35913100000000000 0.025027
59.7959180000000000 0.34543900000000000 0.024549
59.8979590000000000 0.38314100000000000 0.026034
60.0000000000000000 0.37309700000000000 0.026487
