55.0000000000000000 0.37036100000000000 0.025191
55.1020410000000000 0.35839100000000000 0.024667
55.2040820000000000 0.33756800000000000 0.023927
55.3061220000000000 0.35853100000000000 0.024579
55.4081630000000000 0.33071600000000000 0.023526
55.5102040000000000 0.39368300000000000 0.027117
55.6122450000000000 0.33708000000000000 0.023549
55.7142860000000000 0.28102600000000000 0.020567
55.8163270000000000 0.29948100000000000 0.022168
55.9183670000000000 0.32371300000000000 0.023008
56.0204080000000000 0.34982600000000000 0.024717
56.1224490000000000 0.32378200000000000 0.023328
56.2244900000000000 0.40088800000000000 0.026235
56.3265310000000000 0.40851300000000000 0.027805
56.4285710000000000 0.37954500000000000 0.025695
56.5306120000000000 0.39139900000000000 0.026698
56.6326530000000000 0.35243900000000000 0.024643
56.7346940000000000 0.36311900000000000 0.025064
56.8367350000000000 0.34834700000000000 0.024926
56.9387760000000000 0.36452900000000000 0.024377
57.0408160000000000 0.37226600000000000 0.025634
57.1428570000000000 0.37783600000000000 0.025728
57.2448980000000000 0.35328500000000000 0.025172
57.3469390000000000 0.37529200000000000 0.026437
57.4489800000000000 0.36625300000000000 0.025171
57.5510200000000000 0.40326600000000000 0.026747
57.6530610000000000 0.35054500000000000 0.024738
57.7551020000000000 0.39313800000000000 0.026465
57.8571430000000000 0.37185900000000000 0.025603
57.9591840000000000 0.38664200000000000 0.026169
58.0612240000000000 0.34320500000000000 0.024025
58.1632650000000000 0.36518300000000000 0.025933
58.2653060000000000 0.34877000000000000 0.024705
58.3673470000000000 0.38293200000000000 0.026321
58.4693880000000000 0.38977900000000000 0.026440
58.5714290000000000 0.34553800000000000 0.024310
58.6734690000000000 0.33651400000000000 0.023985
58.7755100000000000 0.29535100000000000 0.021723
58.8775510000000000 0.20881600000000000 0.017845
58.9795920000000000 0.11634200000000000 0.012714
59.0816330000000000 0.08574000000000000 0.010627
59.1836730000000000 0.17905000000000000 0.016451
59.2857140000000000 0.24465500000000000 0.020240
59.3877550000000000 0.32311200000000000 0.023239
59.4897960000000000 0.34305700000000000 0.024255
59.5918370000000000 0.38815900000000000 0.026025
59.6938780000000000 0.37007700000000000 0.025533
59.7959180000000000 0.34099800000000000 0.024341
59.8979590000000000 0.37880000000000000 0.025834
60.0000000000000000 0.32500900000000000 0.024188
