55.0000000000000000 0.39794400000000000 0.026444
55.1020410000000000 0.43706400000000000 0.028229
55.2040820000000000 0.37880000000000000 0.025834
55.3061220000000000 0.37329000000000000 0.025253
55.4081630000000000 0.38132900000000000 0.025863
55.5102040000000000 0.35489700000000000 0.025300
55.6122450000000000 0.35072700000000000 0.024176
55.7142860000000000 0.28911000000000000 0.020944
55.8163270000000000 0.26029100000000000 0.020282
55.9183670000000000 0.23488100000000000 0.018774
56.0204080000000000 0.25465200000000000 0.020162
56.1224490000000000 0.23442000000000000 0.019020
56.2244900000000000 0.18555900000000000 0.016092
56.3265310000000000 0.12332200000000000 0.013450
56.4285710000000000 0.03752100000000000 0.007349
56.5306120000000000 0.00011700000000000 0.003521
56.6326530000000000 0.00555100000000000 0.004226
56.7346940000000000 0.00011300000000000 0.003423
56.8367350000000000 -0.0021500000000000 0.003215
56.9387760000000000 -0.0029230000000000 0.002677
57.0408160000000000 -0.0031690000000000 0.002903
57.1428570000000000 0.00550900000000000 0.004194
57.2448980000000000 0.00239000000000000 0.003943
57.3469390000000000 -0.0010360000000000 0.003480
57.4489800000000000 0.01195900000000000 0.004970
57.5510200000000000 0.04064100000000000 0.007591
57.6530610000000000 0.08081400000000000 0.010635
57.7551020000000000 0.07157300000000000 0.009908
57.8571430000000000 0.03947600000000000 0.007609
57.9591840000000000 0.02068500000000000 0.005905
58.0612240000000000 -0.0009570000000000 0.003212
58.1632650000000000 -0.0033450000000000 0.003064
58.2653060000000000 0.00233700000000000 0.003855
58.3673470000000000 0.00456800000000000 0.004176
58.4693880000000000 0.00668200000000000 0.004396
58.5714290000000000 -0.0031450000000000 0.002881
58.6734690000000000 0.00121100000000000 0.003641
58.7755100000000000 0.00223500000000000 0.003687
58.8775510000000000 -0.0054050000000000 0.002482
58.9795920000000000 -0.0031450000000000 0.002881
59.0816330000000000 -0.0009350000000000 0.003138
59.1836730000000000 0.00349400000000000 0.004068
59.2857140000000000 0.00835300000000000 0.004870
59.3877550000000000 0.03371400000000000 0.007093
59.4897960000000000 0.05800000000000000 0.009012
59.5918370000000000 0.06921600000000000 0.009653
59.6938780000000000 0.09315300000000000 0.011364
59.7959180000000000 0.11559400000000000 0.012814
59.8979590000000000 0.11187500000000000 0.012444
60.0000000000000000 0.12679300000000000 0.013848
