55.0000000000000000 0.35444800000000000 0.024462
55.1020410000000000 0.37752800000000000 0.025542
55.2040820000000000 0.36143900000000000 0.025035
55.3061220000000000 0.36485600000000000 0.024868
55.4081630000000000 0.37271400000000000 0.025468
55.5102040000000000 0.37429000000000000 0.026212
55.6122450000000000 0.32658300000000000 0.023064
55.7142860000000000 0.28405700000000000 0.020708
55.8163270000000000 0.30165800000000000 0.022272
55.9183670000000000 0.29939000000000000 0.021871
56.0204080000000000 0.33875900000000000 0.024199
56.1224490000000000 0.35429700000000000 0.024753
56.2244900000000000 0.37410100000000000 0.025032
56.3265310000000000 0.37200800000000000 0.026105
56.4285710000000000 0.35603100000000000 0.024617
56.5306120000000000 0.32803800000000000 0.023742
56.6326530000000000 0.36440000000000000 0.025196
56.7346940000000000 0.40093200000000000 0.026795
56.8367350000000000 0.36195800000000000 0.025567
56.9387760000000000 0.39279500000000000 0.025640
57.0408160000000000 0.33833500000000000 0.024058
57.1428570000000000 0.36272700000000000 0.025034
57.2448980000000000 0.37486100000000000 0.026185
57.3469390000000000 0.39845100000000000 0.027523
57.4489800000000000 0.34363800000000000 0.024127
57.5510200000000000 0.37553600000000000 0.025487
57.6530610000000000 0.37265400000000000 0.025767
57.7551020000000000 0.36607000000000000 0.025224
57.8571430000000000 0.37732600000000000 0.025855
57.9591840000000000 0.39530300000000000 0.026564
58.0612240000000000 0.41802300000000000 0.027439
58.1632650000000000 0.35594100000000000 0.025495
58.2653060000000000 0.36653600000000000 0.025534
58.3673470000000000 0.35065900000000000 0.024819
58.4693880000000000 0.36241500000000000 0.025179
58.5714290000000000 0.35422800000000000 0.024714
58.6734690000000000 0.35404600000000000 0.024803
58.7755100000000000 0.31977800000000000 0.022869
58.8775510000000000 0.18894000000000000 0.016819
58.9795920000000000 0.13589400000000000 0.013832
59.0816330000000000 0.10140400000000000 0.011585
59.1836730000000000 0.15091600000000000 0.014924
59.2857140000000000 0.25993800000000000 0.021011
59.3877550000000000 0.33395000000000000 0.023747
59.4897960000000000 0.34851700000000000 0.024509
59.5918370000000000 0.34457000000000000 0.024030
59.6938780000000000 0.38102300000000000 0.026038
59.7959180000000000 0.34543900000000000 0.024549
59.8979590000000000 0.39616100000000000 0.026629
60.0000000000000000 0.37075100000000000 0.026376
