55.0000000000000000 0.38945700000000000 0.026060
55.1020410000000000 0.35945400000000000 0.024715
55.2040820000000000 0.31912200000000000 0.023063
55.3061220000000000 0.33217700000000000 0.023367
55.4081630000000000 0.30702400000000000 0.022414
55.5102040000000000 0.27618400000000000 0.021517
55.6122450000000000 0.23210500000000000 0.018573
55.7142860000000000 0.19917500000000000 0.016626
55.8163270000000000 0.16884800000000000 0.015647
55.9183670000000000 0.14710700000000000 0.014263
56.0204080000000000 0.11521000000000000 0.012769
56.1224490000000000 0.09056700000000000 0.011176
56.2244900000000000 0.05471300000000000 0.008490
56.3265310000000000 0.01951300000000000 0.005997
56.4285710000000000 0.01186900000000000 0.004933
56.5306120000000000 0.00567500000000000 0.004320
56.6326530000000000 0.00337600000000000 0.003931
56.7346940000000000 0.00227400000000000 0.003751
56.8367350000000000 0.00238800000000000 0.003938
56.9387760000000000 -0.0039320000000000 0.002481
57.0408160000000000 0.00449300000000000 0.004108
57.1428570000000000 -0.0020450000000000 0.003058
57.2448980000000000 0.00239000000000000 0.003943
57.3469390000000000 0.00475300000000000 0.004346
57.4489800000000000 -0.0041950000000000 0.002647
57.5510200000000000 -0.0009550000000000 0.003205
57.6530610000000000 0.00122100000000000 0.003673
57.7551020000000000 0.00011400000000000 0.003430
57.8571430000000000 0.00339500000000000 0.003952
57.9591840000000000 -0.0031350000000000 0.002872
58.0612240000000000 0.00118100000000000 0.003552
58.1632650000000000 -0.0068100000000000 0.002330
58.2653060000000000 0.00011600000000000 0.003518
58.3673470000000000 -0.0032220000000000 0.002952
58.4693880000000000 0.00339900000000000 0.003957
58.5714290000000000 0.01097600000000000 0.004889
58.6734690000000000 0.01764700000000000 0.005647
58.7755100000000000 0.01179400000000000 0.004901
58.8775510000000000 0.02330500000000000 0.006237
58.9795920000000000 0.01423500000000000 0.005254
59.0816330000000000 0.01890600000000000 0.005591
59.1836730000000000 0.02150000000000000 0.006140
59.2857140000000000 0.04479700000000000 0.008381
59.3877550000000000 0.06514700000000000 0.009477
59.4897960000000000 0.06236800000000000 0.009323
59.5918370000000000 0.08622600000000000 0.010759
59.6938780000000000 0.07892300000000000 0.010455
59.7959180000000000 0.09227700000000000 0.011395
59.8979590000000000 0.10536500000000000 0.012057
60.0000000000000000 0.13617600000000000 0.014396
