55.0000000000000000 0.36293500000000000 0.024851
55.1020410000000000 0.34882300000000000 0.024227
55.2040820000000000 0.33214300000000000 0.023674
55.3061220000000000 0.33323100000000000 0.023416
55.4081630000000000 0.32317800000000000 0.023174
55.5102040000000000 0.27618400000000000 0.021517
55.6122450000000000 0.22160800000000000 0.018055
55.7142860000000000 0.19715400000000000 0.016525
55.8163270000000000 0.14489900000000000 0.014349
55.9183670000000000 0.12807100000000000 0.013210
56.0204080000000000 0.07315700000000000 0.010134
56.1224490000000000 0.04915500000000000 0.008351
56.2244900000000000 0.01865300000000000 0.005516
56.3265310000000000 0.00354200000000000 0.004124
56.4285710000000000 0.00545600000000000 0.004154
56.5306120000000000 0.00122800000000000 0.003694
56.6326530000000000 -0.0009730000000000 0.003268
56.7346940000000000 0.00443500000000000 0.004055
56.8367350000000000 -0.0044180000000000 0.002788
56.9387760000000000 0.00313400000000000 0.003649
57.0408160000000000 0.00449300000000000 0.004108
57.1428570000000000 0.00011300000000000 0.003419
57.2448980000000000 -0.0044230000000000 0.002791
57.3469390000000000 0.00012100000000000 0.003668
57.4489800000000000 -0.0031180000000000 0.002856
57.5510200000000000 -0.0009550000000000 0.003205
57.6530610000000000 0.00232700000000000 0.003838
57.7551020000000000 -0.0009690000000000 0.003254
57.8571430000000000 -0.0009790000000000 0.003286
57.9591840000000000 0.00119600000000000 0.003598
58.0612240000000000 0.00331900000000000 0.003864
58.1632650000000000 0.00705300000000000 0.004640
58.2653060000000000 0.00899900000000000 0.004736
58.3673470000000000 0.03238900000000000 0.007094
58.4693880000000000 0.03404600000000000 0.007164
58.5714290000000000 0.05442600000000000 0.008726
58.6734690000000000 0.04175400000000000 0.007802
58.7755100000000000 0.05215000000000000 0.008450
58.8775510000000000 0.03876400000000000 0.007596
58.9795920000000000 0.02509700000000000 0.006339
59.0816330000000000 0.03248200000000000 0.006831
59.1836730000000000 0.03387900000000000 0.007272
59.2857140000000000 0.08594400000000000 0.011334
59.3877550000000000 0.08899200000000000 0.011045
59.4897960000000000 0.13008300000000000 0.013542
59.5918370000000000 0.13194100000000000 0.013463
59.6938780000000000 0.16211000000000000 0.015327
59.7959180000000000 0.14224300000000000 0.014343
59.8979590000000000 0.14008700000000000 0.014059
60.0000000000000000 0.16080700000000000 0.015789
