55.0000000000000000 0.43295400000000000 0.028019
55.1020410000000000 0.41792700000000000 0.027371
55.2040820000000000 0.41894800000000000 0.027665
55.3061220000000000 0.41545700000000000 0.027158
55.4081630000000000 0.41363600000000000 0.027332
55.5102040000000000 0.37543100000000000 0.026265
55.6122450000000000 0.36227400000000000 0.024704
55.7142860000000000 0.32649800000000000 0.022666
55.8163270000000000 0.30927800000000000 0.022633
55.9183670000000000 0.31102200000000000 0.022416
56.0204080000000000 0.35203900000000000 0.024821
56.1224490000000000 0.35647600000000000 0.024854
56.2244900000000000 0.39573700000000000 0.026004
56.3265310000000000 0.33436300000000000 0.024327
56.4285710000000000 0.33144800000000000 0.023480
56.5306120000000000 0.26912300000000000 0.020914
56.6326530000000000 0.25565800000000000 0.020046
56.7346940000000000 0.24967900000000000 0.019693
56.8367350000000000 0.14871100000000000 0.014861
56.9387760000000000 0.13638600000000000 0.013360
57.0408160000000000 0.09205800000000000 0.011295
57.1428570000000000 0.04436100000000000 0.007937
57.2448980000000000 0.00352600000000000 0.004105
57.3469390000000000 -0.0010360000000000 0.003480
57.4489800000000000 -0.0020410000000000 0.003052
57.5510200000000000 0.00331200000000000 0.003855
57.6530610000000000 0.00011600000000000 0.003502
57.7551020000000000 -0.0063830000000000 0.002183
57.8571430000000000 0.00011500000000000 0.003464
57.9591840000000000 -0.0042170000000000 0.002661
58.0612240000000000 0.00331900000000000 0.003864
58.1632650000000000 -0.0021890000000000 0.003274
58.2653060000000000 -0.0043250000000000 0.002729
58.3673470000000000 -0.0032220000000000 0.002952
58.4693880000000000 -0.0053580000000000 0.002460
58.5714290000000000 0.00771800000000000 0.004499
58.6734690000000000 0.01655100000000000 0.005533
58.7755100000000000 0.01710400000000000 0.005472
58.8775510000000000 0.01667900000000000 0.005576
58.9795920000000000 0.01640800000000000 0.005485
59.0816330000000000 0.01786200000000000 0.005487
59.1836730000000000 0.03162800000000000 0.007077
59.2857140000000000 0.05772900000000000 0.009375
59.3877550000000000 0.09441200000000000 0.011383
59.4897960000000000 0.13554400000000000 0.013850
59.5918370000000000 0.14363600000000000 0.014111
59.6938780000000000 0.14021900000000000 0.014128
59.7959180000000000 0.18443700000000000 0.016628
59.8979590000000000 0.16504300000000000 0.015419
60.0000000000000000 0.16198000000000000 0.015855
