55.0000000000000000 0.32474300000000000 0.023089
55.1020410000000000 0.28290800000000000 0.021143
55.2040820000000000 0.22255100000000000 0.018389
55.3061220000000000 0.19829600000000000 0.016922
55.4081630000000000 0.20579700000000000 0.017479
55.5102040000000000 0.16553000000000000 0.015831
55.6122450000000000 0.12188100000000000 0.012811
55.7142860000000000 0.09812500000000000 0.011195
55.8163270000000000 0.07196200000000000 0.009964
55.9183670000000000 0.03712400000000000 0.007270
56.0204080000000000 0.02446300000000000 0.006356
56.1224490000000000 0.01428200000000000 0.005271
56.2244900000000000 0.00216900000000000 0.003577
56.3265310000000000 -0.0021620000000000 0.003233
56.4285710000000000 0.00011200000000000 0.003386
56.5306120000000000 0.00345100000000000 0.004018
56.6326530000000000 -0.0031480000000000 0.002884
56.7346940000000000 0.00227400000000000 0.003751
56.8367350000000000 0.00465600000000000 0.004257
56.9387760000000000 0.00010600000000000 0.003198
57.0408160000000000 0.00449300000000000 0.004108
57.1428570000000000 -0.0031240000000000 0.002862
57.2448980000000000 0.00125500000000000 0.003774
57.3469390000000000 0.00243700000000000 0.004020
57.4489800000000000 -0.0031180000000000 0.002856
57.5510200000000000 0.00117800000000000 0.003544
57.6530610000000000 0.00122100000000000 0.003673
57.7551020000000000 0.00011400000000000 0.003430
57.8571430000000000 0.00011500000000000 0.003464
57.9591840000000000 0.00011400000000000 0.003430
58.0612240000000000 -0.0041630000000000 0.002627
58.1632650000000000 0.00243200000000000 0.004011
58.2653060000000000 0.00011600000000000 0.003518
58.3673470000000000 0.00234200000000000 0.003864
58.4693880000000000 0.00558800000000000 0.004254
58.5714290000000000 0.00011400000000000 0.003441
58.6734690000000000 0.00340200000000000 0.003961
58.7755100000000000 0.00967000000000000 0.004656
58.8775510000000000 0.00453300000000000 0.004144
58.9795920000000000 -0.0031450000000000 0.002881
59.0816330000000000 0.00219800000000000 0.003625
59.1836730000000000 0.00236900000000000 0.003907
59.2857140000000000 0.01658200000000000 0.005815
59.3877550000000000 0.02070800000000000 0.005912
59.4897960000000000 0.02414200000000000 0.006272
59.5918370000000000 0.02988000000000000 0.006681
59.6938780000000000 0.04499200000000000 0.008052
59.7959180000000000 0.05452400000000000 0.008843
59.8979590000000000 0.05436700000000000 0.008717
60.0000000000000000 0.06228500000000000 0.009695
