55.0000000000000000 0.46796300000000000 0.029579
55.1020410000000000 0.38497000000000000 0.025880
55.2040820000000000 0.38856600000000000 0.026282
55.3061220000000000 0.36380200000000000 0.024820
55.4081630000000000 0.36302200000000000 0.025023
55.5102040000000000 0.34120800000000000 0.024652
55.6122450000000000 0.32448300000000000 0.022967
55.7142860000000000 0.25879500000000000 0.019520
55.8163270000000000 0.23525300000000000 0.019051
55.9183670000000000 0.20844300000000000 0.017461
56.0204080000000000 0.18603800000000000 0.016685
56.1224490000000000 0.16031400000000000 0.015198
56.2244900000000000 0.15156000000000000 0.014318
56.3265310000000000 0.08795800000000000 0.011283
56.4285710000000000 0.04607200000000000 0.008024
56.5306120000000000 0.01679100000000000 0.005614
56.6326530000000000 0.00011400000000000 0.003445
56.7346940000000000 0.00551500000000000 0.004199
56.8367350000000000 0.00125300000000000 0.003769
56.9387760000000000 0.00010600000000000 0.003198
57.0408160000000000 -0.0020740000000000 0.003102
57.1428570000000000 0.00658800000000000 0.004334
57.2448980000000000 -0.0032880000000000 0.003012
57.3469390000000000 0.00243700000000000 0.004020
57.4489800000000000 0.00334400000000000 0.003893
57.5510200000000000 0.00117800000000000 0.003544
57.6530610000000000 0.00674900000000000 0.004440
57.7551020000000000 0.00227900000000000 0.003759
57.8571430000000000 -0.0053520000000000 0.002457
57.9591840000000000 -0.0042170000000000 0.002661
58.0612240000000000 0.00652500000000000 0.004292
58.1632650000000000 0.01051900000000000 0.005066
58.2653060000000000 0.01455100000000000 0.005371
58.3673470000000000 0.01458400000000000 0.005383
58.4693880000000000 0.01762800000000000 0.005641
58.5714290000000000 0.04790900000000000 0.008240
58.6734690000000000 0.05380700000000000 0.008724
58.7755100000000000 0.03940600000000000 0.007473
58.8775510000000000 0.03766000000000000 0.007505
58.9795920000000000 0.02183900000000000 0.006030
59.0816330000000000 0.02934900000000000 0.006561
59.1836730000000000 0.04288200000000000 0.008016
59.2857140000000000 0.07183700000000000 0.010384
59.3877550000000000 0.12150900000000000 0.012999
59.4897960000000000 0.09513400000000000 0.011474
59.5918370000000000 0.11174200000000000 0.012307
59.6938780000000000 0.14459700000000000 0.014371
59.7959180000000000 0.14890500000000000 0.014714
59.8979590000000000 0.17155400000000000 0.015765
60.0000000000000000 0.17136300000000000 0.016371
