55.0000000000000000 0.44038000000000000 0.028351
55.1020410000000000 0.42324300000000000 0.027610
55.2040820000000000 0.44824400000000000 0.028987
55.3061220000000000 0.44286500000000000 0.028383
55.4081630000000000 0.42655800000000000 0.027916
55.5102040000000000 0.41878000000000000 0.028280
55.6122450000000000 0.40426400000000000 0.026605
55.7142860000000000 0.34468700000000000 0.023493
55.8163270000000000 0.34084800000000000 0.024116
55.9183670000000000 0.31736800000000000 0.022713
56.0204080000000000 0.37195900000000000 0.025748
56.1224490000000000 0.37718200000000000 0.025811
56.2244900000000000 0.40397900000000000 0.026373
56.3265310000000000 0.37885300000000000 0.026425
56.4285710000000000 0.42443600000000000 0.027728
56.5306120000000000 0.33915400000000000 0.024266
56.6326530000000000 0.35461300000000000 0.024744
56.7346940000000000 0.34583300000000000 0.024264
56.8367350000000000 0.29049800000000000 0.022158
56.9387760000000000 0.27670400000000000 0.020355
57.0408160000000000 0.24858100000000000 0.019760
57.1428570000000000 0.22027100000000000 0.018227
57.2448980000000000 0.16818500000000000 0.015940
57.3469390000000000 0.14833700000000000 0.014994
57.4489800000000000 0.11964700000000000 0.012849
57.5510200000000000 0.05237300000000000 0.008487
57.6530610000000000 0.02222500000000000 0.006138
57.7551020000000000 -0.0009690000000000 0.003254
57.8571430000000000 -0.0053520000000000 0.002457
57.9591840000000000 -0.0009690000000000 0.003254
58.0612240000000000 0.00759400000000000 0.004427
58.1632650000000000 0.00012100000000000 0.003660
58.2653060000000000 -0.0054350000000000 0.002496
58.3673470000000000 0.00123000000000000 0.003698
58.4693880000000000 0.00339900000000000 0.003957
58.5714290000000000 0.00011400000000000 0.003441
58.6734690000000000 0.00559400000000000 0.004259
58.7755100000000000 -0.0020130000000000 0.003010
58.8775510000000000 -0.0031970000000000 0.002929
58.9795920000000000 -0.0020590000000000 0.003078
59.0816330000000000 -0.0030230000000000 0.002770
59.1836730000000000 0.00011800000000000 0.003565
59.2857140000000000 -0.0022280000000000 0.003332
59.3877550000000000 0.00011400000000000 0.003434
59.4897960000000000 0.00885200000000000 0.004658
59.5918370000000000 0.00436400000000000 0.003990
59.6938780000000000 0.01653300000000000 0.005527
59.7959180000000000 0.02232400000000000 0.006165
59.8979590000000000 0.04243100000000000 0.007811
60.0000000000000000 0.06697700000000000 0.010030
