55.0000000000000000 0.34490000000000000 0.024023
55.1020410000000000 0.40942200000000000 0.026988
55.2040820000000000 0.38965100000000000 0.026332
55.3061220000000000 0.34904300000000000 0.024144
55.4081630000000000 0.38132900000000000 0.025863
55.5102040000000000 0.35147500000000000 0.025138
55.6122450000000000 0.32238400000000000 0.022869
55.7142860000000000 0.30729900000000000 0.021785
55.8163270000000000 0.29948100000000000 0.022168
55.9183670000000000 0.31842500000000000 0.022762
56.0204080000000000 0.33433200000000000 0.023991
56.1224490000000000 0.37718200000000000 0.025811
56.2244900000000000 0.38646400000000000 0.025589
56.3265310000000000 0.35261500000000000 0.025192
56.4285710000000000 0.41374800000000000 0.027247
56.5306120000000000 0.36694400000000000 0.025566
56.6326530000000000 0.40028500000000000 0.026843
56.7346940000000000 0.37392200000000000 0.025561
56.8367350000000000 0.36876400000000000 0.025886
56.9387760000000000 0.38976600000000000 0.025506
57.0408160000000000 0.35147000000000000 0.024671
57.1428570000000000 0.37783600000000000 0.025728
57.2448980000000000 0.36350500000000000 0.025653
57.3469390000000000 0.38687200000000000 0.026981
57.4489800000000000 0.38779100000000000 0.026158
57.5510200000000000 0.36700300000000000 0.025097
57.6530610000000000 0.38702400000000000 0.026431
57.7551020000000000 0.39530300000000000 0.026564
57.8571430000000000 0.36092600000000000 0.025098
57.9591840000000000 0.37364900000000000 0.025573
58.0612240000000000 0.36671900000000000 0.025108
58.1632650000000000 0.33399100000000000 0.024450
58.2653060000000000 0.34766000000000000 0.024653
58.3673470000000000 0.37736700000000000 0.026063
58.4693880000000000 0.39525200000000000 0.026691
58.5714290000000000 0.36509100000000000 0.025216
58.6734690000000000 0.32226900000000000 0.023315
58.7755100000000000 0.30066200000000000 0.021973
58.8775510000000000 0.19887800000000000 0.017335
58.9795920000000000 0.11851400000000000 0.012840
59.0816330000000000 0.09513800000000000 0.011207
59.1836730000000000 0.13066000000000000 0.013782
59.2857140000000000 0.22114200000000000 0.019035
59.3877550000000000 0.33069900000000000 0.023595
59.4897960000000000 0.39002000000000000 0.026426
59.5918370000000000 0.35201200000000000 0.024373
59.6938780000000000 0.31206500000000000 0.022822
59.7959180000000000 0.39762600000000000 0.026972
59.8979590000000000 0.36469500000000000 0.025185
60.0000000000000000 0.37661600000000000 0.026654
