55.0000000000000000 0.28973400000000000 0.021446
55.1020410000000000 0.25951900000000000 0.020022
55.2040820000000000 0.25401800000000000 0.019945
55.3061220000000000 0.18459200000000000 0.016221
55.4081630000000000 0.20472100000000000 0.017424
55.5102040000000000 0.15412300000000000 0.015204
55.6122450000000000 0.10823500000000000 0.012022
55.7142860000000000 0.07084100000000000 0.009497
55.8163270000000000 0.05998700000000000 0.009138
55.9183670000000000 0.03923900000000000 0.007441
56.0204080000000000 0.01339600000000000 0.005232
56.1224490000000000 0.01101200000000000 0.004905
56.2244900000000000 0.00319900000000000 0.003724
56.3265310000000000 0.00696400000000000 0.004582
56.4285710000000000 0.00118100000000000 0.003552
56.5306120000000000 0.00122800000000000 0.003694
56.6326530000000000 -0.0031480000000000 0.002884
56.7346940000000000 0.00227400000000000 0.003751
56.8367350000000000 0.00238800000000000 0.003938
56.9387760000000000 0.00414400000000000 0.003788
57.0408160000000000 -0.0020740000000000 0.003102
57.1428570000000000 0.00011300000000000 0.003419
57.2448980000000000 0.00125500000000000 0.003774
57.3469390000000000 0.00475300000000000 0.004346
57.4489800000000000 0.00226700000000000 0.003739
57.5510200000000000 0.00224500000000000 0.003703
57.6530610000000000 0.00011600000000000 0.003502
57.7551020000000000 -0.0031350000000000 0.002872
57.8571430000000000 0.00339500000000000 0.003952
57.9591840000000000 0.00227900000000000 0.003759
58.0612240000000000 -0.0020260000000000 0.003029
58.1632650000000000 0.00358700000000000 0.004176
58.2653060000000000 0.00233700000000000 0.003855
58.3673470000000000 0.00234200000000000 0.003864
58.4693880000000000 0.00339900000000000 0.003957
58.5714290000000000 0.00663100000000000 0.004362
58.6734690000000000 0.00559400000000000 0.004259
58.7755100000000000 0.00754600000000000 0.004399
58.8775510000000000 0.00674100000000000 0.004435
58.9795920000000000 0.00011400000000000 0.003441
59.0816330000000000 0.00950800000000000 0.004578
59.1836730000000000 0.01924900000000000 0.005915
59.2857140000000000 0.02363600000000000 0.006531
59.3877550000000000 0.04130100000000000 0.007716
59.4897960000000000 0.03069500000000000 0.006866
59.5918370000000000 0.04689000000000000 0.008062
59.6938780000000000 0.04061400000000000 0.007706
59.7959180000000000 0.07118000000000000 0.010019
59.8979590000000000 0.07715300000000000 0.010291
60.0000000000000000 0.08457000000000000 0.011229
