55.0000000000000000 0.35020400000000000 0.024267
55.1020410000000000 0.38922200000000000 0.026074
55.2040820000000000 0.40592700000000000 0.027074
55.3061220000000000 0.36380200000000000 0.024820
55.4081630000000000 0.37379100000000000 0.025518
55.5102040000000000 0.39140100000000000 0.027011
55.6122450000000000 0.34232900000000000 0.023790
55.7142860000000000 0.30123600000000000 0.021506
55.8163270000000000 0.32016400000000000 0.023147
55.9183670000000000 0.29516000000000000 0.021671
56.0204080000000000 0.37417300000000000 0.025850
56.1224490000000000 0.36955400000000000 0.025459
56.2244900000000000 0.38131300000000000 0.025357
56.3265310000000000 0.41079400000000000 0.027911
56.4285710000000000 0.38382000000000000 0.025890
56.5306120000000000 0.37806000000000000 0.026082
56.6326530000000000 0.35678800000000000 0.024844
56.7346940000000000 0.39012800000000000 0.026302
56.8367350000000000 0.38237600000000000 0.026522
56.9387760000000000 0.39683300000000000 0.025820
57.0408160000000000 0.37445500000000000 0.025735
57.1428570000000000 0.35733100000000000 0.024785
57.2448980000000000 0.38394500000000000 0.026609
57.3469390000000000 0.37645000000000000 0.026491
57.4489800000000000 0.40502100000000000 0.026942
57.5510200000000000 0.37980200000000000 0.025682
57.6530610000000000 0.36270500000000000 0.025305
57.7551020000000000 0.34549900000000000 0.024273
57.8571430000000000 0.34124500000000000 0.024182
57.9591840000000000 0.37256700000000000 0.025523
58.0612240000000000 0.39450900000000000 0.026376
58.1632650000000000 0.38713300000000000 0.026965
58.2653060000000000 0.35987400000000000 0.025224
58.3673470000000000 0.37402900000000000 0.025908
58.4693880000000000 0.35694200000000000 0.024925
58.5714290000000000 0.37703900000000000 0.025766
58.6734690000000000 0.36610000000000000 0.025362
58.7755100000000000 0.28791700000000000 0.021371
58.8775510000000000 0.20660700000000000 0.017732
58.9795920000000000 0.13046300000000000 0.013526
59.0816330000000000 0.09096100000000000 0.010952
59.1836730000000000 0.15429200000000000 0.015111
59.2857140000000000 0.25406000000000000 0.020716
59.3877550000000000 0.32636300000000000 0.023392
59.4897960000000000 0.37036100000000000 0.025521
59.5918370000000000 0.39560100000000000 0.026363
59.6938780000000000 0.36351000000000000 0.025230
59.7959180000000000 0.35099100000000000 0.024809
59.8979590000000000 0.33973800000000000 0.024028
60.0000000000000000 0.36840500000000000 0.026265
