55.0000000000000000 0.36293500000000000 0.024851
55.1020410000000000 0.35732800000000000 0.024618
55.2040820000000000 0.32997300000000000 0.023572
55.3061220000000000 0.35747700000000000 0.024531
55.4081630000000000 0.36194500000000000 0.024973
55.5102040000000000 0.36744500000000000 0.025891
55.6122450000000000 0.32553300000000000 0.023015
55.7142860000000000 0.27496300000000000 0.020283
55.8163270000000000 0.31689800000000000 0.022993
55.9183670000000000 0.29939000000000000 0.021871
56.0204080000000000 0.34097200000000000 0.024303
56.1224490000000000 0.36192500000000000 0.025107
56.2244900000000000 0.33804100000000000 0.023395
56.3265310000000000 0.37885300000000000 0.026425
56.4285710000000000 0.36244400000000000 0.024912
56.5306120000000000 0.39584500000000000 0.026903
56.6326530000000000 0.41224700000000000 0.027388
56.7346940000000000 0.42253900000000000 0.027775
56.8367350000000000 0.35288400000000000 0.025140
56.9387760000000000 0.33626400000000000 0.023100
57.0408160000000000 0.37555000000000000 0.025786
57.1428570000000000 0.40913300000000000 0.027154
57.2448980000000000 0.37372500000000000 0.026131
57.3469390000000000 0.33129100000000000 0.024347
57.4489800000000000 0.38563700000000000 0.026060
57.5510200000000000 0.37980200000000000 0.025682
57.6530610000000000 0.37707500000000000 0.025972
57.7551020000000000 0.37473200000000000 0.025623
57.8571430000000000 0.35764500000000000 0.024945
57.9591840000000000 0.36607000000000000 0.025224
58.0612240000000000 0.37633900000000000 0.025548
58.1632650000000000 0.35709600000000000 0.025550
58.2653060000000000 0.36431500000000000 0.025431
58.3673470000000000 0.37959300000000000 0.026166
58.4693880000000000 0.36022600000000000 0.025077
58.5714290000000000 0.39659200000000000 0.026662
58.6734690000000000 0.36500400000000000 0.025311
58.7755100000000000 0.25818100000000000 0.019947
58.8775510000000000 0.21102400000000000 0.017958
58.9795920000000000 0.12937700000000000 0.013464
59.0816330000000000 0.11602400000000000 0.012442
59.1836730000000000 0.14416400000000000 0.014548
59.2857140000000000 0.25641100000000000 0.020834
59.3877550000000000 0.30035000000000000 0.022165
59.4897960000000000 0.35070200000000000 0.024611
59.5918370000000000 0.33819100000000000 0.023736
59.6938780000000000 0.36351000000000000 0.025230
59.7959180000000000 0.35543300000000000 0.025017
59.8979590000000000 0.39833100000000000 0.026728
60.0000000000000000 0.39890000000000000 0.027703
