55.0000000000000000 0.34808300000000000 0.024169
55.1020410000000000 0.36583300000000000 0.025008
55.2040820000000000 0.33648300000000000 0.023877
55.3061220000000000 0.36063900000000000 0.024676
55.4081630000000000 0.37056000000000000 0.025369
55.5102040000000000 0.33322200000000000 0.024273
55.6122450000000000 0.35072700000000000 0.024176
55.7142860000000000 0.28304700000000000 0.020661
55.8163270000000000 0.25811400000000000 0.020176
55.9183670000000000 0.30890700000000000 0.022317
56.0204080000000000 0.37306600000000000 0.025799
56.1224490000000000 0.36737400000000000 0.025359
56.2244900000000000 0.38131300000000000 0.025357
56.3265310000000000 0.35717800000000000 0.025408
56.4285710000000000 0.37633900000000000 0.025548
56.5306120000000000 0.36138600000000000 0.025307
56.6326530000000000 0.37092500000000000 0.025497
56.7346940000000000 0.36095800000000000 0.024964
56.8367350000000000 0.39258400000000000 0.026997
56.9387760000000000 0.34534900000000000 0.023512
57.0408160000000000 0.34928000000000000 0.024569
57.1428570000000000 0.35193500000000000 0.024535
57.2448980000000000 0.37486100000000000 0.026185
57.3469390000000000 0.37992400000000000 0.026655
57.4489800000000000 0.38994400000000000 0.026256
57.5510200000000000 0.37446900000000000 0.025439
57.6530610000000000 0.39807900000000000 0.026939
57.7551020000000000 0.33250600000000000 0.023667
57.8571430000000000 0.34999200000000000 0.024590
57.9591840000000000 0.37689700000000000 0.025722
58.0612240000000000 0.37099400000000000 0.025304
58.1632650000000000 0.38597800000000000 0.026911
58.2653060000000000 0.33433600000000000 0.024027
58.3673470000000000 0.38181900000000000 0.026269
58.4693880000000000 0.37992800000000000 0.025988
58.5714290000000000 0.34662500000000000 0.024361
58.6734690000000000 0.32117300000000000 0.023264
58.7755100000000000 0.30703400000000000 0.022273
58.8775510000000000 0.18673100000000000 0.016703
58.9795920000000000 0.10873800000000000 0.012265
59.0816330000000000 0.11602400000000000 0.012442
59.1836730000000000 0.16329500000000000 0.015604
59.2857140000000000 0.26699200000000000 0.021365
59.3877550000000000 0.35779600000000000 0.024855
59.4897960000000000 0.32776600000000000 0.023539
59.5918370000000000 0.37859100000000000 0.025590
59.6938780000000000 0.42042700000000000 0.027839
59.7959180000000000 0.33988700000000000 0.024288
59.8979590000000000 0.39399100000000000 0.026530
60.0000000000000000 0.36371400000000000 0.026042
