55.0000000000000000 0.37354400000000000 0.025336
55.1020410000000000 0.36477000000000000 0.024959
55.2040820000000000 0.36795000000000000 0.025335
55.3061220000000000 0.35747700000000000 0.024531
55.4081630000000000 0.37056000000000000 0.025369
55.5102040000000000 0.34919300000000000 0.025031
55.6122450000000000 0.34023000000000000 0.023694
55.7142860000000000 0.33660300000000000 0.023126
55.8163270000000000 0.26791100000000000 0.020652
55.9183670000000000 0.32265500000000000 0.022959
56.0204080000000000 0.34318600000000000 0.024406
56.1224490000000000 0.38372100000000000 0.026111
56.2244900000000000 0.37101000000000000 0.024893
56.3265310000000000 0.39596400000000000 0.027223
56.4285710000000000 0.34854900000000000 0.024272
56.5306120000000000 0.36694400000000000 0.025566
56.6326530000000000 0.38614900000000000 0.026197
56.7346940000000000 0.35123400000000000 0.024515
56.8367350000000000 0.38010700000000000 0.026416
56.9387760000000000 0.38673800000000000 0.025371
57.0408160000000000 0.35256400000000000 0.024722
57.1428570000000000 0.38323200000000000 0.025975
57.2448980000000000 0.38167400000000000 0.026503
57.3469390000000000 0.36718700000000000 0.026055
57.4489800000000000 0.36517600000000000 0.025122
57.5510200000000000 0.32327500000000000 0.023077
57.6530610000000000 0.40029000000000000 0.027041
57.7551020000000000 0.37473200000000000 0.025623
57.8571430000000000 0.36967200000000000 0.025502
57.9591840000000000 0.38339400000000000 0.026020
58.0612240000000000 0.38809600000000000 0.026084
58.1632650000000000 0.40330700000000000 0.027721
58.2653060000000000 0.36764700000000000 0.025586
58.3673470000000000 0.39739800000000000 0.026988
58.4693880000000000 0.36241500000000000 0.025179
58.5714290000000000 0.34553800000000000 0.024310
58.6734690000000000 0.39349400000000000 0.026624
58.7755100000000000 0.29641300000000000 0.021773
58.8775510000000000 0.17900100000000000 0.016297
58.9795920000000000 0.10004800000000000 0.011742
59.0816330000000000 0.10349200000000000 0.011709
59.1836730000000000 0.14303800000000000 0.014485
59.2857140000000000 0.26934300000000000 0.021482
59.3877550000000000 0.32744700000000000 0.023442
59.4897960000000000 0.37582200000000000 0.025773
59.5918370000000000 0.34031800000000000 0.023834
59.6938780000000000 0.40291400000000000 0.027042
59.7959180000000000 0.35543300000000000 0.025017
59.8979590000000000 0.38531100000000000 0.026133
60.0000000000000000 0.38482600000000000 0.027041
