55.0000000000000000 0.36611800000000000 0.024997
55.1020410000000000 0.37221200000000000 0.025299
55.2040820000000000 0.36469500000000000 0.025185
55.3061220000000000 0.35958500000000000 0.024627
55.4081630000000000 0.35010000000000000 0.024426
55.5102040000000000 0.33550400000000000 0.024381
55.6122450000000000 0.31818500000000000 0.022674
55.7142860000000000 0.28203600000000000 0.020614
55.8163270000000000 0.29839200000000000 0.022116
55.9183670000000000 0.29410200000000000 0.021621
56.0204080000000000 0.35867900000000000 0.025130
56.1224490000000000 0.36846400000000000 0.025409
56.2244900000000000 0.36688900000000000 0.024706
56.3265310000000000 0.37314900000000000 0.026158
56.4285710000000000 0.37313200000000000 0.025402
56.5306120000000000 0.42697000000000000 0.028330
56.6326530000000000 0.39158600000000000 0.026446
56.7346940000000000 0.37716300000000000 0.025709
56.8367350000000000 0.36763000000000000 0.025833
56.9387760000000000 0.37664300000000000 0.024920
57.0408160000000000 0.34818600000000000 0.024518
57.1428570000000000 0.35625100000000000 0.024735
57.2448980000000000 0.35896300000000000 0.025439
57.3469390000000000 0.40308300000000000 0.027739
57.4489800000000000 0.36302200000000000 0.025023
57.5510200000000000 0.36807000000000000 0.025146
57.6530610000000000 0.37707500000000000 0.025972
57.7551020000000000 0.39422100000000000 0.026515
57.8571430000000000 0.37951300000000000 0.025956
57.9591840000000000 0.37040100000000000 0.025424
58.0612240000000000 0.35175600000000000 0.024420
58.1632650000000000 0.36864900000000000 0.026096
58.2653060000000000 0.36209500000000000 0.025327
58.3673470000000000 0.36178800000000000 0.025339
58.4693880000000000 0.37883400000000000 0.025937
58.5714290000000000 0.35314200000000000 0.024663
58.6734690000000000 0.36390800000000000 0.025261
58.7755100000000000 0.30915800000000000 0.022372
58.8775510000000000 0.20550300000000000 0.017676
58.9795920000000000 0.12177300000000000 0.013029
59.0816330000000000 0.10349200000000000 0.011709
59.1836730000000000 0.15654300000000000 0.015235
59.2857140000000000 0.23407400000000000 0.019701
59.3877550000000000 0.32202800000000000 0.023188
59.4897960000000000 0.33759600000000000 0.024000
59.5918370000000000 0.35839100000000000 0.024667
59.6938780000000000 0.39525200000000000 0.026691
59.7959180000000000 0.36653600000000000 0.025534
59.8979590000000000 0.37229000000000000 0.025535
60.0000000000000000 0.38717100000000000 0.027152
