55.0000000000000000 0.40537000000000000 0.026779
55.1020410000000000 0.43174800000000000 0.027991
55.2040820000000000 0.40267200000000000 0.026926
55.3061220000000000 0.37750600000000000 0.025444
55.4081630000000000 0.36086900000000000 0.024924
55.5102040000000000 0.35033400000000000 0.025085
55.6122450000000000 0.36647300000000000 0.024895
55.7142860000000000 0.30628800000000000 0.021739
55.8163270000000000 0.24722800000000000 0.019643
55.9183670000000000 0.27189400000000000 0.020567
56.0204080000000000 0.30777200000000000 0.022733
56.1224490000000000 0.27038300000000000 0.020783
56.2244900000000000 0.23501300000000000 0.018551
56.3265310000000000 0.23511700000000000 0.019472
56.4285710000000000 0.18074400000000000 0.016131
56.5306120000000000 0.09015600000000000 0.011268
56.6326530000000000 0.03164900000000000 0.006930
56.7346940000000000 -0.0031280000000000 0.002865
56.8367350000000000 -0.0021500000000000 0.003215
56.9387760000000000 0.00515300000000000 0.003923
57.0408160000000000 -0.0020740000000000 0.003102
57.1428570000000000 0.00335100000000000 0.003901
57.2448980000000000 -0.0055590000000000 0.002552
57.3469390000000000 0.00359500000000000 0.004186
57.4489800000000000 -0.0063480000000000 0.002171
57.5510200000000000 0.00971100000000000 0.004676
57.6530610000000000 0.01890900000000000 0.005810
57.7551020000000000 0.04775300000000000 0.008213
57.8571430000000000 0.09086400000000000 0.011214
57.9591840000000000 0.12787400000000000 0.013357
58.0612240000000000 0.14226600000000000 0.014073
58.1632650000000000 0.16185700000000000 0.015729
58.2653060000000000 0.21885800000000000 0.018405
58.3673470000000000 0.19152400000000000 0.017017
58.4693880000000000 0.22887800000000000 0.018783
58.5714290000000000 0.19346500000000000 0.016919
58.6734690000000000 0.21050100000000000 0.017865
58.7755100000000000 0.22207200000000000 0.018178
58.8775510000000000 0.13593600000000000 0.013949
58.9795920000000000 0.08592700000000000 0.010864
59.0816330000000000 0.06694300000000000 0.009406
59.1836730000000000 0.11940600000000000 0.013128
59.2857140000000000 0.16941400000000000 0.016283
59.3877550000000000 0.25916200000000000 0.020186
59.4897960000000000 0.28844800000000000 0.021674
59.5918370000000000 0.28078100000000000 0.021042
59.6938780000000000 0.25952600000000000 0.020297
59.7959180000000000 0.26216200000000000 0.020563
59.8979590000000000 0.29633600000000000 0.021985
60.0000000000000000 0.28161300000000000 0.022067
