55.0000000000000000 0.37566600000000000 0.025433
55.1020410000000000 0.32968600000000000 0.023341
55.2040820000000000 0.36903500000000000 0.025385
55.3061220000000000 0.41334800000000000 0.027063
55.4081630000000000 0.34902300000000000 0.024377
55.5102040000000000 0.35717800000000000 0.025408
55.6122450000000000 0.32868200000000000 0.023161
55.7142860000000000 0.31538300000000000 0.022157
55.8163270000000000 0.27226600000000000 0.020863
55.9183670000000000 0.31948300000000000 0.022811
56.0204080000000000 0.34761200000000000 0.024614
56.1224490000000000 0.36301500000000000 0.025157
56.2244900000000000 0.39573700000000000 0.026004
56.3265310000000000 0.36402300000000000 0.025730
56.4285710000000000 0.37527000000000000 0.025499
56.5306120000000000 0.36472000000000000 0.025463
56.6326530000000000 0.35352600000000000 0.024693
56.7346940000000000 0.37068100000000000 0.025412
56.8367350000000000 0.38124100000000000 0.026469
56.9387760000000000 0.36150100000000000 0.024241
57.0408160000000000 0.36022600000000000 0.025077
57.1428570000000000 0.36596400000000000 0.025183
57.2448980000000000 0.30559000000000000 0.022900
57.3469390000000000 0.33360700000000000 0.024458
57.4489800000000000 0.36840700000000000 0.025270
57.5510200000000000 0.35100500000000000 0.024362
57.6530610000000000 0.33838500000000000 0.024169
57.7551020000000000 0.36823600000000000 0.025324
57.8571430000000000 0.32265800000000000 0.023310
57.9591840000000000 0.36715300000000000 0.025274
58.0612240000000000 0.38595800000000000 0.025987
58.1632650000000000 0.38944400000000000 0.027073
58.2653060000000000 0.34766000000000000 0.024653
58.3673470000000000 0.35399800000000000 0.024975
58.4693880000000000 0.40510300000000000 0.027142
58.5714290000000000 0.37595300000000000 0.025716
58.6734690000000000 0.33761000000000000 0.024036
58.7755100000000000 0.31340600000000000 0.022571
58.8775510000000000 0.19777300000000000 0.017278
58.9795920000000000 0.08701300000000000 0.010933
59.0816330000000000 0.10662500000000000 0.011895
59.1836730000000000 0.17229800000000000 0.016090
59.2857140000000000 0.25288400000000000 0.020656
59.3877550000000000 0.30360200000000000 0.022319
59.4897960000000000 0.36708400000000000 0.025370
59.5918370000000000 0.34244400000000000 0.023932
59.6938780000000000 0.38759000000000000 0.026340
59.7959180000000000 0.35543300000000000 0.025017
59.8979590000000000 0.33756800000000000 0.023927
60.0000000000000000 0.35667700000000000 0.025707
