55.0000000000000000 0.39582200000000000 0.026348
55.1020410000000000 0.37433800000000000 0.025396
55.2040820000000000 0.38639600000000000 0.026183
55.3061220000000000 0.34482700000000000 0.023951
55.4081630000000000 0.36625300000000000 0.025171
55.5102040000000000 0.36516400000000000 0.025784
55.6122450000000000 0.33603100000000000 0.023500
55.7142860000000000 0.30022500000000000 0.021459
55.8163270000000000 0.31581000000000000 0.022941
55.9183670000000000 0.30256200000000000 0.022020
56.0204080000000000 0.32215900000000000 0.023416
56.1224490000000000 0.35102700000000000 0.024602
56.2244900000000000 0.36070700000000000 0.024427
56.3265310000000000 0.39596400000000000 0.027223
56.4285710000000000 0.36030600000000000 0.024814
56.5306120000000000 0.36249700000000000 0.025359
56.6326530000000000 0.36875000000000000 0.025397
56.7346940000000000 0.36744000000000000 0.025263
56.8367350000000000 0.34040700000000000 0.024550
56.9387760000000000 0.37260500000000000 0.024739
57.0408160000000000 0.35037500000000000 0.024620
57.1428570000000000 0.38215200000000000 0.025925
57.2448980000000000 0.34760700000000000 0.024904
57.3469390000000000 0.36487100000000000 0.025945
57.4489800000000000 0.35010000000000000 0.024426
57.5510200000000000 0.37873500000000000 0.025633
57.6530610000000000 0.36049400000000000 0.025202
57.7551020000000000 0.38447600000000000 0.026069
57.8571430000000000 0.35545900000000000 0.024844
57.9591840000000000 0.38014600000000000 0.025871
58.0612240000000000 0.37633900000000000 0.025548
58.1632650000000000 0.36402800000000000 0.025878
58.2653060000000000 0.36320500000000000 0.025379
58.3673470000000000 0.35511100000000000 0.025027
58.4693880000000000 0.39196800000000000 0.026541
58.5714290000000000 0.39441900000000000 0.026562
58.6734690000000000 0.32884400000000000 0.023625
58.7755100000000000 0.29853800000000000 0.021873
58.8775510000000000 0.19887800000000000 0.017335
58.9795920000000000 0.11199700000000000 0.012458
59.0816330000000000 0.09827100000000000 0.011397
59.1836730000000000 0.14191300000000000 0.014422
59.2857140000000000 0.25876200000000000 0.020952
59.3877550000000000 0.31118900000000000 0.022678
59.4897960000000000 0.38346700000000000 0.026125
59.5918370000000000 0.35520200000000000 0.024520
59.6938780000000000 0.36788800000000000 0.025432
59.7959180000000000 0.30435600000000000 0.022605
59.8979590000000000 0.34082300000000000 0.024079
60.0000000000000000 0.34846700000000000 0.025315
