55.0000000000000000 0.37248300000000000 0.025288
55.1020410000000000 0.37327500000000000 0.025348
55.2040820000000000 0.33105800000000000 0.023623
55.3061220000000000 0.34482700000000000 0.023951
55.4081630000000000 0.37271400000000000 0.025468
55.5102040000000000 0.36972700000000000 0.025998
55.6122450000000000 0.31923500000000000 0.022723
55.7142860000000000 0.29315200000000000 0.021131
55.8163270000000000 0.30601200000000000 0.022478
55.9183670000000000 0.32159800000000000 0.022910
56.0204080000000000 0.30555900000000000 0.022627
56.1224490000000000 0.33577000000000000 0.023890
56.2244900000000000 0.33185900000000000 0.023111
56.3265310000000000 0.37200800000000000 0.026105
56.4285710000000000 0.36992600000000000 0.025255
56.5306120000000000 0.36027400000000000 0.025255
56.6326530000000000 0.39267300000000000 0.026495
56.7346940000000000 0.39553000000000000 0.026549
56.8367350000000000 0.35969000000000000 0.025460
56.9387760000000000 0.39481400000000000 0.025730
57.0408160000000000 0.37226600000000000 0.025634
57.1428570000000000 0.36056800000000000 0.024934
57.2448980000000000 0.34987800000000000 0.025011
57.3469390000000000 0.40192500000000000 0.027685
57.4489800000000000 0.36625300000000000 0.025171
57.5510200000000000 0.33927300000000000 0.023820
57.6530610000000000 0.36049400000000000 0.025202
57.7551020000000000 0.35524300000000000 0.024724
57.8571430000000000 0.35655200000000000 0.024895
57.9591840000000000 0.36173900000000000 0.025025
58.0612240000000000 0.37099400000000000 0.025304
58.1632650000000000 0.38135700000000000 0.026694
58.2653060000000000 0.35432200000000000 0.024965
58.3673470000000000 0.36957800000000000 0.025701
58.4693880000000000 0.39415800000000000 0.026641
58.5714290000000000 0.36726300000000000 0.025316
58.6734690000000000 0.33541800000000000 0.023933
58.7755100000000000 0.27623500000000000 0.020815
58.8775510000000000 0.20660700000000000 0.017732
58.9795920000000000 0.12720400000000000 0.013341
59.0816330000000000 0.11602400000000000 0.012442
59.1836730000000000 0.12390700000000000 0.013391
59.2857140000000000 0.22819600000000000 0.019399
59.3877550000000000 0.31986000000000000 0.023086
59.4897960000000000 0.36926900000000000 0.025471
59.5918370000000000 0.34563300000000000 0.024079
59.6938780000000000 0.35584800000000000 0.024874
59.7959180000000000 0.36653600000000000 0.025534
59.8979590000000000 0.36360900000000000 0.025135
60.0000000000000000 0.33087300000000000 0.024471
