55.0000000000000000 0.39582200000000000 0.026348
55.1020410000000000 0.37859100000000000 0.025590
55.2040820000000000 0.40918200000000000 0.027222
55.3061220000000000 0.37329000000000000 0.025253
55.4081630000000000 0.38025200000000000 0.025814
55.5102040000000000 0.31268900000000000 0.023290
55.6122450000000000 0.37067200000000000 0.025086
55.7142860000000000 0.31538300000000000 0.022157
55.8163270000000000 0.25920200000000000 0.020229
55.9183670000000000 0.30467700000000000 0.022119
56.0204080000000000 0.38302600000000000 0.026259
56.1224490000000000 0.37391300000000000 0.025660
56.2244900000000000 0.39161600000000000 0.025820
56.3265310000000000 0.35147500000000000 0.025138
56.4285710000000000 0.33679200000000000 0.023728
56.5306120000000000 0.36027400000000000 0.025255
56.6326530000000000 0.37527400000000000 0.025698
56.7346940000000000 0.36960100000000000 0.025362
56.8367350000000000 0.32906400000000000 0.024012
56.9387760000000000 0.35039600000000000 0.023740
57.0408160000000000 0.36460400000000000 0.025280
57.1428570000000000 0.35733100000000000 0.024785
57.2448980000000000 0.36009800000000000 0.025492
57.3469390000000000 0.37760800000000000 0.026546
57.4489800000000000 0.34363800000000000 0.024127
57.5510200000000000 0.39153400000000000 0.026216
57.6530610000000000 0.37818100000000000 0.026023
57.7551020000000000 0.36607000000000000 0.025224
57.8571430000000000 0.38826000000000000 0.026358
57.9591840000000000 0.40613100000000000 0.027057
58.0612240000000000 0.36671900000000000 0.025108
58.1632650000000000 0.40446200000000000 0.027775
58.2653060000000000 0.40428900000000000 0.027278
58.3673470000000000 0.38181900000000000 0.026269
58.4693880000000000 0.36788800000000000 0.025432
58.5714290000000000 0.33467600000000000 0.023804
58.6734690000000000 0.35075900000000000 0.024650
58.7755100000000000 0.32508800000000000 0.023116
58.8775510000000000 0.20771100000000000 0.017789
58.9795920000000000 0.11199700000000000 0.012458
59.0816330000000000 0.10453700000000000 0.011771
59.1836730000000000 0.14528900000000000 0.014611
59.2857140000000000 0.25170800000000000 0.020597
59.3877550000000000 0.30576900000000000 0.022422
59.4897960000000000 0.36490000000000000 0.025269
59.5918370000000000 0.39241200000000000 0.026218
59.6938780000000000 0.39415800000000000 0.026641
59.7959180000000000 0.39762600000000000 0.026972
59.8979590000000000 0.33865300000000000 0.023978
60.0000000000000000 0.36606000000000000 0.026153
