55.0000000000000000 0.36081300000000000 0.024754
55.1020410000000000 0.40835900000000000 0.026940
55.2040820000000000 0.36686500000000000 0.025285
55.3061220000000000 0.41651100000000000 0.027205
55.4081630000000000 0.36517600000000000 0.025122
55.5102040000000000 0.41763900000000000 0.028228
55.6122450000000000 0.37802100000000000 0.025420
55.7142860000000000 0.25172100000000000 0.019184
55.8163270000000000 0.28424000000000000 0.021440
55.9183670000000000 0.25603100000000000 0.019804
56.0204080000000000 0.35757300000000000 0.025079
56.1224490000000000 0.34339900000000000 0.024247
56.2244900000000000 0.31743500000000000 0.022448
56.3265310000000000 0.31268900000000000 0.023290
56.4285710000000000 0.26838700000000000 0.020500
56.5306120000000000 0.24578000000000000 0.019765
56.6326530000000000 0.21324900000000000 0.017939
56.7346940000000000 0.11679400000000000 0.012705
56.8367350000000000 0.05002800000000000 0.008612
56.9387760000000000 0.01322900000000000 0.004881
57.0408160000000000 0.00011500000000000 0.003467
57.1428570000000000 -0.0031240000000000 0.002862
57.2448980000000000 0.00579700000000000 0.004414
57.3469390000000000 -0.0010360000000000 0.003480
57.4489800000000000 0.00119000000000000 0.003579
57.5510200000000000 0.00117800000000000 0.003544
57.6530610000000000 0.00232700000000000 0.003838
57.7551020000000000 0.00444400000000000 0.004063
57.8571430000000000 0.00558200000000000 0.004249
57.9591840000000000 0.02285100000000000 0.006115
58.0612240000000000 0.04714000000000000 0.008106
58.1632650000000000 0.06712600000000000 0.009957
58.2653060000000000 0.09671800000000000 0.011672
58.3673470000000000 0.13365700000000000 0.013875
58.4693880000000000 0.14678600000000000 0.014492
58.5714290000000000 0.17282600000000000 0.015841
58.6734690000000000 0.16776700000000000 0.015639
58.7755100000000000 0.14985500000000000 0.014443
58.8775510000000000 0.11937300000000000 0.012999
58.9795920000000000 0.07941000000000000 0.010444
59.0816330000000000 0.08260700000000000 0.010430
59.1836730000000000 0.09915000000000000 0.011906
59.2857140000000000 0.16118500000000000 0.015829
59.3877550000000000 0.21363900000000000 0.017931
59.4897960000000000 0.23056300000000000 0.018847
59.5918370000000000 0.24038200000000000 0.019091
59.6938780000000000 0.30112000000000000 0.022302
59.7959180000000000 0.25994100000000000 0.020454
59.8979590000000000 0.29091000000000000 0.021727
60.0000000000000000 0.29803300000000000 0.022876
