55.0000000000000000 0.41597900000000000 0.027257
55.1020410000000000 0.40942200000000000 0.026988
55.2040820000000000 0.38531100000000000 0.026133
55.3061220000000000 0.36801900000000000 0.025012
55.4081630000000000 0.39317500000000000 0.026403
55.5102040000000000 0.34691100000000000 0.024923
55.6122450000000000 0.32238400000000000 0.022869
55.7142860000000000 0.28001500000000000 0.020519
55.8163270000000000 0.27662000000000000 0.021073
55.9183670000000000 0.25920400000000000 0.019957
56.0204080000000000 0.24911800000000000 0.019889
56.1224490000000000 0.23877900000000000 0.019236
56.2244900000000000 0.23604300000000000 0.018601
56.3265310000000000 0.17123400000000000 0.016141
56.4285710000000000 0.17646800000000000 0.015907
56.5306120000000000 0.13128500000000000 0.013732
56.6326530000000000 0.10776900000000000 0.012214
56.7346940000000000 0.07790000000000000 0.010316
56.8367350000000000 0.04208800000000000 0.007990
56.9387760000000000 0.01222000000000000 0.004771
57.0408160000000000 0.01106000000000000 0.004927
57.1428570000000000 -0.0031240000000000 0.002862
57.2448980000000000 0.00239000000000000 0.003943
57.3469390000000000 0.00591100000000000 0.004501
57.4489800000000000 0.00119000000000000 0.003579
57.5510200000000000 -0.0041540000000000 0.002621
57.6530610000000000 0.00232700000000000 0.003838
57.7551020000000000 -0.0042170000000000 0.002661
57.8571430000000000 -0.0031650000000000 0.002900
57.9591840000000000 0.00227900000000000 0.003759
58.0612240000000000 0.00225000000000000 0.003711
58.1632650000000000 -0.0021890000000000 0.003274
58.2653060000000000 0.00011600000000000 0.003518
58.3673470000000000 0.00234200000000000 0.003864
58.4693880000000000 0.00011500000000000 0.003467
58.5714290000000000 0.00120000000000000 0.003610
58.6734690000000000 -0.0020770000000000 0.003105
58.7755100000000000 0.00329700000000000 0.003839
58.8775510000000000 0.00122000000000000 0.003669
58.9795920000000000 0.00880400000000000 0.004632
59.0816330000000000 -0.0019790000000000 0.002959
59.1836730000000000 -0.0021330000000000 0.003189
59.2857140000000000 -0.0010520000000000 0.003533
59.3877550000000000 -0.0020540000000000 0.003072
59.4897960000000000 0.00339100000000000 0.003948
59.5918370000000000 0.01393200000000000 0.005141
59.6938780000000000 0.00449300000000000 0.004108
59.7959180000000000 0.00566800000000000 0.004316
59.8979590000000000 0.01530500000000000 0.005365
60.0000000000000000 0.00950600000000000 0.005003
