55.0000000000000000 0.34596100000000000 0.024072
55.1020410000000000 0.41792700000000000 0.027371
55.2040820000000000 0.35926900000000000 0.024935
55.3061220000000000 0.37961500000000000 0.025540
55.4081630000000000 0.36625300000000000 0.025171
55.5102040000000000 0.33550400000000000 0.024381
55.6122450000000000 0.33918000000000000 0.023645
55.7142860000000000 0.28809900000000000 0.020896
55.8163270000000000 0.28424000000000000 0.021440
55.9183670000000000 0.29304500000000000 0.021571
56.0204080000000000 0.33765200000000000 0.024147
56.1224490000000000 0.35538600000000000 0.024804
56.2244900000000000 0.38234300000000000 0.025403
56.3265310000000000 0.39254200000000000 0.027064
56.4285710000000000 0.39023300000000000 0.026182
56.5306120000000000 0.38806400000000000 0.026545
56.6326530000000000 0.37418700000000000 0.025648
56.7346940000000000 0.33935000000000000 0.023963
56.8367350000000000 0.36649600000000000 0.025780
56.9387760000000000 0.33929200000000000 0.023238
57.0408160000000000 0.33505100000000000 0.023904
57.1428570000000000 0.34222200000000000 0.024085
57.2448980000000000 0.36236900000000000 0.025599
57.3469390000000000 0.34055400000000000 0.024790
57.4489800000000000 0.37486800000000000 0.025567
57.5510200000000000 0.35313800000000000 0.024460
57.6530610000000000 0.34943900000000000 0.024687
57.7551020000000000 0.38989000000000000 0.026317
57.8571430000000000 0.35873900000000000 0.024996
57.9591840000000000 0.36390500000000000 0.025124
58.0612240000000000 0.39237100000000000 0.026279
58.1632650000000000 0.38482300000000000 0.026857
58.2653060000000000 0.35432200000000000 0.024965
58.3673470000000000 0.33396700000000000 0.024034
58.4693880000000000 0.36569900000000000 0.025331
58.5714290000000000 0.32598600000000000 0.023397
58.6734690000000000 0.32993900000000000 0.023676
58.7755100000000000 0.29428900000000000 0.021672
58.8775510000000000 0.18010600000000000 0.016355
58.9795920000000000 0.12503200000000000 0.013216
59.0816330000000000 0.10558100000000000 0.011833
59.1836730000000000 0.14078800000000000 0.014358
59.2857140000000000 0.26699200000000000 0.021365
59.3877550000000000 0.32853100000000000 0.023493
59.4897960000000000 0.35397800000000000 0.024763
59.5918370000000000 0.36477000000000000 0.024959
59.6938780000000000 0.35803700000000000 0.024976
59.7959180000000000 0.33100500000000000 0.023870
59.8979590000000000 0.37012000000000000 0.025435
60.0000000000000000 0.42470300000000000 0.028910
