55.0000000000000000 0.36187400000000000 0.024803
55.1020410000000000 0.37646400000000000 0.025493
55.2040820000000000 0.38097000000000000 0.025934
55.3061220000000000 0.37539800000000000 0.025348
55.4081630000000000 0.35117700000000000 0.024476
55.5102040000000000 0.36516400000000000 0.025784
55.6122450000000000 0.31083600000000000 0.022332
55.7142860000000000 0.33458200000000000 0.023034
55.8163270000000000 0.28641700000000000 0.021544
55.9183670000000000 0.32477000000000000 0.023057
56.0204080000000000 0.33211900000000000 0.023886
56.1224490000000000 0.40442700000000000 0.027058
56.2244900000000000 0.36585900000000000 0.024660
56.3265310000000000 0.39254200000000000 0.027064
56.4285710000000000 0.39237100000000000 0.026279
56.5306120000000000 0.35360400000000000 0.024944
56.6326530000000000 0.40354700000000000 0.026992
56.7346940000000000 0.40093200000000000 0.026795
56.8367350000000000 0.37103300000000000 0.025992
56.9387760000000000 0.36553900000000000 0.024422
57.0408160000000000 0.35803700000000000 0.024976
57.1428570000000000 0.35409300000000000 0.024635
57.2448980000000000 0.35328500000000000 0.025172
57.3469390000000000 0.40192500000000000 0.027685
57.4489800000000000 0.36840700000000000 0.025270
57.5510200000000000 0.35953800000000000 0.024755
57.6530610000000000 0.42350400000000000 0.028102
57.7551020000000000 0.37364900000000000 0.025573
57.8571430000000000 0.35436500000000000 0.024793
57.9591840000000000 0.38014600000000000 0.025871
58.0612240000000000 0.35923700000000000 0.024765
58.1632650000000000 0.34785400000000000 0.025111
58.2653060000000000 0.35987400000000000 0.025224
58.3673470000000000 0.38960900000000000 0.026629
58.4693880000000000 0.35037500000000000 0.024620
58.5714290000000000 0.35531500000000000 0.024764
58.6734690000000000 0.32884400000000000 0.023625
58.7755100000000000 0.30384800000000000 0.022123
58.8775510000000000 0.19004400000000000 0.016876
58.9795920000000000 0.11199700000000000 0.012458
59.0816330000000000 0.11289100000000000 0.012261
59.1836730000000000 0.15091600000000000 0.014924
59.2857140000000000 0.25053300000000000 0.020538
59.3877550000000000 0.31769200000000000 0.022985
59.4897960000000000 0.34305700000000000 0.024255
59.5918370000000000 0.35732800000000000 0.024618
59.6938780000000000 0.33942900000000000 0.024109
59.7959180000000000 0.37986100000000000 0.026152
59.8979590000000000 0.37880000000000000 0.025834
60.0000000000000000 0.42235800000000000 0.028800
