55.0000000000000000 0.37990900000000000 0.025626
55.1020410000000000 0.32649700000000000 0.023193
55.2040820000000000 0.32129200000000000 0.023165
55.3061220000000000 0.30055100000000000 0.021893
55.4081630000000000 0.25964200000000000 0.020148
55.5102040000000000 0.22256800000000000 0.018834
55.6122450000000000 0.17122000000000000 0.015495
55.7142860000000000 0.13147100000000000 0.013098
55.8163270000000000 0.08720300000000000 0.010957
55.9183670000000000 0.07202200000000000 0.009812
56.0204080000000000 0.02446300000000000 0.006356
56.1224490000000000 0.01101200000000000 0.004905
56.2244900000000000 -0.0019520000000000 0.002920
56.3265310000000000 -0.0021620000000000 0.003233
56.4285710000000000 -0.0041630000000000 0.002627
56.5306120000000000 0.00122800000000000 0.003694
56.6326530000000000 0.00337600000000000 0.003931
56.7346940000000000 0.00443500000000000 0.004055
56.8367350000000000 0.00579000000000000 0.004409
56.9387760000000000 0.00313400000000000 0.003649
57.0408160000000000 -0.0009800000000000 0.003290
57.1428570000000000 0.00011300000000000 0.003419
57.2448980000000000 0.00239000000000000 0.003943
57.3469390000000000 0.00012100000000000 0.003668
57.4489800000000000 -0.0052710000000000 0.002420
57.5510200000000000 -0.0084200000000000 0.001545
57.6530610000000000 -0.0043060000000000 0.002717
57.7551020000000000 0.00011400000000000 0.003430
57.8571430000000000 0.00230100000000000 0.003796
57.9591840000000000 -0.0031350000000000 0.002872
58.0612240000000000 0.00331900000000000 0.003864
58.1632650000000000 0.00012100000000000 0.003660
58.2653060000000000 -0.0009940000000000 0.003337
58.3673470000000000 -0.0009960000000000 0.003344
58.4693880000000000 0.00011500000000000 0.003467
58.5714290000000000 0.01423500000000000 0.005254
58.6734690000000000 0.01326400000000000 0.005180
58.7755100000000000 0.01604200000000000 0.005362
58.8775510000000000 0.01557500000000000 0.005460
58.9795920000000000 0.00989000000000000 0.004762
59.0816330000000000 0.01159700000000000 0.004819
59.1836730000000000 0.02825200000000000 0.006776
59.2857140000000000 0.05655400000000000 0.009287
59.3877550000000000 0.04672100000000000 0.008139
59.4897960000000000 0.05800000000000000 0.009012
59.5918370000000000 0.05858400000000000 0.008919
59.6938780000000000 0.08877400000000000 0.011089
59.7959180000000000 0.08561400000000000 0.010972
59.8979590000000000 0.11513000000000000 0.012636
60.0000000000000000 0.09043400000000000 0.011612
