55.0000000000000000 0.43189300000000000 0.027972
55.1020410000000000 0.42005300000000000 0.027466
55.2040820000000000 0.43196800000000000 0.028254
55.3061220000000000 0.40175200000000000 0.026541
55.4081630000000000 0.39532900000000000 0.026501
55.5102040000000000 0.39824600000000000 0.027329
55.6122450000000000 0.35807500000000000 0.024512
55.7142860000000000 0.35277100000000000 0.023858
55.8163270000000000 0.31145500000000000 0.022736
55.9183670000000000 0.28352700000000000 0.021121
56.0204080000000000 0.30666500000000000 0.022680
56.1224490000000000 0.30743600000000000 0.022557
56.2244900000000000 0.28034500000000000 0.020719
56.3265310000000000 0.22941300000000000 0.019183
56.4285710000000000 0.21922100000000000 0.018091
56.5306120000000000 0.17686100000000000 0.016236
56.6326530000000000 0.11538100000000000 0.012664
56.7346940000000000 0.04440900000000000 0.007946
56.8367350000000000 0.00125300000000000 0.003769
56.9387760000000000 0.00212500000000000 0.003505
57.0408160000000000 -0.0031690000000000 0.002903
57.1428570000000000 -0.0031240000000000 0.002862
57.2448980000000000 0.00239000000000000 0.003943
57.3469390000000000 -0.0021940000000000 0.003282
57.4489800000000000 0.00549700000000000 0.004185
57.5510200000000000 -0.0009550000000000 0.003205
57.6530610000000000 0.00011600000000000 0.003502
57.7551020000000000 -0.0042170000000000 0.002661
57.8571430000000000 0.00667500000000000 0.004391
57.9591840000000000 -0.0009690000000000 0.003254
58.0612240000000000 0.00225000000000000 0.003711
58.1632650000000000 0.00012100000000000 0.003660
58.2653060000000000 -0.0032150000000000 0.002945
58.3673470000000000 -0.0009960000000000 0.003344
58.4693880000000000 0.00120900000000000 0.003637
58.5714290000000000 -0.0053170000000000 0.002441
58.6734690000000000 -0.0031720000000000 0.002906
58.7755100000000000 0.00329700000000000 0.003839
58.8775510000000000 0.00011600000000000 0.003498
58.9795920000000000 -0.0020590000000000 0.003078
59.0816330000000000 0.00637500000000000 0.004194
59.1836730000000000 0.01474800000000000 0.005444
59.2857140000000000 0.01305500000000000 0.005427
59.3877550000000000 0.02937900000000000 0.006718
59.4897960000000000 0.03724800000000000 0.007422
59.5918370000000000 0.05433200000000000 0.008614
59.6938780000000000 0.09753100000000000 0.011635
59.7959180000000000 0.08339400000000000 0.010828
59.8979590000000000 0.08366400000000000 0.010713
60.0000000000000000 0.11037300000000000 0.012864
