55.0000000000000000 0.37036100000000000 0.025191
55.1020410000000000 0.37646400000000000 0.025493
55.2040820000000000 0.37554500000000000 0.025685
55.3061220000000000 0.36696400000000000 0.024964
55.4081630000000000 0.35656100000000000 0.024725
55.5102040000000000 0.36060100000000000 0.025569
55.6122450000000000 0.33078200000000000 0.023258
55.7142860000000000 0.29416200000000000 0.021178
55.8163270000000000 0.30927800000000000 0.022633
55.9183670000000000 0.30467700000000000 0.022119
56.0204080000000000 0.34097200000000000 0.024303
56.1224490000000000 0.34339900000000000 0.024247
56.2244900000000000 0.38131300000000000 0.025357
56.3265310000000000 0.38227500000000000 0.026585
56.4285710000000000 0.37740700000000000 0.025597
56.5306120000000000 0.35805100000000000 0.025152
56.6326530000000000 0.35243900000000000 0.024643
56.7346940000000000 0.37176200000000000 0.025461
56.8367350000000000 0.39485300000000000 0.027102
56.9387760000000000 0.37462400000000000 0.024830
57.0408160000000000 0.42371100000000000 0.027989
57.1428570000000000 0.39510300000000000 0.026517
57.2448980000000000 0.34420000000000000 0.024743
57.3469390000000000 0.35213400000000000 0.025342
57.4489800000000000 0.36409900000000000 0.025072
57.5510200000000000 0.38086900000000000 0.025731
57.6530610000000000 0.35496600000000000 0.024945
57.7551020000000000 0.32492700000000000 0.023313
57.8571430000000000 0.38607300000000000 0.026257
57.9591840000000000 0.39422100000000000 0.026515
58.0612240000000000 0.37206300000000000 0.025353
58.1632650000000000 0.35132000000000000 0.025276
58.2653060000000000 0.37764000000000000 0.026049
58.3673470000000000 0.35844900000000000 0.025183
58.4693880000000000 0.37117200000000000 0.025584
58.5714290000000000 0.38572900000000000 0.026165
58.6734690000000000 0.35295000000000000 0.024752
58.7755100000000000 0.30491000000000000 0.022173
58.8775510000000000 0.19777300000000000 0.017278
58.9795920000000000 0.12068700000000000 0.012966
59.0816330000000000 0.10871400000000000 0.012017
59.1836730000000000 0.14528900000000000 0.014611
59.2857140000000000 0.22702000000000000 0.019338
59.3877550000000000 0.34804100000000000 0.024403
59.4897960000000000 0.34087200000000000 0.024153
59.5918370000000000 0.36477000000000000 0.024959
59.6938780000000000 0.32301100000000000 0.023339
59.7959180000000000 0.37652900000000000 0.025998
59.8979590000000000 0.41135200000000000 0.027321
60.0000000000000000 0.36840500000000000 0.026265
