55.0000000000000000 0.35338700000000000 0.024413
55.1020410000000000 0.33925400000000000 0.023785
55.2040820000000000 0.32671700000000000 0.023420
55.3061220000000000 0.30793000000000000 0.022239
55.4081630000000000 0.27902500000000000 0.021083
55.5102040000000000 0.20773800000000000 0.018071
55.6122450000000000 0.21635900000000000 0.017795
55.7142860000000000 0.17088100000000000 0.015192
55.8163270000000000 0.13619000000000000 0.013864
55.9183670000000000 0.11009300000000000 0.012177
56.0204080000000000 0.13402400000000000 0.013857
56.1224490000000000 0.08402800000000000 0.010761
56.2244900000000000 0.05780400000000000 0.008710
56.3265310000000000 0.04803200000000000 0.008487
56.4285710000000000 0.01828200000000000 0.005616
56.5306120000000000 0.00789800000000000 0.004604
56.6326530000000000 0.00011400000000000 0.003445
56.7346940000000000 0.00119400000000000 0.003590
56.8367350000000000 0.00011900000000000 0.003593
56.9387760000000000 0.00010600000000000 0.003198
57.0408160000000000 0.00120900000000000 0.003637
57.1428570000000000 -0.0063620000000000 0.002176
57.2448980000000000 0.00011900000000000 0.003597
57.3469390000000000 0.00012100000000000 0.003668
57.4489800000000000 0.00226700000000000 0.003739
57.5510200000000000 0.00117800000000000 0.003544
57.6530610000000000 0.00011600000000000 0.003502
57.7551020000000000 0.00011400000000000 0.003430
57.8571430000000000 -0.0042590000000000 0.002687
57.9591840000000000 0.00011400000000000 0.003430
58.0612240000000000 0.00225000000000000 0.003711
58.1632650000000000 -0.0068100000000000 0.002330
58.2653060000000000 0.00677900000000000 0.004459
58.3673470000000000 0.00011700000000000 0.003525
58.4693880000000000 0.00449300000000000 0.004108
58.5714290000000000 0.00120000000000000 0.003610
58.6734690000000000 -0.0020770000000000 0.003105
58.7755100000000000 -0.0020130000000000 0.003010
58.8775510000000000 0.00122000000000000 0.003669
58.9795920000000000 -0.0020590000000000 0.003078
59.0816330000000000 -0.0030230000000000 0.002770
59.1836730000000000 -0.0032580000000000 0.002985
59.2857140000000000 0.00247500000000000 0.004082
59.3877550000000000 -0.0020540000000000 0.003072
59.4897960000000000 -0.0042540000000000 0.002684
59.5918370000000000 0.00330100000000000 0.003843
59.6938780000000000 0.01325000000000000 0.005174
59.7959180000000000 0.00788900000000000 0.004599
59.8979590000000000 0.00662400000000000 0.004358
60.0000000000000000 0.00833300000000000 0.004859
