55.0000000000000000 0.35975200000000000 0.024705
55.1020410000000000 0.36583300000000000 0.025008
55.2040820000000000 0.37229000000000000 0.025535
55.3061220000000000 0.36801900000000000 0.025012
55.4081630000000000 0.37271400000000000 0.025468
55.5102040000000000 0.37200800000000000 0.026105
55.6122450000000000 0.30138900000000000 0.021890
55.7142860000000000 0.30123600000000000 0.021506
55.8163270000000000 0.28097400000000000 0.021283
55.9183670000000000 0.32688500000000000 0.023155
56.0204080000000000 0.32326600000000000 0.023469
56.1224490000000000 0.34666800000000000 0.024399
56.2244900000000000 0.37204000000000000 0.024939
56.3265310000000000 0.33208200000000000 0.024218
56.4285710000000000 0.33679200000000000 0.023728
56.5306120000000000 0.34137700000000000 0.024371
56.6326530000000000 0.35352600000000000 0.024693
56.7346940000000000 0.39228900000000000 0.026401
56.8367350000000000 0.35288400000000000 0.025140
56.9387760000000000 0.36755800000000000 0.024513
57.0408160000000000 0.34709100000000000 0.024467
57.1428570000000000 0.38323200000000000 0.025975
57.2448980000000000 0.35214900000000000 0.025118
57.3469390000000000 0.36255500000000000 0.025836
57.4489800000000000 0.40825100000000000 0.027088
57.5510200000000000 0.36913700000000000 0.025195
57.6530610000000000 0.34391200000000000 0.024428
57.7551020000000000 0.37040100000000000 0.025424
57.8571430000000000 0.39154000000000000 0.026508
57.9591840000000000 0.35524300000000000 0.024724
58.0612240000000000 0.36137500000000000 0.024863
58.1632650000000000 0.36287300000000000 0.025823
58.2653060000000000 0.38874300000000000 0.026563
58.3673470000000000 0.35288500000000000 0.024923
58.4693880000000000 0.35694200000000000 0.024925
58.5714290000000000 0.31621000000000000 0.022938
58.6734690000000000 0.32774800000000000 0.023573
58.7755100000000000 0.26773900000000000 0.020408
58.8775510000000000 0.21544100000000000 0.018183
58.9795920000000000 0.11742800000000000 0.012777
59.0816330000000000 0.09827100000000000 0.011397
59.1836730000000000 0.18917800000000000 0.016987
59.2857140000000000 0.24935700000000000 0.020478
59.3877550000000000 0.37513800000000000 0.025654
59.4897960000000000 0.37909800000000000 0.025924
59.5918370000000000 0.33287600000000000 0.023489
59.6938780000000000 0.36351000000000000 0.025230
59.7959180000000000 0.40095700000000000 0.027125
59.8979590000000000 0.36035400000000000 0.024985
60.0000000000000000 0.37896100000000000 0.026764
