55.0000000000000000 0.39476200000000000 0.026300
55.1020410000000000 0.41154800000000000 0.027083
55.2040820000000000 0.42545800000000000 0.027960
55.3061220000000000 0.39542700000000000 0.026256
55.4081630000000000 0.39209800000000000 0.026354
55.5102040000000000 0.36288200000000000 0.025676
55.6122450000000000 0.31503600000000000 0.022528
55.7142860000000000 0.30123600000000000 0.021506
55.8163270000000000 0.25811400000000000 0.020176
55.9183670000000000 0.27083700000000000 0.020516
56.0204080000000000 0.28785200000000000 0.021778
56.1224490000000000 0.26275400000000000 0.020412
56.2244900000000000 0.19689200000000000 0.016666
56.3265310000000000 0.17579700000000000 0.016387
56.4285710000000000 0.16364200000000000 0.015230
56.5306120000000000 0.09015600000000000 0.011268
56.6326530000000000 0.07840800000000000 0.010385
56.7346940000000000 0.03036400000000000 0.006791
56.8367350000000000 0.02167100000000000 0.006189
56.9387760000000000 0.01524800000000000 0.005096
57.0408160000000000 -0.0031690000000000 0.002903
57.1428570000000000 0.00227200000000000 0.003747
57.2448980000000000 0.00125500000000000 0.003774
57.3469390000000000 0.00127900000000000 0.003848
57.4489800000000000 -0.0031180000000000 0.002856
57.5510200000000000 0.00011200000000000 0.003379
57.6530610000000000 0.00343200000000000 0.003996
57.7551020000000000 -0.0009690000000000 0.003254
57.8571430000000000 0.00011500000000000 0.003464
57.9591840000000000 0.00119600000000000 0.003598
58.0612240000000000 0.00652500000000000 0.004292
58.1632650000000000 0.00127600000000000 0.003839
58.2653060000000000 0.00122700000000000 0.003690
58.3673470000000000 0.00456800000000000 0.004176
58.4693880000000000 -0.0009800000000000 0.003290
58.5714290000000000 0.00228600000000000 0.003771
58.6734690000000000 -0.0031720000000000 0.002906
58.7755100000000000 0.00223500000000000 0.003687
58.8775510000000000 0.00342900000000000 0.003992
58.9795920000000000 -0.0053170000000000 0.002441
59.0816330000000000 -0.0009350000000000 0.003138
59.1836730000000000 0.00349400000000000 0.004068
59.2857140000000000 0.01775800000000000 0.005939
59.3877550000000000 0.02612700000000000 0.006425
59.4897960000000000 0.04161700000000000 0.007776
59.5918370000000000 0.04901600000000000 0.008222
59.6938780000000000 0.03951900000000000 0.007618
59.7959180000000000 0.05008300000000000 0.008511
59.8979590000000000 0.06847300000000000 0.009710
60.0000000000000000 0.07987800000000000 0.010918
