55.0000000000000000 0.34171700000000000 0.023876
55.1020410000000000 0.34563300000000000 0.024079
55.2040820000000000 0.36469500000000000 0.025185
55.3061220000000000 0.36591000000000000 0.024916
55.4081630000000000 0.39102100000000000 0.026305
55.5102040000000000 0.35147500000000000 0.025138
55.6122450000000000 0.35807500000000000 0.024512
55.7142860000000000 0.31740400000000000 0.022250
55.8163270000000000 0.28750600000000000 0.021596
55.9183670000000000 0.31842500000000000 0.022762
56.0204080000000000 0.33211900000000000 0.023886
56.1224490000000000 0.38045200000000000 0.025961
56.2244900000000000 0.36791900000000000 0.024753
56.3265310000000000 0.33208200000000000 0.024218
56.4285710000000000 0.35496200000000000 0.024568
56.5306120000000000 0.36360900000000000 0.025411
56.6326530000000000 0.36331300000000000 0.025146
56.7346940000000000 0.34475200000000000 0.024214
56.8367350000000000 0.35401800000000000 0.025193
56.9387760000000000 0.34232000000000000 0.023375
57.0408160000000000 0.33395700000000000 0.023853
57.1428570000000000 0.38215200000000000 0.025925
57.2448980000000000 0.43050400000000000 0.028762
57.3469390000000000 0.39381900000000000 0.027306
57.4489800000000000 0.34686900000000000 0.024277
57.5510200000000000 0.34673900000000000 0.024165
57.6530610000000000 0.34391200000000000 0.024428
57.7551020000000000 0.34658100000000000 0.024323
57.8571430000000000 0.37295300000000000 0.025654
57.9591840000000000 0.38555900000000000 0.026119
58.0612240000000000 0.35816900000000000 0.024715
58.1632650000000000 0.35016500000000000 0.025221
58.2653060000000000 0.37986100000000000 0.026152
58.3673470000000000 0.36846500000000000 0.025650
58.4693880000000000 0.39087400000000000 0.026491
58.5714290000000000 0.36400400000000000 0.025166
58.6734690000000000 0.34856700000000000 0.024548
58.7755100000000000 0.26773900000000000 0.020408
58.8775510000000000 0.21433700000000000 0.018127
58.9795920000000000 0.12611800000000000 0.013279
59.0816330000000000 0.11080200000000000 0.012139
59.1836730000000000 0.16104400000000000 0.015481
59.2857140000000000 0.28462600000000000 0.022241
59.3877550000000000 0.31444100000000000 0.022831
59.4897960000000000 0.36053100000000000 0.025067
59.5918370000000000 0.34244400000000000 0.023932
59.6938780000000000 0.34161800000000000 0.024212
59.7959180000000000 0.36209500000000000 0.025327
59.8979590000000000 0.37663000000000000 0.025735
60.0000000000000000 0.40241900000000000 0.027869
