55.0000000000000000 0.41810100000000000 0.027353
55.1020410000000000 0.36795900000000000 0.025105
55.2040820000000000 0.39073600000000000 0.026381
55.3061220000000000 0.40175200000000000 0.026541
55.4081630000000000 0.40179000000000000 0.026795
55.5102040000000000 0.33436300000000000 0.024327
55.6122450000000000 0.27619500000000000 0.020701
55.7142860000000000 0.24970000000000000 0.019088
55.8163270000000000 0.20803800000000000 0.017684
55.9183670000000000 0.17777500000000000 0.015893
56.0204080000000000 0.19267800000000000 0.017032
56.1224490000000000 0.15050600000000000 0.014665
56.2244900000000000 0.11034800000000000 0.012029
56.3265310000000000 0.05601700000000000 0.009090
56.4285710000000000 0.03110800000000000 0.006810
56.5306120000000000 0.00345100000000000 0.004018
56.6326530000000000 0.00772600000000000 0.004504
56.7346940000000000 0.00119400000000000 0.003590
56.8367350000000000 0.00011900000000000 0.003593
56.9387760000000000 0.00111500000000000 0.003355
57.0408160000000000 0.00011500000000000 0.003467
57.1428570000000000 -0.0031240000000000 0.002862
57.2448980000000000 0.00011900000000000 0.003597
57.3469390000000000 0.00822700000000000 0.004797
57.4489800000000000 0.00119000000000000 0.003579
57.5510200000000000 -0.0009550000000000 0.003205
57.6530610000000000 0.00122100000000000 0.003673
57.7551020000000000 0.00119600000000000 0.003598
57.8571430000000000 0.00120800000000000 0.003633
57.9591840000000000 -0.0020520000000000 0.003068
58.0612240000000000 0.00652500000000000 0.004292
58.1632650000000000 0.00936300000000000 0.004927
58.2653060000000000 0.01233000000000000 0.005125
58.3673470000000000 0.01569600000000000 0.005502
58.4693880000000000 0.01872200000000000 0.005752
58.5714290000000000 0.03052900000000000 0.006828
58.6734690000000000 0.04613700000000000 0.008146
58.7755100000000000 0.04896400000000000 0.008213
58.8775510000000000 0.03986800000000000 0.007686
58.9795920000000000 0.01749400000000000 0.005598
59.0816330000000000 0.02308400000000000 0.005995
59.1836730000000000 0.04063100000000000 0.007835
59.2857140000000000 0.07771500000000000 0.010786
59.3877550000000000 0.08357300000000000 0.010701
59.4897960000000000 0.12571400000000000 0.013292
59.5918370000000000 0.14682500000000000 0.014285
59.6938780000000000 0.14569200000000000 0.014432
59.7959180000000000 0.14668400000000000 0.014591
59.8979590000000000 0.16612800000000000 0.015477
60.0000000000000000 0.17488100000000000 0.016563
