55.0000000000000000 -0.0051930000000000 0.002384
55.1020410000000000 0.00223800000000000 0.003691
55.2040820000000000 -0.0020560000000000 0.003075
55.3061220000000000 -0.0019980000000000 0.002988
55.4081630000000000 0.00226700000000000 0.003739
55.5102040000000000 0.00126000000000000 0.003791
55.6122450000000000 0.00221000000000000 0.003644
55.7142860000000000 -0.0009040000000000 0.003037
55.8163270000000000 -0.0020630000000000 0.003085
55.9183670000000000 -0.0020040000000000 0.002997
56.0204080000000000 0.00011600000000000 0.003506
56.1224490000000000 -0.0020650000000000 0.003088
56.2244900000000000 -0.0029830000000000 0.002733
56.3265310000000000 0.00468300000000000 0.004281
56.4285710000000000 0.00118100000000000 0.003552
56.5306120000000000 0.00456300000000000 0.004172
56.6326530000000000 -0.0042360000000000 0.002673
56.7346940000000000 0.00011300000000000 0.003423
56.8367350000000000 0.00579000000000000 0.004409
56.9387760000000000 0.00111500000000000 0.003355
57.0408160000000000 0.00230400000000000 0.003800
57.1428570000000000 0.01090500000000000 0.004857
57.2448980000000000 0.01033900000000000 0.004979
57.3469390000000000 0.00938500000000000 0.004939
57.4489800000000000 0.01734300000000000 0.005549
57.5510200000000000 0.02144300000000000 0.005920
57.6530610000000000 0.02443600000000000 0.006349
57.7551020000000000 0.03692600000000000 0.007357
57.8571430000000000 0.04275600000000000 0.007872
57.9591840000000000 0.04883600000000000 0.008295
58.0612240000000000 0.05569100000000000 0.008739
58.1632650000000000 0.06481600000000000 0.009794
58.2653060000000000 0.05785500000000000 0.009086
58.3673470000000000 0.07245100000000000 0.010117
58.4693880000000000 0.07782900000000000 0.010384
58.5714290000000000 0.06311600000000000 0.009347
58.6734690000000000 0.09435100000000000 0.011445
58.7755100000000000 0.09038300000000000 0.011013
58.8775510000000000 0.05974400000000000 0.009194
58.9795920000000000 0.02944200000000000 0.006733
59.0816330000000000 0.02726100000000000 0.006377
59.1836730000000000 0.05751100000000000 0.009130
59.2857140000000000 0.07183700000000000 0.010384
59.3877550000000000 0.10308300000000000 0.011913
59.4897960000000000 0.12571400000000000 0.013292
59.5918370000000000 0.14151000000000000 0.013994
59.6938780000000000 0.16648800000000000 0.015563
59.7959180000000000 0.14890500000000000 0.014714
59.8979590000000000 0.16070300000000000 0.015186
60.0000000000000000 0.14086800000000000 0.014666
