55.0000000000000000 0.36505700000000000 0.024948
55.1020410000000000 0.39453800000000000 0.026315
55.2040820000000000 0.36578000000000000 0.025235
55.3061220000000000 0.39015600000000000 0.026018
55.4081630000000000 0.37486800000000000 0.025567
55.5102040000000000 0.35831900000000000 0.025461
55.6122450000000000 0.36122500000000000 0.024656
55.7142860000000000 0.29820400000000000 0.021366
55.8163270000000000 0.31689800000000000 0.022993
55.9183670000000000 0.32054000000000000 0.022860
56.0204080000000000 0.32990600000000000 0.023782
56.1224490000000000 0.34012900000000000 0.024094
56.2244900000000000 0.41222100000000000 0.026741
56.3265310000000000 0.37429000000000000 0.026212
56.4285710000000000 0.37527000000000000 0.025499
56.5306120000000000 0.37583600000000000 0.025979
56.6326530000000000 0.35026400000000000 0.024542
56.7346940000000000 0.35555600000000000 0.024715
56.8367350000000000 0.31999000000000000 0.023579
56.9387760000000000 0.35241500000000000 0.023831
57.0408160000000000 0.39415800000000000 0.026641
57.1428570000000000 0.35948900000000000 0.024884
57.2448980000000000 0.38508100000000000 0.026662
57.3469390000000000 0.34055400000000000 0.024790
57.4489800000000000 0.37056000000000000 0.025369
57.5510200000000000 0.38620100000000000 0.025973
57.6530610000000000 0.35496600000000000 0.024945
57.7551020000000000 0.36931800000000000 0.025374
57.8571430000000000 0.39482000000000000 0.026658
57.9591840000000000 0.35307800000000000 0.024624
58.0612240000000000 0.38275200000000000 0.025841
58.1632650000000000 0.35478600000000000 0.025441
58.2653060000000000 0.37652900000000000 0.025998
58.3673470000000000 0.35288500000000000 0.024923
58.4693880000000000 0.38211700000000000 0.026088
58.5714290000000000 0.36183200000000000 0.025066
58.6734690000000000 0.34637600000000000 0.024446
58.7755100000000000 0.27411100000000000 0.020713
58.8775510000000000 0.20219000000000000 0.017506
58.9795920000000000 0.13915300000000000 0.014014
59.0816330000000000 0.11289100000000000 0.012261
59.1836730000000000 0.14866500000000000 0.014799
59.2857140000000000 0.27874800000000000 0.021950
59.3877550000000000 0.32311200000000000 0.023239
59.4897960000000000 0.35834700000000000 0.024966
59.5918370000000000 0.35307500000000000 0.024422
59.6938780000000000 0.35365900000000000 0.024773
59.7959180000000000 0.38319200000000000 0.026306
59.8979590000000000 0.36686500000000000 0.025285
60.0000000000000000 0.34963900000000000 0.025371
