55.0000000000000000 0.37566600000000000 0.025433
55.1020410000000000 0.38603300000000000 0.025929
55.2040820000000000 0.35709900000000000 0.024834
55.3061220000000000 0.36485600000000000 0.024868
55.4081630000000000 0.31887000000000000 0.022972
55.5102040000000000 0.37086800000000000 0.026051
55.6122450000000000 0.32973200000000000 0.023210
55.7142860000000000 0.29820400000000000 0.021366
55.8163270000000000 0.27662000000000000 0.021073
55.9183670000000000 0.34063300000000000 0.023791
56.0204080000000000 0.29227900000000000 0.021991
56.1224490000000000 0.34339900000000000 0.024247
56.2244900000000000 0.38543400000000000 0.025542
56.3265310000000000 0.33892600000000000 0.024544
56.4285710000000000 0.34748000000000000 0.024223
56.5306120000000000 0.35916200000000000 0.025203
56.6326530000000000 0.33504000000000000 0.023833
56.7346940000000000 0.34799300000000000 0.024365
56.8367350000000000 0.40279300000000000 0.027470
56.9387760000000000 0.36654800000000000 0.024468
57.0408160000000000 0.37555000000000000 0.025786
57.1428570000000000 0.38323200000000000 0.025975
57.2448980000000000 0.36577600000000000 0.025759
57.3469390000000000 0.35560700000000000 0.025506
57.4489800000000000 0.35440700000000000 0.024626
57.5510200000000000 0.34460600000000000 0.024067
57.6530610000000000 0.41134400000000000 0.027547
57.7551020000000000 0.36607000000000000 0.025224
57.8571430000000000 0.38935300000000000 0.026408
57.9591840000000000 0.39638600000000000 0.026614
58.0612240000000000 0.39237100000000000 0.026279
58.1632650000000000 0.37673600000000000 0.026477
58.2653060000000000 0.36431500000000000 0.025431
58.3673470000000000 0.36290100000000000 0.025391
58.4693880000000000 0.36788800000000000 0.025432
58.5714290000000000 0.37595300000000000 0.025716
58.6734690000000000 0.31898200000000000 0.023160
58.7755100000000000 0.30172400000000000 0.022023
58.8775510000000000 0.20219000000000000 0.017506
58.9795920000000000 0.11199700000000000 0.012458
59.0816330000000000 0.10975800000000000 0.012078
59.1836730000000000 0.15991900000000000 0.015420
59.2857140000000000 0.25993800000000000 0.021011
59.3877550000000000 0.32202800000000000 0.023188
59.4897960000000000 0.34305700000000000 0.024255
59.5918370000000000 0.37114900000000000 0.025251
59.6938780000000000 0.35694200000000000 0.024925
59.7959180000000000 0.37097800000000000 0.025741
59.8979590000000000 0.34733400000000000 0.024382
60.0000000000000000 0.40828300000000000 0.028143
