55.0000000000000000 0.36930000000000000 0.025142
55.1020410000000000 0.36583300000000000 0.025008
55.2040820000000000 0.34407800000000000 0.024230
55.3061220000000000 0.39648100000000000 0.026304
55.4081630000000000 0.39855900000000000 0.026648
55.5102040000000000 0.37999400000000000 0.026479
55.6122450000000000 0.33708000000000000 0.023549
55.7142860000000000 0.25576300000000000 0.019376
55.8163270000000000 0.30274600000000000 0.022323
55.9183670000000000 0.31525300000000000 0.022614
56.0204080000000000 0.32990600000000000 0.023782
56.1224490000000000 0.36410500000000000 0.025208
56.2244900000000000 0.33082900000000000 0.023064
56.3265310000000000 0.40623100000000000 0.027700
56.4285710000000000 0.38916500000000000 0.026133
56.5306120000000000 0.35582800000000000 0.025048
56.6326530000000000 0.33286500000000000 0.023731
56.7346940000000000 0.35663600000000000 0.024765
56.8367350000000000 0.36422700000000000 0.025673
56.9387760000000000 0.38471900000000000 0.025281
57.0408160000000000 0.37445500000000000 0.025735
57.1428570000000000 0.33035000000000000 0.023532
57.2448980000000000 0.37031800000000000 0.025972
57.3469390000000000 0.34287000000000000 0.024901
57.4489800000000000 0.37594500000000000 0.025616
57.5510200000000000 0.39473400000000000 0.026361
57.6530610000000000 0.39365700000000000 0.026736
57.7551020000000000 0.37148400000000000 0.025473
57.8571430000000000 0.35436500000000000 0.024793
57.9591840000000000 0.36931800000000000 0.025374
58.0612240000000000 0.41054100000000000 0.027102
58.1632650000000000 0.39868600000000000 0.027505
58.2653060000000000 0.37208800000000000 0.025792
58.3673470000000000 0.37848000000000000 0.026115
58.4693880000000000 0.37007700000000000 0.025533
58.5714290000000000 0.36291800000000000 0.025116
58.6734690000000000 0.33541800000000000 0.023933
58.7755100000000000 0.28685500000000000 0.021320
58.8775510000000000 0.20881600000000000 0.017845
58.9795920000000000 0.11091000000000000 0.012394
59.0816330000000000 0.10871400000000000 0.012017
59.1836730000000000 0.17117200000000000 0.016030
59.2857140000000000 0.25758700000000000 0.020893
59.3877550000000000 0.33720200000000000 0.023898
59.4897960000000000 0.36271600000000000 0.025168
59.5918370000000000 0.35839100000000000 0.024667
59.6938780000000000 0.33942900000000000 0.024109
59.7959180000000000 0.37764000000000000 0.026049
59.8979590000000000 0.40158700000000000 0.026876
60.0000000000000000 0.34494800000000000 0.025147
