55.0000000000000000 0.33110800000000000 0.023385
55.1020410000000000 0.35094900000000000 0.024324
55.2040820000000000 0.34190800000000000 0.024129
55.3061220000000000 0.33112200000000000 0.023318
55.4081630000000000 0.27687200000000000 0.020980
55.5102040000000000 0.25679100000000000 0.020559
55.6122450000000000 0.23000600000000000 0.018470
55.7142860000000000 0.16481800000000000 0.014878
55.8163270000000000 0.13292400000000000 0.013680
55.9183670000000000 0.11009300000000000 0.012177
56.0204080000000000 0.11299700000000000 0.012638
56.1224490000000000 0.08511800000000000 0.010831
56.2244900000000000 0.05265300000000000 0.008342
56.3265310000000000 0.03206100000000000 0.007175
56.4285710000000000 0.00973200000000000 0.004686
56.5306120000000000 0.00789800000000000 0.004604
56.6326530000000000 -0.0009730000000000 0.003268
56.7346940000000000 0.00227400000000000 0.003751
56.8367350000000000 -0.0021500000000000 0.003215
56.9387760000000000 0.00414400000000000 0.003788
57.0408160000000000 -0.0020740000000000 0.003102
57.1428570000000000 -0.0009660000000000 0.003243
57.2448980000000000 0.00466100000000000 0.004262
57.3469390000000000 -0.0033520000000000 0.003071
57.4489800000000000 0.00119000000000000 0.003579
57.5510200000000000 0.00117800000000000 0.003544
57.6530610000000000 -0.0020950000000000 0.003133
57.7551020000000000 -0.0031350000000000 0.002872
57.8571430000000000 -0.0020720000000000 0.003099
57.9591840000000000 0.00444400000000000 0.004063
58.0612240000000000 -0.0052320000000000 0.002402
58.1632650000000000 -0.0056550000000000 0.002597
58.2653060000000000 0.00011600000000000 0.003518
58.3673470000000000 0.00123000000000000 0.003698
58.4693880000000000 0.00230400000000000 0.003800
58.5714290000000000 -0.0042310000000000 0.002670
58.6734690000000000 0.00340200000000000 0.003961
58.7755100000000000 0.00117300000000000 0.003529
58.8775510000000000 0.00122000000000000 0.003669
58.9795920000000000 -0.0031450000000000 0.002881
59.0816330000000000 -0.0019790000000000 0.002959
59.1836730000000000 -0.0010070000000000 0.003382
59.2857140000000000 0.00365000000000000 0.004250
59.3877550000000000 0.00336500000000000 0.003918
59.4897960000000000 0.01431300000000000 0.005282
59.5918370000000000 0.00649000000000000 0.004270
59.6938780000000000 0.01215500000000000 0.005052
59.7959180000000000 0.03564800000000000 0.007363
59.8979590000000000 0.02507000000000000 0.006332
60.0000000000000000 0.03882800000000000 0.007882
