55.0000000000000000 0.39688300000000000 0.026396
55.1020410000000000 0.39879000000000000 0.026507
55.2040820000000000 0.36252400000000000 0.025085
55.3061220000000000 0.31214700000000000 0.022436
55.4081630000000000 0.38886700000000000 0.026207
55.5102040000000000 0.28531000000000000 0.021964
55.6122450000000000 0.26359800000000000 0.020100
55.7142860000000000 0.23252200000000000 0.018263
55.8163270000000000 0.17755700000000000 0.016108
55.9183670000000000 0.16825700000000000 0.015395
56.0204080000000000 0.16833100000000000 0.015746
56.1224490000000000 0.13633800000000000 0.013880
56.2244900000000000 0.09180300000000000 0.010926
56.3265310000000000 0.05487600000000000 0.009006
56.4285710000000000 0.02148900000000000 0.005933
56.5306120000000000 0.02123700000000000 0.006064
56.6326530000000000 0.00446400000000000 0.004081
56.7346940000000000 -0.0031280000000000 0.002865
56.8367350000000000 0.00465600000000000 0.004257
56.9387760000000000 -0.0019130000000000 0.002861
57.0408160000000000 -0.0031690000000000 0.002903
57.1428570000000000 -0.0074410000000000 0.001894
57.2448980000000000 0.00239000000000000 0.003943
57.3469390000000000 0.00012100000000000 0.003668
57.4489800000000000 -0.0041950000000000 0.002647
57.5510200000000000 0.00224500000000000 0.003703
57.6530610000000000 0.00122100000000000 0.003673
57.7551020000000000 -0.0031350000000000 0.002872
57.8571430000000000 0.00230100000000000 0.003796
57.9591840000000000 -0.0009690000000000 0.003254
58.0612240000000000 -0.0030940000000000 0.002835
58.1632650000000000 0.00127600000000000 0.003839
58.2653060000000000 -0.0021040000000000 0.003147
58.3673470000000000 -0.0043350000000000 0.002735
58.4693880000000000 -0.0064530000000000 0.002207
58.5714290000000000 0.00120000000000000 0.003610
58.6734690000000000 0.01107300000000000 0.004932
58.7755100000000000 0.00754600000000000 0.004399
58.8775510000000000 0.00895000000000000 0.004709
58.9795920000000000 0.00771800000000000 0.004499
59.0816330000000000 0.00115400000000000 0.003470
59.1836730000000000 0.00912100000000000 0.004800
59.2857140000000000 0.02481200000000000 0.006644
59.3877550000000000 0.04021700000000000 0.007630
59.4897960000000000 0.06892100000000000 0.009776
59.5918370000000000 0.06921600000000000 0.009653
59.6938780000000000 0.06031600000000000 0.009189
59.7959180000000000 0.08117300000000000 0.010684
59.8979590000000000 0.10753500000000000 0.012187
60.0000000000000000 0.10920000000000000 0.012792
