55.0000000000000000 0.14969600000000000 0.014426
55.1020410000000000 0.10430000000000000 0.011867
55.2040820000000000 0.10211000000000000 0.011861
55.3061220000000000 0.07074100000000000 0.009710
55.4081630000000000 0.04318800000000000 0.007836
55.5102040000000000 0.02407600000000000 0.006445
55.6122450000000000 0.01165700000000000 0.004844
55.7142860000000000 0.00313800000000000 0.003653
55.8163270000000000 0.00338000000000000 0.003935
55.9183670000000000 0.00328400000000000 0.003823
56.0204080000000000 -0.0032040000000000 0.002935
56.1224490000000000 -0.0031550000000000 0.002890
56.2244900000000000 0.00010800000000000 0.003264
56.3265310000000000 -0.0021620000000000 0.003233
56.4285710000000000 0.00118100000000000 0.003552
56.5306120000000000 -0.0054410000000000 0.002498
56.6326530000000000 0.00337600000000000 0.003931
56.7346940000000000 0.00227400000000000 0.003751
56.8367350000000000 0.00465600000000000 0.004257
56.9387760000000000 -0.0019130000000000 0.002861
57.0408160000000000 -0.0042630000000000 0.002690
57.1428570000000000 0.01306400000000000 0.005101
57.2448980000000000 0.00011900000000000 0.003597
57.3469390000000000 0.00012100000000000 0.003668
57.4489800000000000 -0.0074250000000000 0.001890
57.5510200000000000 -0.0009550000000000 0.003205
57.6530610000000000 -0.0020950000000000 0.003133
57.7551020000000000 -0.0009690000000000 0.003254
57.8571430000000000 0.00339500000000000 0.003952
57.9591840000000000 0.00444400000000000 0.004063
58.0612240000000000 -0.0041630000000000 0.002627
58.1632650000000000 0.00243200000000000 0.004011
58.2653060000000000 -0.0009940000000000 0.003337
58.3673470000000000 0.00345500000000000 0.004023
58.4693880000000000 0.00339900000000000 0.003957
58.5714290000000000 0.00228600000000000 0.003771
58.6734690000000000 0.00230600000000000 0.003804
58.7755100000000000 0.00223500000000000 0.003687
58.8775510000000000 -0.0009880000000000 0.003319
58.9795920000000000 -0.0009720000000000 0.003264
59.0816330000000000 0.00011000000000000 0.003308
59.1836730000000000 0.00124300000000000 0.003740
59.2857140000000000 0.00247500000000000 0.004082
59.3877550000000000 0.01420400000000000 0.005242
59.4897960000000000 0.00994400000000000 0.004788
59.5918370000000000 0.01605900000000000 0.005368
59.6938780000000000 0.01543900000000000 0.005412
59.7959180000000000 0.02676500000000000 0.006584
59.8979590000000000 0.03483600000000000 0.007193
60.0000000000000000 0.02944500000000000 0.007065
