55.0000000000000000 0.35126500000000000 0.024316
55.1020410000000000 0.37965400000000000 0.025639
55.2040820000000000 0.37554500000000000 0.025685
55.3061220000000000 0.33217700000000000 0.023367
55.4081630000000000 0.30379400000000000 0.022262
55.5102040000000000 0.29899900000000000 0.022629
55.6122450000000000 0.25729900000000000 0.019797
55.7142860000000000 0.19412200000000000 0.016374
55.8163270000000000 0.15578500000000000 0.014945
55.9183670000000000 0.14922200000000000 0.014378
56.0204080000000000 0.09971700000000000 0.011837
56.1224490000000000 0.07422000000000000 0.010121
56.2244900000000000 0.03101700000000000 0.006651
56.3265310000000000 0.01837200000000000 0.005880
56.4285710000000000 -0.0020260000000000 0.003029
56.5306120000000000 -0.0032180000000000 0.002948
56.6326530000000000 0.00337600000000000 0.003931
56.7346940000000000 -0.0009670000000000 0.003247
56.8367350000000000 0.00125300000000000 0.003769
56.9387760000000000 0.00616300000000000 0.004054
57.0408160000000000 0.00668200000000000 0.004396
57.1428570000000000 0.00335100000000000 0.003901
57.2448980000000000 0.00011900000000000 0.003597
57.3469390000000000 0.00012100000000000 0.003668
57.4489800000000000 -0.0052710000000000 0.002420
57.5510200000000000 0.00331200000000000 0.003855
57.6530610000000000 -0.0009890000000000 0.003322
57.7551020000000000 -0.0009690000000000 0.003254
57.8571430000000000 -0.0031650000000000 0.002900
57.9591840000000000 0.00444400000000000 0.004063
58.0612240000000000 0.00652500000000000 0.004292
58.1632650000000000 0.01398400000000000 0.005462
58.2653060000000000 0.02898600000000000 0.006785
58.3673470000000000 0.02459900000000000 0.006392
58.4693880000000000 0.04280300000000000 0.007880
58.5714290000000000 0.04356400000000000 0.007905
58.6734690000000000 0.03956200000000000 0.007626
58.7755100000000000 0.05639800000000000 0.008758
58.8775510000000000 0.04428500000000000 0.008038
58.9795920000000000 0.03378700000000000 0.007109
59.0816330000000000 0.02934900000000000 0.006561
59.1836730000000000 0.04513200000000000 0.008195
59.2857140000000000 0.07889100000000000 0.010865
59.3877550000000000 0.13126400000000000 0.013556
59.4897960000000000 0.15192700000000000 0.014759
59.5918370000000000 0.13619400000000000 0.013700
59.6938780000000000 0.15882600000000000 0.015150
59.7959180000000000 0.18776800000000000 0.016803
59.8979590000000000 0.17372400000000000 0.015880
60.0000000000000000 0.19482000000000000 0.017634
