55.0000000000000000 0.23881100000000000 0.018995
55.1020410000000000 0.19573000000000000 0.016860
55.2040820000000000 0.15310800000000000 0.014775
55.3061220000000000 0.14453300000000000 0.014100
55.4081630000000000 0.11103200000000000 0.012346
55.5102040000000000 0.09252100000000000 0.011575
55.6122450000000000 0.05994600000000000 0.008952
55.7142860000000000 0.03749500000000000 0.007106
55.8163270000000000 0.01426600000000000 0.005265
55.9183670000000000 0.02760700000000000 0.006459
56.0204080000000000 0.00786300000000000 0.004584
56.1224490000000000 0.00883300000000000 0.004648
56.2244900000000000 0.00835000000000000 0.004393
56.3265310000000000 0.00810500000000000 0.004725
56.4285710000000000 -0.0009570000000000 0.003212
56.5306120000000000 0.00567500000000000 0.004320
56.6326530000000000 -0.0020610000000000 0.003082
56.7346940000000000 -0.0052890000000000 0.002428
56.8367350000000000 -0.0010150000000000 0.003409
56.9387760000000000 -0.0009040000000000 0.003034
57.0408160000000000 0.00777700000000000 0.004534
57.1428570000000000 -0.0063620000000000 0.002176
57.2448980000000000 0.00239000000000000 0.003943
57.3469390000000000 0.00359500000000000 0.004186
57.4489800000000000 -0.0020410000000000 0.003052
57.5510200000000000 0.00651100000000000 0.004283
57.6530610000000000 0.00343200000000000 0.003996
57.7551020000000000 0.00661000000000000 0.004348
57.8571430000000000 -0.0009790000000000 0.003286
57.9591840000000000 -0.0031350000000000 0.002872
58.0612240000000000 0.00225000000000000 0.003711
58.1632650000000000 0.00243200000000000 0.004011
58.2653060000000000 -0.0021040000000000 0.003147
58.3673470000000000 -0.0043350000000000 0.002735
58.4693880000000000 -0.0031690000000000 0.002903
58.5714290000000000 0.00445900000000000 0.004077
58.6734690000000000 0.00011500000000000 0.003471
58.7755100000000000 0.00223500000000000 0.003687
58.8775510000000000 -0.0020930000000000 0.003129
58.9795920000000000 -0.0020590000000000 0.003078
59.0816330000000000 0.00428700000000000 0.003919
59.1836730000000000 0.00236900000000000 0.003907
59.2857140000000000 0.00129900000000000 0.003907
59.3877550000000000 -0.0009700000000000 0.003257
59.4897960000000000 -0.0009780000000000 0.003282
59.5918370000000000 0.00436400000000000 0.003990
59.6938780000000000 -0.0020740000000000 0.003102
59.7959180000000000 0.01011000000000000 0.004868
59.8979590000000000 0.01205000000000000 0.005008
60.0000000000000000 0.00481500000000000 0.004402
