55.0000000000000000 0.42871000000000000 0.027829
55.1020410000000000 0.43068500000000000 0.027944
55.2040820000000000 0.45801000000000000 0.029426
55.3061220000000000 0.44919000000000000 0.028665
55.4081630000000000 0.44809600000000000 0.028885
55.5102040000000000 0.39824600000000000 0.027329
55.6122450000000000 0.35282700000000000 0.024272
55.7142860000000000 0.36893900000000000 0.024586
55.8163270000000000 0.33213900000000000 0.023709
55.9183670000000000 0.36812900000000000 0.025053
56.0204080000000000 0.40073300000000000 0.027075
56.1224490000000000 0.40006800000000000 0.026859
56.2244900000000000 0.36482800000000000 0.024613
56.3265310000000000 0.37543100000000000 0.026265
56.4285710000000000 0.39450900000000000 0.026376
56.5306120000000000 0.37806000000000000 0.026082
56.6326530000000000 0.32525300000000000 0.023374
56.7346940000000000 0.30910000000000000 0.022546
56.8367350000000000 0.31999000000000000 0.023579
56.9387760000000000 0.26761900000000000 0.019928
57.0408160000000000 0.22887800000000000 0.018783
57.1428570000000000 0.19113300000000000 0.016746
57.2448980000000000 0.15001600000000000 0.014942
57.3469390000000000 0.14717900000000000 0.014929
57.4489800000000000 0.07226400000000000 0.009925
57.5510200000000000 0.03317500000000000 0.006978
57.6530610000000000 0.02333000000000000 0.006244
57.7551020000000000 0.01310600000000000 0.005118
57.8571430000000000 0.00230100000000000 0.003796
57.9591840000000000 0.00119600000000000 0.003598
58.0612240000000000 0.00118100000000000 0.003552
58.1632650000000000 0.00127600000000000 0.003839
58.2653060000000000 -0.0043250000000000 0.002729
58.3673470000000000 -0.0021090000000000 0.003154
58.4693880000000000 -0.0031690000000000 0.002903
58.5714290000000000 -0.0053170000000000 0.002441
58.6734690000000000 -0.0009810000000000 0.003293
58.7755100000000000 0.00542100000000000 0.004127
58.8775510000000000 -0.0054050000000000 0.002482
58.9795920000000000 0.00337300000000000 0.003927
59.0816330000000000 0.00219800000000000 0.003625
59.1836730000000000 -0.0032580000000000 0.002985
59.2857140000000000 0.00365000000000000 0.004250
59.3877550000000000 0.00336500000000000 0.003918
59.4897960000000000 0.00011500000000000 0.003460
59.5918370000000000 0.00542700000000000 0.004132
59.6938780000000000 0.00996600000000000 0.004799
59.7959180000000000 0.02232400000000000 0.006165
59.8979590000000000 0.03266600000000000 0.007009
60.0000000000000000 0.04586500000000000 0.008454
