55.0000000000000000 0.35975200000000000 0.024705
55.1020410000000000 0.36370700000000000 0.024910
55.2040820000000000 0.36686500000000000 0.025285
55.3061220000000000 0.33217700000000000 0.023367
55.4081630000000000 0.32640800000000000 0.023325
55.5102040000000000 0.36630400000000000 0.025837
55.6122450000000000 0.33498100000000000 0.023452
55.7142860000000000 0.28911000000000000 0.020944
55.8163270000000000 0.29839200000000000 0.022116
55.9183670000000000 0.31313800000000000 0.022515
56.0204080000000000 0.32990600000000000 0.023782
56.1224490000000000 0.37064300000000000 0.025509
56.2244900000000000 0.35452600000000000 0.024146
56.3265310000000000 0.37999400000000000 0.026479
56.4285710000000000 0.39023300000000000 0.026182
56.5306120000000000 0.37027800000000000 0.025721
56.6326530000000000 0.38614900000000000 0.026197
56.7346940000000000 0.38040400000000000 0.025858
56.8367350000000000 0.37557000000000000 0.026204
56.9387760000000000 0.38068100000000000 0.025100
57.0408160000000000 0.38102300000000000 0.026038
57.1428570000000000 0.40589500000000000 0.027007
57.2448980000000000 0.35214900000000000 0.025118
57.3469390000000000 0.35097600000000000 0.025286
57.4489800000000000 0.33933100000000000 0.023927
57.5510200000000000 0.38300200000000000 0.025828
57.6530610000000000 0.36270500000000000 0.025305
57.7551020000000000 0.39746900000000000 0.026663
57.8571430000000000 0.34343200000000000 0.024284
57.9591840000000000 0.36931800000000000 0.025374
58.0612240000000000 0.34106700000000000 0.023926
58.1632650000000000 0.38482300000000000 0.026857
58.2653060000000000 0.35099100000000000 0.024809
58.3673470000000000 0.35622400000000000 0.025079
58.4693880000000000 0.35584800000000000 0.024874
58.5714290000000000 0.37160800000000000 0.025516
58.6734690000000000 0.32665200000000000 0.023522
58.7755100000000000 0.26667700000000000 0.020357
58.8775510000000000 0.18894000000000000 0.016819
58.9795920000000000 0.12177300000000000 0.013029
59.0816330000000000 0.10766900000000000 0.011956
59.1836730000000000 0.15766800000000000 0.015297
59.2857140000000000 0.27757200000000000 0.021891
59.3877550000000000 0.32527900000000000 0.023341
59.4897960000000000 0.34196400000000000 0.024204
59.5918370000000000 0.35201200000000000 0.024373
59.6938780000000000 0.39087400000000000 0.026491
59.7959180000000000 0.38763300000000000 0.026512
59.8979590000000000 0.35384400000000000 0.024684
60.0000000000000000 0.41532000000000000 0.028472
