55.0000000000000000 0.30034300000000000 0.021947
55.1020410000000000 0.23294000000000000 0.018725
55.2040820000000000 0.19976500000000000 0.017234
55.3061220000000000 0.17510400000000000 0.015730
55.4081630000000000 0.14656900000000000 0.014363
55.5102040000000000 0.13473000000000000 0.014112
55.6122450000000000 0.09143800000000000 0.011011
55.7142860000000000 0.04052600000000000 0.007345
55.8163270000000000 0.02297500000000000 0.006148
55.9183670000000000 0.02126100000000000 0.005870
56.0204080000000000 0.00897000000000000 0.004720
56.1224490000000000 0.00338400000000000 0.003939
56.2244900000000000 0.00010800000000000 0.003264
56.3265310000000000 0.00468300000000000 0.004281
56.4285710000000000 0.00011200000000000 0.003386
56.5306120000000000 -0.0043300000000000 0.002732
56.6326530000000000 -0.0042360000000000 0.002673
56.7346940000000000 -0.0031280000000000 0.002865
56.8367350000000000 -0.0021500000000000 0.003215
56.9387760000000000 -0.0029230000000000 0.002677
57.0408160000000000 0.00339900000000000 0.003957
57.1428570000000000 0.00658800000000000 0.004334
57.2448980000000000 -0.0044230000000000 0.002791
57.3469390000000000 -0.0033520000000000 0.003071
57.4489800000000000 -0.0063480000000000 0.002171
57.5510200000000000 0.00224500000000000 0.003703
57.6530610000000000 -0.0043060000000000 0.002717
57.7551020000000000 -0.0031350000000000 0.002872
57.8571430000000000 -0.0020720000000000 0.003099
57.9591840000000000 0.00227900000000000 0.003759
58.0612240000000000 0.00866300000000000 0.004558
58.1632650000000000 0.00127600000000000 0.003839
58.2653060000000000 0.00122700000000000 0.003690
58.3673470000000000 0.00790700000000000 0.004610
58.4693880000000000 0.00011500000000000 0.003467
58.5714290000000000 -0.0009720000000000 0.003264
58.6734690000000000 -0.0020770000000000 0.003105
58.7755100000000000 0.00967000000000000 0.004656
58.8775510000000000 0.00232400000000000 0.003834
58.9795920000000000 -0.0031450000000000 0.002881
59.0816330000000000 0.00428700000000000 0.003919
59.1836730000000000 0.00574500000000000 0.004374
59.2857140000000000 0.01305500000000000 0.005427
59.3877550000000000 0.01420400000000000 0.005242
59.4897960000000000 0.01758900000000000 0.005628
59.5918370000000000 0.02988000000000000 0.006681
59.6938780000000000 0.02529000000000000 0.006388
59.7959180000000000 0.03564800000000000 0.007363
59.8979590000000000 0.03917600000000000 0.007551
60.0000000000000000 0.04469200000000000 0.008361
