55.0000000000000000 0.39264000000000000 0.026204
55.1020410000000000 0.40729600000000000 0.026892
55.2040820000000000 0.37554500000000000 0.025685
55.3061220000000000 0.36380200000000000 0.024820
55.4081630000000000 0.33071600000000000 0.023526
55.5102040000000000 0.33892600000000000 0.024544
55.6122450000000000 0.26989600000000000 0.020401
55.7142860000000000 0.21130100000000000 0.017227
55.8163270000000000 0.17864500000000000 0.016165
55.9183670000000000 0.16508400000000000 0.015227
56.0204080000000000 0.12295700000000000 0.013222
56.1224490000000000 0.08620800000000000 0.010901
56.2244900000000000 0.02792600000000000 0.006382
56.3265310000000000 0.00354200000000000 0.004124
56.4285710000000000 -0.0020260000000000 0.003029
56.5306120000000000 0.00122800000000000 0.003694
56.6326530000000000 0.00120200000000000 0.003614
56.7346940000000000 -0.0020470000000000 0.003062
56.8367350000000000 -0.0044180000000000 0.002788
56.9387760000000000 0.00111500000000000 0.003355
57.0408160000000000 0.00120900000000000 0.003637
57.1428570000000000 -0.0020450000000000 0.003058
57.2448980000000000 -0.0010160000000000 0.003413
57.3469390000000000 -0.0010360000000000 0.003480
57.4489800000000000 0.00119000000000000 0.003579
57.5510200000000000 0.00971100000000000 0.004676
57.6530610000000000 0.01559200000000000 0.005466
57.7551020000000000 0.02393300000000000 0.006217
57.8571430000000000 0.04931600000000000 0.008378
57.9591840000000000 0.06832400000000000 0.009689
58.0612240000000000 0.08134300000000000 0.010479
58.1632650000000000 0.09716300000000000 0.011947
58.2653060000000000 0.12225600000000000 0.013204
58.3673470000000000 0.12809300000000000 0.013557
58.4693880000000000 0.14678600000000000 0.014492
58.5714290000000000 0.14567000000000000 0.014376
58.6734690000000000 0.14256400000000000 0.014266
58.7755100000000000 0.11587100000000000 0.012540
58.8775510000000000 0.11164300000000000 0.012543
58.9795920000000000 0.05551200000000000 0.008805
59.0816330000000000 0.06589900000000000 0.009336
59.1836730000000000 0.08902100000000000 0.011269
59.2857140000000000 0.16118500000000000 0.015829
59.3877550000000000 0.19521300000000000 0.016992
59.4897960000000000 0.22291800000000000 0.018464
59.5918370000000000 0.22549800000000000 0.018358
59.6938780000000000 0.22668900000000000 0.018673
59.7959180000000000 0.23773400000000000 0.019355
59.8979590000000000 0.25184800000000000 0.019839
60.0000000000000000 0.27105700000000000 0.021544
