55.0000000000000000 0.39370100000000000 0.026252
55.1020410000000000 0.36689600000000000 0.025056
55.2040820000000000 0.38639600000000000 0.026183
55.3061220000000000 0.37645200000000000 0.025396
55.4081630000000000 0.37809900000000000 0.025715
55.5102040000000000 0.34463000000000000 0.024815
55.6122450000000000 0.34652800000000000 0.023983
55.7142860000000000 0.28911000000000000 0.020944
55.8163270000000000 0.30056900000000000 0.022220
55.9183670000000000 0.31525300000000000 0.022614
56.0204080000000000 0.36531900000000000 0.025439
56.1224490000000000 0.41423500000000000 0.027504
56.2244900000000000 0.38337400000000000 0.025450
56.3265310000000000 0.38455700000000000 0.026692
56.4285710000000000 0.34106700000000000 0.023926
56.5306120000000000 0.36805500000000000 0.025618
56.6326530000000000 0.35678800000000000 0.024844
56.7346940000000000 0.36095800000000000 0.024964
56.8367350000000000 0.38237600000000000 0.026522
56.9387760000000000 0.36856700000000000 0.024558
57.0408160000000000 0.37007700000000000 0.025533
57.1428570000000000 0.37891500000000000 0.025777
57.2448980000000000 0.37486100000000000 0.026185
57.3469390000000000 0.36718700000000000 0.026055
57.4489800000000000 0.36086900000000000 0.024924
57.5510200000000000 0.38620100000000000 0.025973
57.6530610000000000 0.34391200000000000 0.024428
57.7551020000000000 0.38555900000000000 0.026119
57.8571430000000000 0.38607300000000000 0.026257
57.9591840000000000 0.36065700000000000 0.024975
58.0612240000000000 0.36458200000000000 0.025010
58.1632650000000000 0.36056200000000000 0.025714
58.2653060000000000 0.34543900000000000 0.024549
58.3673470000000000 0.35065900000000000 0.024819
58.4693880000000000 0.39525200000000000 0.026691
58.5714290000000000 0.38138400000000000 0.025966
58.6734690000000000 0.37157800000000000 0.025615
58.7755100000000000 0.29428900000000000 0.021672
58.8775510000000000 0.20550300000000000 0.017676
58.9795920000000000 0.11199700000000000 0.012458
59.0816330000000000 0.10035900000000000 0.011522
59.1836730000000000 0.16104400000000000 0.015481
59.2857140000000000 0.25641100000000000 0.020834
59.3877550000000000 0.31769200000000000 0.022985
59.4897960000000000 0.33104300000000000 0.023693
59.5918370000000000 0.32118100000000000 0.022945
59.6938780000000000 0.35913100000000000 0.025027
59.7959180000000000 0.36209500000000000 0.025327
59.8979590000000000 0.34624800000000000 0.024331
60.0000000000000000 0.38951700000000000 0.027262
