55.0000000000000000 0.37778700000000000 0.025529
55.1020410000000000 0.38603300000000000 0.025929
55.2040820000000000 0.39399100000000000 0.026530
55.3061220000000000 0.38383100000000000 0.025731
55.4081630000000000 0.35979200000000000 0.024874
55.5102040000000000 0.39140100000000000 0.027011
55.6122450000000000 0.35072700000000000 0.024176
55.7142860000000000 0.30830900000000000 0.021832
55.8163270000000000 0.31363300000000000 0.022839
55.9183670000000000 0.33534500000000000 0.023547
56.0204080000000000 0.32990600000000000 0.023782
56.1224490000000000 0.40551700000000000 0.027108
56.2244900000000000 0.34010200000000000 0.023489
56.3265310000000000 0.35375600000000000 0.025246
56.4285710000000000 0.33144800000000000 0.023480
56.5306120000000000 0.31914500000000000 0.023321
56.6326530000000000 0.25783300000000000 0.020152
56.7346940000000000 0.21726800000000000 0.018086
56.8367350000000000 0.11354800000000000 0.012833
56.9387760000000000 0.03140000000000000 0.006601
57.0408160000000000 -0.0031690000000000 0.002903
57.1428570000000000 -0.0020450000000000 0.003058
57.2448980000000000 0.00125500000000000 0.003774
57.3469390000000000 0.00012100000000000 0.003668
57.4489800000000000 0.00011300000000000 0.003411
57.5510200000000000 0.00011200000000000 0.003379
57.6530610000000000 0.00564300000000000 0.004296
57.7551020000000000 0.00119600000000000 0.003598
57.8571430000000000 0.02963600000000000 0.006777
57.9591840000000000 0.07373800000000000 0.010053
58.0612240000000000 0.09416900000000000 0.011285
58.1632650000000000 0.11449200000000000 0.013012
58.2653060000000000 0.16222900000000000 0.015443
58.3673470000000000 0.16815500000000000 0.015780
58.4693880000000000 0.21574400000000000 0.018122
58.5714290000000000 0.21519000000000000 0.018028
58.6734690000000000 0.23570400000000000 0.019133
58.7755100000000000 0.20401800000000000 0.017273
58.8775510000000000 0.12710300000000000 0.013446
58.9795920000000000 0.07289200000000000 0.010014
59.0816330000000000 0.07425300000000000 0.009892
59.1836730000000000 0.10027500000000000 0.011976
59.2857140000000000 0.21526400000000000 0.018730
59.3877550000000000 0.28300800000000000 0.021338
59.4897960000000000 0.29063200000000000 0.021779
59.5918370000000000 0.31799100000000000 0.022797
59.6938780000000000 0.32957800000000000 0.023648
59.7959180000000000 0.30102500000000000 0.022445
59.8979590000000000 0.33756800000000000 0.023927
60.0000000000000000 0.32031800000000000 0.023961
