55.0000000000000000 0.39264000000000000 0.026204
55.1020410000000000 0.35945400000000000 0.024715
55.2040820000000000 0.36795000000000000 0.025335
55.3061220000000000 0.36907300000000000 0.025061
55.4081630000000000 0.35979200000000000 0.024874
55.5102040000000000 0.35717800000000000 0.025408
55.6122450000000000 0.36542400000000000 0.024847
55.7142860000000000 0.32043500000000000 0.022389
55.8163270000000000 0.30056900000000000 0.022220
55.9183670000000000 0.31313800000000000 0.022515
56.0204080000000000 0.34207900000000000 0.024355
56.1224490000000000 0.34121900000000000 0.024145
56.2244900000000000 0.41943300000000000 0.027062
56.3265310000000000 0.32980000000000000 0.024109
56.4285710000000000 0.33999900000000000 0.023877
56.5306120000000000 0.35471600000000000 0.024996
56.6326530000000000 0.38614900000000000 0.026197
56.7346940000000000 0.35231500000000000 0.024565
56.8367350000000000 0.40052400000000000 0.027365
56.9387760000000000 0.37159500000000000 0.024694
57.0408160000000000 0.35147000000000000 0.024671
57.1428570000000000 0.37136000000000000 0.025431
57.2448980000000000 0.39643700000000000 0.027190
57.3469390000000000 0.38108200000000000 0.026709
57.4489800000000000 0.36194500000000000 0.024973
57.5510200000000000 0.40113300000000000 0.026651
57.6530610000000000 0.38370800000000000 0.026278
57.7551020000000000 0.37473200000000000 0.025623
57.8571430000000000 0.38170000000000000 0.026056
57.9591840000000000 0.37148400000000000 0.025473
58.0612240000000000 0.35710000000000000 0.024666
58.1632650000000000 0.42641200000000000 0.028794
58.2653060000000000 0.39540600000000000 0.026870
58.3673470000000000 0.36735200000000000 0.025598
58.4693880000000000 0.36351000000000000 0.025230
58.5714290000000000 0.37269400000000000 0.025566
58.6734690000000000 0.31459900000000000 0.022953
58.7755100000000000 0.28366900000000000 0.021169
58.8775510000000000 0.21212800000000000 0.018014
58.9795920000000000 0.11416900000000000 0.012586
59.0816330000000000 0.10766900000000000 0.011956
59.1836730000000000 0.17004700000000000 0.015969
59.2857140000000000 0.26699200000000000 0.021365
59.3877550000000000 0.33286700000000000 0.023696
59.4897960000000000 0.36380800000000000 0.025219
59.5918370000000000 0.34882300000000000 0.024227
59.6938780000000000 0.35803700000000000 0.024976
59.7959180000000000 0.37652900000000000 0.025998
59.8979590000000000 0.34190800000000000 0.024129
60.0000000000000000 0.34846700000000000 0.025315
