55.0000000000000000 0.37672700000000000 0.025481
55.1020410000000000 0.37008600000000000 0.025202
55.2040820000000000 0.37663000000000000 0.025735
55.3061220000000000 0.38910200000000000 0.025970
55.4081630000000000 0.40825100000000000 0.027088
55.5102040000000000 0.36402300000000000 0.025730
55.6122450000000000 0.32343400000000000 0.022918
55.7142860000000000 0.30224600000000000 0.021552
55.8163270000000000 0.29077200000000000 0.021753
55.9183670000000000 0.30573500000000000 0.022169
56.0204080000000000 0.31330500000000000 0.022996
56.1224490000000000 0.36410500000000000 0.025208
56.2244900000000000 0.40810000000000000 0.026557
56.3265310000000000 0.35489700000000000 0.025300
56.4285710000000000 0.34106700000000000 0.023926
56.5306120000000000 0.37250200000000000 0.025824
56.6326530000000000 0.33395200000000000 0.023782
56.7346940000000000 0.36744000000000000 0.025263
56.8367350000000000 0.33019800000000000 0.024066
56.9387760000000000 0.34837700000000000 0.023649
57.0408160000000000 0.36788800000000000 0.025432
57.1428570000000000 0.34977600000000000 0.024435
57.2448980000000000 0.33965800000000000 0.024528
57.3469390000000000 0.33823800000000000 0.024679
57.4489800000000000 0.35871500000000000 0.024824
57.5510200000000000 0.36807000000000000 0.025146
57.6530610000000000 0.38039200000000000 0.026125
57.7551020000000000 0.37256700000000000 0.025523
57.8571430000000000 0.37295300000000000 0.025654
57.9591840000000000 0.35524300000000000 0.024724
58.0612240000000000 0.36671900000000000 0.025108
58.1632650000000000 0.36402800000000000 0.025878
58.2653060000000000 0.40650900000000000 0.027380
58.3673470000000000 0.37625500000000000 0.026011
58.4693880000000000 0.36022600000000000 0.025077
58.5714290000000000 0.37269400000000000 0.025566
58.6734690000000000 0.34199300000000000 0.024241
58.7755100000000000 0.29110300000000000 0.021522
58.8775510000000000 0.20550300000000000 0.017676
58.9795920000000000 0.10765200000000000 0.012201
59.0816330000000000 0.11080200000000000 0.012139
59.1836730000000000 0.15316700000000000 0.015049
59.2857140000000000 0.24465500000000000 0.020240
59.3877550000000000 0.33611800000000000 0.023848
59.4897960000000000 0.40640300000000000 0.027174
59.5918370000000000 0.34988600000000000 0.024275
59.6938780000000000 0.35256400000000000 0.024722
59.7959180000000000 0.34655000000000000 0.024601
59.8979590000000000 0.34516300000000000 0.024281
60.0000000000000000 0.37075100000000000 0.026376
