55.0000000000000000 0.38415300000000000 0.025819
55.1020410000000000 0.40729600000000000 0.026892
55.2040820000000000 0.38205600000000000 0.025984
55.3061220000000000 0.37223500000000000 0.025205
55.4081630000000000 0.35763800000000000 0.024775
55.5102040000000000 0.35489700000000000 0.025300
55.6122450000000000 0.31818500000000000 0.022674
55.7142860000000000 0.27900500000000000 0.020472
55.8163270000000000 0.21892400000000000 0.018235
55.9183670000000000 0.19046500000000000 0.016548
56.0204080000000000 0.18603800000000000 0.016685
56.1224490000000000 0.15486500000000000 0.014903
56.2244900000000000 0.10313600000000000 0.011607
56.3265310000000000 0.06970600000000000 0.010067
56.4285710000000000 0.02255700000000000 0.006036
56.5306120000000000 0.00122800000000000 0.003694
56.6326530000000000 -0.0042360000000000 0.002673
56.7346940000000000 -0.0031280000000000 0.002865
56.8367350000000000 0.00238800000000000 0.003938
56.9387760000000000 -0.0009040000000000 0.003034
57.0408160000000000 0.00120900000000000 0.003637
57.1428570000000000 -0.0020450000000000 0.003058
57.2448980000000000 -0.0044230000000000 0.002791
57.3469390000000000 0.00706900000000000 0.004651
57.4489800000000000 0.00226700000000000 0.003739
57.5510200000000000 -0.0009550000000000 0.003205
57.6530610000000000 -0.0076220000000000 0.001941
57.7551020000000000 0.00552700000000000 0.004208
57.8571430000000000 0.00011500000000000 0.003464
57.9591840000000000 0.00661000000000000 0.004348
58.0612240000000000 0.02255700000000000 0.006036
58.1632650000000000 0.03477900000000000 0.007468
58.2653060000000000 0.03675800000000000 0.007456
58.3673470000000000 0.06243500000000000 0.009425
58.4693880000000000 0.05046500000000000 0.008470
58.5714290000000000 0.07615100000000000 0.010231
58.6734690000000000 0.09873400000000000 0.011715
58.7755100000000000 0.08401100000000000 0.010613
58.8775510000000000 0.06637000000000000 0.009659
58.9795920000000000 0.04247700000000000 0.007819
59.0816330000000000 0.04396900000000000 0.007757
59.1836730000000000 0.04175600000000000 0.007926
59.2857140000000000 0.13061800000000000 0.014090
59.3877550000000000 0.15510900000000000 0.014876
59.4897960000000000 0.19233700000000000 0.016906
59.5918370000000000 0.17127800000000000 0.015594
59.6938780000000000 0.17852900000000000 0.016202
59.7959180000000000 0.18110600000000000 0.016452
59.8979590000000000 0.20302000000000000 0.017401
60.0000000000000000 0.21945000000000000 0.018926
