55.0000000000000000 0.38627500000000000 0.025915
55.1020410000000000 0.36158000000000000 0.024813
55.2040820000000000 0.32563200000000000 0.023369
55.3061220000000000 0.33428500000000000 0.023465
55.4081630000000000 0.24995000000000000 0.019676
55.5102040000000000 0.25907300000000000 0.020672
55.6122450000000000 0.18066700000000000 0.015986
55.7142860000000000 0.12641900000000000 0.012819
55.8163270000000000 0.05236700000000000 0.008586
55.9183670000000000 0.00857100000000000 0.004510
56.0204080000000000 0.00122300000000000 0.003678
56.1224490000000000 0.00120400000000000 0.003621
56.2244900000000000 0.00319900000000000 0.003724
56.3265310000000000 -0.0010210000000000 0.003428
56.4285710000000000 0.00011200000000000 0.003386
56.5306120000000000 -0.0032180000000000 0.002948
56.6326530000000000 0.00555100000000000 0.004226
56.7346940000000000 0.00875600000000000 0.004607
56.8367350000000000 0.03187900000000000 0.007134
56.9387760000000000 0.04856100000000000 0.007949
57.0408160000000000 0.04499200000000000 0.008052
57.1428570000000000 0.03248900000000000 0.006970
57.2448980000000000 0.01828800000000000 0.005853
57.3469390000000000 0.00591100000000000 0.004501
57.4489800000000000 0.00442100000000000 0.004041
57.5510200000000000 -0.0030880000000000 0.002829
57.6530610000000000 0.00343200000000000 0.003996
57.7551020000000000 0.00336200000000000 0.003914
57.8571430000000000 0.00230100000000000 0.003796
57.9591840000000000 -0.0009690000000000 0.003254
58.0612240000000000 0.00331900000000000 0.003864
58.1632650000000000 0.00474200000000000 0.004336
58.2653060000000000 0.00011600000000000 0.003518
58.3673470000000000 -0.0009960000000000 0.003344
58.4693880000000000 0.00230400000000000 0.003800
58.5714290000000000 0.00120000000000000 0.003610
58.6734690000000000 0.00230600000000000 0.003804
58.7755100000000000 0.00754600000000000 0.004399
58.8775510000000000 -0.0020930000000000 0.003129
58.9795920000000000 0.00011400000000000 0.003441
59.0816330000000000 -0.0009350000000000 0.003138
59.1836730000000000 0.01024600000000000 0.004934
59.2857140000000000 0.00247500000000000 0.004082
59.3877550000000000 0.02829500000000000 0.006621
59.4897960000000000 0.03397200000000000 0.007148
59.5918370000000000 0.04901600000000000 0.008222
59.6938780000000000 0.08111200000000000 0.010598
59.7959180000000000 0.06562800000000000 0.009637
59.8979590000000000 0.08583400000000000 0.010852
60.0000000000000000 0.09747200000000000 0.012062
