55.0000000000000000 0.37778700000000000 0.025529
55.1020410000000000 0.38284300000000000 0.025784
55.2040820000000000 0.36686500000000000 0.025285
55.3061220000000000 0.37223500000000000 0.025205
55.4081630000000000 0.36409900000000000 0.025072
55.5102040000000000 0.33778500000000000 0.024490
55.6122450000000000 0.35912500000000000 0.024560
55.7142860000000000 0.31740400000000000 0.022250
55.8163270000000000 0.29621500000000000 0.022012
55.9183670000000000 0.33957600000000000 0.023743
56.0204080000000000 0.33543900000000000 0.024043
56.1224490000000000 0.37173300000000000 0.025560
56.2244900000000000 0.36585900000000000 0.024660
56.3265310000000000 0.35603800000000000 0.025354
56.4285710000000000 0.38061400000000000 0.025743
56.5306120000000000 0.37472500000000000 0.025927
56.6326530000000000 0.37636200000000000 0.025748
56.7346940000000000 0.36852000000000000 0.025312
56.8367350000000000 0.34494400000000000 0.024765
56.9387760000000000 0.33424500000000000 0.023008
57.0408160000000000 0.36460400000000000 0.025280
57.1428570000000000 0.38107300000000000 0.025876
57.2448980000000000 0.41233500000000000 0.027925
57.3469390000000000 0.36487100000000000 0.025945
57.4489800000000000 0.33287000000000000 0.023626
57.5510200000000000 0.37553600000000000 0.025487
57.6530610000000000 0.36159900000000000 0.025254
57.7551020000000000 0.41154400000000000 0.027303
57.8571430000000000 0.34671200000000000 0.024437
57.9591840000000000 0.38014600000000000 0.025871
58.0612240000000000 0.35603100000000000 0.024617
58.1632650000000000 0.38828800000000000 0.027019
58.2653060000000000 0.35321200000000000 0.024913
58.3673470000000000 0.38849600000000000 0.026578
58.4693880000000000 0.37226600000000000 0.025634
58.5714290000000000 0.35314200000000000 0.024663
58.6734690000000000 0.34528000000000000 0.024395
58.7755100000000000 0.29641300000000000 0.021773
58.8775510000000000 0.18562700000000000 0.016645
58.9795920000000000 0.09353100000000000 0.011342
59.0816330000000000 0.10453700000000000 0.011771
59.1836730000000000 0.12840900000000000 0.013652
59.2857140000000000 0.26464000000000000 0.021247
59.3877550000000000 0.32094400000000000 0.023137
59.4897960000000000 0.35616300000000000 0.024864
59.5918370000000000 0.36583300000000000 0.025008
59.6938780000000000 0.36679300000000000 0.025382
59.7959180000000000 0.35654300000000000 0.025069
59.8979590000000000 0.34950400000000000 0.024483
60.0000000000000000 0.31914500000000000 0.023904
