55.0000000000000000 0.39794400000000000 0.026444
55.1020410000000000 0.38071700000000000 0.025687
55.2040820000000000 0.37120500000000000 0.025485
55.3061220000000000 0.35431400000000000 0.024386
55.4081630000000000 0.36302200000000000 0.025023
55.5102040000000000 0.34691100000000000 0.024923
55.6122450000000000 0.28249300000000000 0.021000
55.7142860000000000 0.22443800000000000 0.017871
55.8163270000000000 0.18844300000000000 0.016677
55.9183670000000000 0.24439900000000000 0.019240
56.0204080000000000 0.19821100000000000 0.017319
56.1224490000000000 0.18973800000000000 0.016753
56.2244900000000000 0.15877200000000000 0.014702
56.3265310000000000 0.10278800000000000 0.012217
56.4285710000000000 0.07386100000000000 0.009991
56.5306120000000000 0.05125000000000000 0.008605
56.6326530000000000 0.03926100000000000 0.007567
56.7346940000000000 0.00227400000000000 0.003751
56.8367350000000000 0.00692500000000000 0.004556
56.9387760000000000 -0.0029230000000000 0.002677
57.0408160000000000 -0.0009800000000000 0.003290
57.1428570000000000 0.00119200000000000 0.003586
57.2448980000000000 -0.0021520000000000 0.003218
57.3469390000000000 -0.0021940000000000 0.003282
57.4489800000000000 -0.0009640000000000 0.003236
57.5510200000000000 0.00011200000000000 0.003379
57.6530610000000000 -0.0009890000000000 0.003322
57.7551020000000000 0.00444400000000000 0.004063
57.8571430000000000 0.00230100000000000 0.003796
57.9591840000000000 -0.0020520000000000 0.003068
58.0612240000000000 0.00011200000000000 0.003386
58.1632650000000000 -0.0033450000000000 0.003064
58.2653060000000000 0.00011600000000000 0.003518
58.3673470000000000 -0.0021090000000000 0.003154
58.4693880000000000 -0.0020740000000000 0.003102
58.5714290000000000 -0.0053170000000000 0.002441
58.6734690000000000 -0.0064600000000000 0.002209
58.7755100000000000 -0.0041370000000000 0.002610
58.8775510000000000 -0.0043010000000000 0.002714
58.9795920000000000 -0.0020590000000000 0.003078
59.0816330000000000 0.00428700000000000 0.003919
59.1836730000000000 -0.0032580000000000 0.002985
59.2857140000000000 0.01540700000000000 0.005688
59.3877550000000000 0.01528800000000000 0.005359
59.4897960000000000 0.02523500000000000 0.006374
59.5918370000000000 0.04370000000000000 0.007817
59.6938780000000000 0.03951900000000000 0.007618
59.7959180000000000 0.03786900000000000 0.007548
59.8979590000000000 0.02832500000000000 0.006629
60.0000000000000000 0.06697700000000000 0.010030
