55.0000000000000000 0.39582200000000000 0.026348
55.1020410000000000 0.34776000000000000 0.024178
55.2040820000000000 0.35818400000000000 0.024885
55.3061220000000000 0.33744700000000000 0.023611
55.4081630000000000 0.36409900000000000 0.025072
55.5102040000000000 0.33778500000000000 0.024490
55.6122450000000000 0.32238400000000000 0.022869
55.7142860000000000 0.28304700000000000 0.020661
55.8163270000000000 0.30927800000000000 0.022633
55.9183670000000000 0.31102200000000000 0.022416
56.0204080000000000 0.36199900000000000 0.025285
56.1224490000000000 0.38045200000000000 0.025961
56.2244900000000000 0.36998000000000000 0.024846
56.3265310000000000 0.35831900000000000 0.025461
56.4285710000000000 0.41374800000000000 0.027247
56.5306120000000000 0.38139400000000000 0.026236
56.6326530000000000 0.34917600000000000 0.024491
56.7346940000000000 0.38256500000000000 0.025957
56.8367350000000000 0.37670400000000000 0.026257
56.9387760000000000 0.41298400000000000 0.026536
57.0408160000000000 0.35365900000000000 0.024773
57.1428570000000000 0.38107300000000000 0.025876
57.2448980000000000 0.38962300000000000 0.026873
57.3469390000000000 0.35676500000000000 0.025561
57.4489800000000000 0.34686900000000000 0.024277
57.5510200000000000 0.36380400000000000 0.024950
57.6530610000000000 0.37818100000000000 0.026023
57.7551020000000000 0.36931800000000000 0.025374
57.8571430000000000 0.38170000000000000 0.026056
57.9591840000000000 0.37040100000000000 0.025424
58.0612240000000000 0.36778800000000000 0.025157
58.1632650000000000 0.40792800000000000 0.027936
58.2653060000000000 0.32767300000000000 0.023713
58.3673470000000000 0.36178800000000000 0.025339
58.4693880000000000 0.35584800000000000 0.024874
58.5714290000000000 0.35965900000000000 0.024965
58.6734690000000000 0.34528000000000000 0.024395
58.7755100000000000 0.29960000000000000 0.021923
58.8775510000000000 0.20992000000000000 0.017902
58.9795920000000000 0.11851400000000000 0.012840
59.0816330000000000 0.08887300000000000 0.010823
59.1836730000000000 0.15316700000000000 0.015049
59.2857140000000000 0.26934300000000000 0.021482
59.3877550000000000 0.32419500000000000 0.023290
59.4897960000000000 0.35725500000000000 0.024915
59.5918370000000000 0.34882300000000000 0.024227
59.6938780000000000 0.41604900000000000 0.027640
59.7959180000000000 0.36098400000000000 0.025276
59.8979590000000000 0.37771500000000000 0.025785
60.0000000000000000 0.34377500000000000 0.025091
