55.0000000000000000 0.35444800000000000 0.024462
55.1020410000000000 0.36477000000000000 0.024959
55.2040820000000000 0.39507600000000000 0.026579
55.3061220000000000 0.39753600000000000 0.026351
55.4081630000000000 0.38132900000000000 0.025863
55.5102040000000000 0.31725200000000000 0.023509
55.6122450000000000 0.33078200000000000 0.023258
55.7142860000000000 0.34872900000000000 0.023676
55.8163270000000000 0.31036700000000000 0.022684
55.9183670000000000 0.34592100000000000 0.024035
56.0204080000000000 0.34650600000000000 0.024562
56.1224490000000000 0.39026000000000000 0.026411
56.2244900000000000 0.34525300000000000 0.023724
56.3265310000000000 0.34234800000000000 0.024706
56.4285710000000000 0.38275200000000000 0.025841
56.5306120000000000 0.36360900000000000 0.025411
56.6326530000000000 0.38614900000000000 0.026197
56.7346940000000000 0.35447600000000000 0.024665
56.8367350000000000 0.35288400000000000 0.025140
56.9387760000000000 0.39582300000000000 0.025775
57.0408160000000000 0.36788800000000000 0.025432
57.1428570000000000 0.38323200000000000 0.025975
57.2448980000000000 0.37259000000000000 0.026078
57.3469390000000000 0.37529200000000000 0.026437
57.4489800000000000 0.34148500000000000 0.024027
57.5510200000000000 0.34353900000000000 0.024018
57.6530610000000000 0.35275500000000000 0.024842
57.7551020000000000 0.38447600000000000 0.026069
57.8571430000000000 0.37623300000000000 0.025805
57.9591840000000000 0.37148400000000000 0.025473
58.0612240000000000 0.35068700000000000 0.024371
58.1632650000000000 0.34207800000000000 0.024836
58.2653060000000000 0.41206100000000000 0.027635
58.3673470000000000 0.37736700000000000 0.026063
58.4693880000000000 0.37773900000000000 0.025887
58.5714290000000000 0.35422800000000000 0.024714
58.6734690000000000 0.37048300000000000 0.025565
58.7755100000000000 0.29216500000000000 0.021572
58.8775510000000000 0.21544100000000000 0.018183
58.9795920000000000 0.11525500000000000 0.012650
59.0816330000000000 0.10244800000000000 0.011647
59.1836730000000000 0.15429200000000000 0.015111
59.2857140000000000 0.26934300000000000 0.021482
59.3877550000000000 0.32419500000000000 0.023290
59.4897960000000000 0.36162400000000000 0.025117
59.5918370000000000 0.35201200000000000 0.024373
59.6938780000000000 0.38321200000000000 0.026139
59.7959180000000000 0.32878400000000000 0.023765
59.8979590000000000 0.34190800000000000 0.024129
60.0000000000000000 0.36840500000000000 0.026265
