55.0000000000000000 0.38945700000000000 0.026060
55.1020410000000000 0.34882300000000000 0.024227
55.2040820000000000 0.35275900000000000 0.024633
55.3061220000000000 0.31531000000000000 0.022584
55.4081630000000000 0.34363800000000000 0.024127
55.5102040000000000 0.29215500000000000 0.022297
55.6122450000000000 0.23315500000000000 0.018624
55.7142860000000000 0.19109100000000000 0.016221
55.8163270000000000 0.18082300000000000 0.016279
55.9183670000000000 0.12701400000000000 0.013150
56.0204080000000000 0.08090300000000000 0.010647
56.1224490000000000 0.03171800000000000 0.006946
56.2244900000000000 0.00216900000000000 0.003577
56.3265310000000000 -0.0010210000000000 0.003428
56.4285710000000000 0.00331900000000000 0.003864
56.5306120000000000 0.00011700000000000 0.003521
56.6326530000000000 0.00446400000000000 0.004081
56.7346940000000000 0.00551500000000000 0.004199
56.8367350000000000 0.00011900000000000 0.003593
56.9387760000000000 0.00212500000000000 0.003505
57.0408160000000000 -0.0020740000000000 0.003102
57.1428570000000000 0.00227200000000000 0.003747
57.2448980000000000 -0.0010160000000000 0.003413
57.3469390000000000 0.00938500000000000 0.004939
57.4489800000000000 0.01088200000000000 0.004847
57.5510200000000000 0.01504400000000000 0.005273
57.6530610000000000 0.04101800000000000 0.007784
57.7551020000000000 0.05858000000000000 0.009010
57.8571430000000000 0.08102400000000000 0.010586
57.9591840000000000 0.08673100000000000 0.010896
58.0612240000000000 0.10699500000000000 0.012060
58.1632650000000000 0.11911300000000000 0.013288
58.2653060000000000 0.13336000000000000 0.013842
58.3673470000000000 0.15813900000000000 0.015237
58.4693880000000000 0.13036800000000000 0.013573
58.5714290000000000 0.17174000000000000 0.015784
58.6734690000000000 0.15900100000000000 0.015168
58.7755100000000000 0.14666900000000000 0.014269
58.8775510000000000 0.12710300000000000 0.013446
58.9795920000000000 0.07832300000000000 0.010373
59.0816330000000000 0.06381000000000000 0.009193
59.1836730000000000 0.07889300000000000 0.010611
59.2857140000000000 0.16823900000000000 0.016218
59.3877550000000000 0.21905900000000000 0.018204
59.4897960000000000 0.22837900000000000 0.018738
59.5918370000000000 0.25739200000000000 0.019919
59.6938780000000000 0.27375600000000000 0.020988
59.7959180000000000 0.25994100000000000 0.020454
59.8979590000000000 0.26052900000000000 0.020263
60.0000000000000000 0.27692100000000000 0.021835
