55.0000000000000000 0.37566600000000000 0.025433
55.1020410000000000 0.37965400000000000 0.025639
55.2040820000000000 0.36903500000000000 0.025385
55.3061220000000000 0.39437300000000000 0.026208
55.4081630000000000 0.37056000000000000 0.025369
55.5102040000000000 0.36858600000000000 0.025944
55.6122450000000000 0.34232900000000000 0.023790
55.7142860000000000 0.29618300000000000 0.021272
55.8163270000000000 0.28859500000000000 0.021649
55.9183670000000000 0.31948300000000000 0.022811
56.0204080000000000 0.34982600000000000 0.024717
56.1224490000000000 0.38808000000000000 0.026311
56.2244900000000000 0.35040400000000000 0.023959
56.3265310000000000 0.37657100000000000 0.026319
56.4285710000000000 0.38061400000000000 0.025743
56.5306120000000000 0.36360900000000000 0.025411
56.6326530000000000 0.36983700000000000 0.025447
56.7346940000000000 0.37392200000000000 0.025561
56.8367350000000000 0.37103300000000000 0.025992
56.9387760000000000 0.35948200000000000 0.024150
57.0408160000000000 0.33286200000000000 0.023802
57.1428570000000000 0.35193500000000000 0.024535
57.2448980000000000 0.36009800000000000 0.025492
57.3469390000000000 0.38455600000000000 0.026872
57.4489800000000000 0.34686900000000000 0.024277
57.5510200000000000 0.39260100000000000 0.026264
57.6530610000000000 0.35496600000000000 0.024945
57.7551020000000000 0.38555900000000000 0.026119
57.8571430000000000 0.37404600000000000 0.025704
57.9591840000000000 0.36823600000000000 0.025324
58.0612240000000000 0.35389300000000000 0.024519
58.1632650000000000 0.41254900000000000 0.028151
58.2653060000000000 0.35876400000000000 0.025172
58.3673470000000000 0.35511100000000000 0.025027
58.4693880000000000 0.35365900000000000 0.024773
58.5714290000000000 0.37812600000000000 0.025816
58.6734690000000000 0.35514200000000000 0.024854
58.7755100000000000 0.30703400000000000 0.022273
58.8775510000000000 0.19666900000000000 0.017221
58.9795920000000000 0.11091000000000000 0.012394
59.0816330000000000 0.12020100000000000 0.012681
59.1836730000000000 0.16892200000000000 0.015908
59.2857140000000000 0.26581600000000000 0.021306
59.3877550000000000 0.33937000000000000 0.023999
59.4897960000000000 0.34961000000000000 0.024560
59.5918370000000000 0.39985400000000000 0.026555
59.6938780000000000 0.36569900000000000 0.025331
59.7959180000000000 0.34988100000000000 0.024757
59.8979590000000000 0.37229000000000000 0.025535
60.0000000000000000 0.38013400000000000 0.026820
