55.0000000000000000 0.38733500000000000 0.025963
55.1020410000000000 0.36477000000000000 0.024959
55.2040820000000000 0.35601400000000000 0.024784
55.3061220000000000 0.33112200000000000 0.023318
55.4081630000000000 0.37271400000000000 0.025468
55.5102040000000000 0.32751900000000000 0.024001
55.6122450000000000 0.37487100000000000 0.025277
55.7142860000000000 0.30022500000000000 0.021459
55.8163270000000000 0.28968300000000000 0.021701
55.9183670000000000 0.29516000000000000 0.021671
56.0204080000000000 0.31441200000000000 0.023049
56.1224490000000000 0.34121900000000000 0.024145
56.2244900000000000 0.37307100000000000 0.024986
56.3265310000000000 0.33778500000000000 0.024490
56.4285710000000000 0.35603100000000000 0.024617
56.5306120000000000 0.36694400000000000 0.025566
56.6326530000000000 0.33939000000000000 0.024036
56.7346940000000000 0.37068100000000000 0.025412
56.8367350000000000 0.39371900000000000 0.027050
56.9387760000000000 0.37664300000000000 0.024920
57.0408160000000000 0.35803700000000000 0.024976
57.1428570000000000 0.31524200000000000 0.022824
57.2448980000000000 0.38167400000000000 0.026503
57.3469390000000000 0.37181800000000000 0.026273
57.4489800000000000 0.37271400000000000 0.025468
57.5510200000000000 0.36273700000000000 0.024902
57.6530610000000000 0.34501700000000000 0.024480
57.7551020000000000 0.38014600000000000 0.025871
57.8571430000000000 0.39700700000000000 0.026758
57.9591840000000000 0.39205500000000000 0.026416
58.0612240000000000 0.32717300000000000 0.023281
58.1632650000000000 0.42179100000000000 0.028580
58.2653060000000000 0.37541900000000000 0.025947
58.3673470000000000 0.37848000000000000 0.026115
58.4693880000000000 0.38430600000000000 0.026189
58.5714290000000000 0.36943600000000000 0.025416
58.6734690000000000 0.37048300000000000 0.025565
58.7755100000000000 0.31234400000000000 0.022522
58.8775510000000000 0.19446100000000000 0.017106
58.9795920000000000 0.10873800000000000 0.012265
59.0816330000000000 0.11497900000000000 0.012381
59.1836730000000000 0.15541700000000000 0.015173
59.2857140000000000 0.25641100000000000 0.020834
59.3877550000000000 0.32744700000000000 0.023442
59.4897960000000000 0.32776600000000000 0.023539
59.5918370000000000 0.34244400000000000 0.023932
59.6938780000000000 0.29674100000000000 0.022093
59.7959180000000000 0.36542600000000000 0.025483
59.8979590000000000 0.34190800000000000 0.024129
60.0000000000000000 0.41649300000000000 0.028527
