55.0000000000000000 0.04997300000000000 0.008284
55.1020410000000000 0.03306900000000000 0.006956
55.2040820000000000 0.01096400000000000 0.004884
55.3061220000000000 0.00116500000000000 0.003503
55.4081630000000000 0.00226700000000000 0.003739
55.5102040000000000 0.00240100000000000 0.003961
55.6122450000000000 -0.0009400000000000 0.003155
55.7142860000000000 -0.0029250000000000 0.002680
55.8163270000000000 0.00011400000000000 0.003449
55.9183670000000000 -0.0009470000000000 0.003178
56.0204080000000000 -0.0032040000000000 0.002935
56.1224490000000000 0.00011400000000000 0.003452
56.2244900000000000 0.00113800000000000 0.003424
56.3265310000000000 -0.0033030000000000 0.003026
56.4285710000000000 -0.0020260000000000 0.003029
56.5306120000000000 0.00122800000000000 0.003694
56.6326530000000000 0.00881300000000000 0.004637
56.7346940000000000 -0.0020470000000000 0.003062
56.8367350000000000 -0.0044180000000000 0.002788
56.9387760000000000 -0.0019130000000000 0.002861
57.0408160000000000 0.00011500000000000 0.003467
57.1428570000000000 -0.0020450000000000 0.003058
57.2448980000000000 0.00579700000000000 0.004414
57.3469390000000000 0.00706900000000000 0.004651
57.4489800000000000 -0.0020410000000000 0.003052
57.5510200000000000 0.00011200000000000 0.003379
57.6530610000000000 0.00564300000000000 0.004296
57.7551020000000000 0.00119600000000000 0.003598
57.8571430000000000 0.00230100000000000 0.003796
57.9591840000000000 -0.0042170000000000 0.002661
58.0612240000000000 0.00331900000000000 0.003864
58.1632650000000000 -0.0010340000000000 0.003472
58.2653060000000000 -0.0043250000000000 0.002729
58.3673470000000000 -0.0009960000000000 0.003344
58.4693880000000000 0.00120900000000000 0.003637
58.5714290000000000 -0.0031450000000000 0.002881
58.6734690000000000 0.00011500000000000 0.003471
58.7755100000000000 0.00011100000000000 0.003364
58.8775510000000000 0.00011600000000000 0.003498
58.9795920000000000 0.00771800000000000 0.004499
59.0816330000000000 0.00324200000000000 0.003775
59.1836730000000000 0.00124300000000000 0.003740
59.2857140000000000 0.00129900000000000 0.003907
59.3877550000000000 -0.0009700000000000 0.003257
59.4897960000000000 -0.0020700000000000 0.003095
59.5918370000000000 0.00436400000000000 0.003990
59.6938780000000000 0.00339900000000000 0.003957
59.7959180000000000 -0.0021040000000000 0.003147
59.8979590000000000 0.00553900000000000 0.004217
60.0000000000000000 0.01067900000000000 0.005143
