55.0000000000000000 0.33535200000000000 0.023581
55.1020410000000000 0.34138100000000000 0.023883
55.2040820000000000 0.34841900000000000 0.024432
55.3061220000000000 0.32796000000000000 0.023172
55.4081630000000000 0.29194800000000000 0.021700
55.5102040000000000 0.23625800000000000 0.019530
55.6122450000000000 0.25205000000000000 0.019544
55.7142860000000000 0.18300700000000000 0.015813
55.8163270000000000 0.15251900000000000 0.014767
55.9183670000000000 0.12807100000000000 0.013210
56.0204080000000000 0.10193000000000000 0.011972
56.1224490000000000 0.09056700000000000 0.011176
56.2244900000000000 0.08356100000000000 0.010415
56.3265310000000000 0.04460900000000000 0.008219
56.4285710000000000 0.02576400000000000 0.006335
56.5306120000000000 0.01679100000000000 0.005614
56.6326530000000000 0.00663900000000000 0.004367
56.7346940000000000 -0.0020470000000000 0.003062
56.8367350000000000 0.00692500000000000 0.004556
56.9387760000000000 -0.0059510000000000 0.002034
57.0408160000000000 0.00011500000000000 0.003467
57.1428570000000000 -0.0042040000000000 0.002652
57.2448980000000000 0.00125500000000000 0.003774
57.3469390000000000 0.00243700000000000 0.004020
57.4489800000000000 0.00442100000000000 0.004041
57.5510200000000000 0.00437800000000000 0.004003
57.6530610000000000 -0.0043060000000000 0.002717
57.7551020000000000 0.00011400000000000 0.003430
57.8571430000000000 -0.0020720000000000 0.003099
57.9591840000000000 -0.0031350000000000 0.002872
58.0612240000000000 0.00331900000000000 0.003864
58.1632650000000000 -0.0021890000000000 0.003274
58.2653060000000000 0.00788900000000000 0.004599
58.3673470000000000 0.00234200000000000 0.003864
58.4693880000000000 -0.0064530000000000 0.002207
58.5714290000000000 0.00120000000000000 0.003610
58.6734690000000000 -0.0020770000000000 0.003105
58.7755100000000000 0.00329700000000000 0.003839
58.8775510000000000 0.00453300000000000 0.004144
58.9795920000000000 0.00011400000000000 0.003441
59.0816330000000000 0.00637500000000000 0.004194
59.1836730000000000 0.00349400000000000 0.004068
59.2857140000000000 0.00247500000000000 0.004082
59.3877550000000000 0.00986900000000000 0.004752
59.4897960000000000 0.00011500000000000 0.003460
59.5918370000000000 0.01712200000000000 0.005478
59.6938780000000000 0.03076300000000000 0.006881
59.7959180000000000 0.02010300000000000 0.005947
59.8979590000000000 0.02073000000000000 0.005918
60.0000000000000000 0.03530900000000000 0.007583
