55.0000000000000000 0.36187400000000000 0.024803
55.1020410000000000 0.36158000000000000 0.024813
55.2040820000000000 0.37663000000000000 0.025735
55.3061220000000000 0.37118100000000000 0.025157
55.4081630000000000 0.36840700000000000 0.025270
55.5102040000000000 0.32523700000000000 0.023892
55.6122450000000000 0.34757800000000000 0.024031
55.7142860000000000 0.29820400000000000 0.021366
55.8163270000000000 0.25920200000000000 0.020229
55.9183670000000000 0.30573500000000000 0.022169
56.0204080000000000 0.33654600000000000 0.024095
56.1224490000000000 0.32705200000000000 0.023482
56.2244900000000000 0.34628300000000000 0.023771
56.3265310000000000 0.33892600000000000 0.024544
56.4285710000000000 0.35068700000000000 0.024371
56.5306120000000000 0.34471200000000000 0.024527
56.6326530000000000 0.38071200000000000 0.025947
56.7346940000000000 0.34799300000000000 0.024365
56.8367350000000000 0.39939000000000000 0.027313
56.9387760000000000 0.38370900000000000 0.025236
57.0408160000000000 0.38211700000000000 0.026088
57.1428570000000000 0.39186500000000000 0.026369
57.2448980000000000 0.37145400000000000 0.026025
57.3469390000000000 0.36371300000000000 0.025890
57.4489800000000000 0.36194500000000000 0.024973
57.5510200000000000 0.37020300000000000 0.025244
57.6530610000000000 0.36602100000000000 0.025459
57.7551020000000000 0.38664200000000000 0.026169
57.8571430000000000 0.36092600000000000 0.025098
57.9591840000000000 0.37473200000000000 0.025623
58.0612240000000000 0.33572300000000000 0.023678
58.1632650000000000 0.32937000000000000 0.024229
58.2653060000000000 0.40539900000000000 0.027329
58.3673470000000000 0.34509500000000000 0.024558
58.4693880000000000 0.35037500000000000 0.024620
58.5714290000000000 0.33033100000000000 0.023601
58.6734690000000000 0.37048300000000000 0.025565
58.7755100000000000 0.31340600000000000 0.022571
58.8775510000000000 0.19446100000000000 0.017106
58.9795920000000000 0.10656600000000000 0.012136
59.0816330000000000 0.09096100000000000 0.010952
59.1836730000000000 0.18467700000000000 0.016750
59.2857140000000000 0.25523500000000000 0.020775
59.3877550000000000 0.32744700000000000 0.023442
59.4897960000000000 0.35507100000000000 0.024814
59.5918370000000000 0.38178000000000000 0.025735
59.6938780000000000 0.33942900000000000 0.024109
59.7959180000000000 0.34321900000000000 0.024445
59.8979590000000000 0.36360900000000000 0.025135
60.0000000000000000 0.34260200000000000 0.025034
