55.0000000000000000 0.39370100000000000 0.026252
55.1020410000000000 0.37859100000000000 0.025590
55.2040820000000000 0.37229000000000000 0.025535
55.3061220000000000 0.37012700000000000 0.025109
55.4081630000000000 0.34256200000000000 0.024077
55.5102040000000000 0.33094100000000000 0.024164
55.6122450000000000 0.31398600000000000 0.022479
55.7142860000000000 0.28506800000000000 0.020755
55.8163270000000000 0.32125300000000000 0.023198
55.9183670000000000 0.31736800000000000 0.022713
56.0204080000000000 0.32769200000000000 0.023678
56.1224490000000000 0.38263100000000000 0.026061
56.2244900000000000 0.37616200000000000 0.025125
56.3265310000000000 0.38455700000000000 0.026692
56.4285710000000000 0.35282400000000000 0.024469
56.5306120000000000 0.41251900000000000 0.027669
56.6326530000000000 0.37744900000000000 0.025798
56.7346940000000000 0.36095800000000000 0.024964
56.8367350000000000 0.40959900000000000 0.027785
56.9387760000000000 0.32415000000000000 0.022548
57.0408160000000000 0.33724000000000000 0.024007
57.1428570000000000 0.35733100000000000 0.024785
57.2448980000000000 0.39189500000000000 0.026979
57.3469390000000000 0.36487100000000000 0.025945
57.4489800000000000 0.36302200000000000 0.025023
57.5510200000000000 0.40326600000000000 0.026747
57.6530610000000000 0.37486400000000000 0.025869
57.7551020000000000 0.37906300000000000 0.025821
57.8571430000000000 0.34452500000000000 0.024335
57.9591840000000000 0.35957400000000000 0.024925
58.0612240000000000 0.38382000000000000 0.025890
58.1632650000000000 0.40215100000000000 0.027667
58.2653060000000000 0.36431500000000000 0.025431
58.3673470000000000 0.33841800000000000 0.024244
58.4693880000000000 0.38211700000000000 0.026088
58.5714290000000000 0.35640100000000000 0.024814
58.6734690000000000 0.36938700000000000 0.025514
58.7755100000000000 0.30809600000000000 0.022322
58.8775510000000000 0.21323300000000000 0.018071
58.9795920000000000 0.11851400000000000 0.012840
59.0816330000000000 0.09618200000000000 0.011271
59.1836730000000000 0.13516100000000000 0.014039
59.2857140000000000 0.22231800000000000 0.019096
59.3877550000000000 0.30035000000000000 0.022165
59.4897960000000000 0.37691400000000000 0.025823
59.5918370000000000 0.36158000000000000 0.024813
59.6938780000000000 0.36788800000000000 0.025432
59.7959180000000000 0.33544600000000000 0.024079
59.8979590000000000 0.34407800000000000 0.024230
60.0000000000000000 0.34494800000000000 0.025147
