55.0000000000000000 0.36611800000000000 0.024997
55.1020410000000000 0.35945400000000000 0.024715
55.2040820000000000 0.38748100000000000 0.026232
55.3061220000000000 0.32374300000000000 0.022976
55.4081630000000000 0.37486800000000000 0.025567
55.5102040000000000 0.35261500000000000 0.025192
55.6122450000000000 0.35807500000000000 0.024512
55.7142860000000000 0.30628800000000000 0.021739
55.8163270000000000 0.34737900000000000 0.024420
55.9183670000000000 0.30573500000000000 0.022169
56.0204080000000000 0.32326600000000000 0.023469
56.1224490000000000 0.33686000000000000 0.023941
56.2244900000000000 0.32876900000000000 0.022970
56.3265310000000000 0.38227500000000000 0.026585
56.4285710000000000 0.35923700000000000 0.024765
56.5306120000000000 0.36138600000000000 0.025307
56.6326530000000000 0.36657500000000000 0.025297
56.7346940000000000 0.42361900000000000 0.027823
56.8367350000000000 0.32906400000000000 0.024012
56.9387760000000000 0.37361400000000000 0.024784
57.0408160000000000 0.39634700000000000 0.026741
57.1428570000000000 0.36596400000000000 0.025183
57.2448980000000000 0.38962300000000000 0.026873
57.3469390000000000 0.39497700000000000 0.027361
57.4489800000000000 0.36625300000000000 0.025171
57.5510200000000000 0.39580000000000000 0.026409
57.6530610000000000 0.37044300000000000 0.025664
57.7551020000000000 0.35957400000000000 0.024925
57.8571430000000000 0.33249800000000000 0.023773
57.9591840000000000 0.37581500000000000 0.025672
58.0612240000000000 0.36778800000000000 0.025157
58.1632650000000000 0.34323300000000000 0.024892
58.2653060000000000 0.36209500000000000 0.025327
58.3673470000000000 0.36846500000000000 0.025650
58.4693880000000000 0.35475300000000000 0.024823
58.5714290000000000 0.37378100000000000 0.025616
58.6734690000000000 0.35404600000000000 0.024803
58.7755100000000000 0.29216500000000000 0.021572
58.8775510000000000 0.20219000000000000 0.017506
58.9795920000000000 0.12611800000000000 0.013279
59.0816330000000000 0.09722700000000000 0.011334
59.1836730000000000 0.14754000000000000 0.014737
59.2857140000000000 0.23054700000000000 0.019520
59.3877550000000000 0.31227300000000000 0.022729
59.4897960000000000 0.32558200000000000 0.023436
59.5918370000000000 0.34350700000000000 0.023981
59.6938780000000000 0.36022600000000000 0.025077
59.7959180000000000 0.34988100000000000 0.024757
59.8979590000000000 0.38205600000000000 0.025984
60.0000000000000000 0.36019500000000000 0.025875
