55.0000000000000000 0.42552700000000000 0.027686
55.1020410000000000 0.39560100000000000 0.026363
55.2040820000000000 0.39182100000000000 0.026431
55.3061220000000000 0.35958500000000000 0.024627
55.4081630000000000 0.37163700000000000 0.025419
55.5102040000000000 0.34006700000000000 0.024598
55.6122450000000000 0.34337900000000000 0.023839
55.7142860000000000 0.26384700000000000 0.019759
55.8163270000000000 0.19715200000000000 0.017127
55.9183670000000000 0.20421300000000000 0.017248
56.0204080000000000 0.20153100000000000 0.017490
56.1224490000000000 0.19300700000000000 0.016922
56.2244900000000000 0.13816600000000000 0.013594
56.3265310000000000 0.08453600000000000 0.011061
56.4285710000000000 0.04820900000000000 0.008187
56.5306120000000000 0.01567900000000000 0.005496
56.6326530000000000 0.00446400000000000 0.004081
56.7346940000000000 0.00551500000000000 0.004199
56.8367350000000000 0.00011900000000000 0.003593
56.9387760000000000 0.00010600000000000 0.003198
57.0408160000000000 0.00011500000000000 0.003467
57.1428570000000000 -0.0009660000000000 0.003243
57.2448980000000000 0.00352600000000000 0.004105
57.3469390000000000 -0.0010360000000000 0.003480
57.4489800000000000 -0.0052710000000000 0.002420
57.5510200000000000 0.00117800000000000 0.003544
57.6530610000000000 -0.0020950000000000 0.003133
57.7551020000000000 0.00119600000000000 0.003598
57.8571430000000000 -0.0009790000000000 0.003286
57.9591840000000000 -0.0053000000000000 0.002433
58.0612240000000000 0.00118100000000000 0.003552
58.1632650000000000 -0.0010340000000000 0.003472
58.2653060000000000 0.00788900000000000 0.004599
58.3673470000000000 0.01124500000000000 0.005009
58.4693880000000000 0.01434400000000000 0.005294
58.5714290000000000 0.01858000000000000 0.005708
58.6734690000000000 0.03517900000000000 0.007265
58.7755100000000000 0.03622000000000000 0.007214
58.8775510000000000 0.02993000000000000 0.006845
58.9795920000000000 0.01532100000000000 0.005370
59.0816330000000000 0.01472900000000000 0.005162
59.1836730000000000 0.03838000000000000 0.007651
59.2857140000000000 0.09417400000000000 0.011867
59.3877550000000000 0.11067000000000000 0.012366
59.4897960000000000 0.11479300000000000 0.012658
59.5918370000000000 0.10961500000000000 0.012182
59.6938780000000000 0.12380000000000000 0.013197
59.7959180000000000 0.13558100000000000 0.013968
59.8979590000000000 0.15310800000000000 0.014775
60.0000000000000000 0.15846100000000000 0.015659
