55.0000000000000000 0.34490000000000000 0.024023
55.1020410000000000 0.36264400000000000 0.024862
55.2040820000000000 0.39724600000000000 0.026679
55.3061220000000000 0.36169400000000000 0.024724
55.4081630000000000 0.37486800000000000 0.025567
55.5102040000000000 0.39710500000000000 0.027276
55.6122450000000000 0.34652800000000000 0.023983
55.7142860000000000 0.29719400000000000 0.021319
55.8163270000000000 0.31689800000000000 0.022993
55.9183670000000000 0.31419500000000000 0.022564
56.0204080000000000 0.35757300000000000 0.025079
56.1224490000000000 0.32705200000000000 0.023482
56.2244900000000000 0.36791900000000000 0.024753
56.3265310000000000 0.33664500000000000 0.024435
56.4285710000000000 0.37740700000000000 0.025597
56.5306120000000000 0.37472500000000000 0.025927
56.6326530000000000 0.33069000000000000 0.023629
56.7346940000000000 0.35987700000000000 0.024914
56.8367350000000000 0.38691300000000000 0.026733
56.9387760000000000 0.39481400000000000 0.025730
57.0408160000000000 0.34161800000000000 0.024212
57.1428570000000000 0.38970700000000000 0.026271
57.2448980000000000 0.36577600000000000 0.025759
57.3469390000000000 0.35676500000000000 0.025561
57.4489800000000000 0.38025200000000000 0.025814
57.5510200000000000 0.35633800000000000 0.024608
57.6530610000000000 0.38039200000000000 0.026125
57.7551020000000000 0.37689700000000000 0.025722
57.8571430000000000 0.33796500000000000 0.024029
57.9591840000000000 0.33358900000000000 0.023718
58.0612240000000000 0.36244400000000000 0.024912
58.1632650000000000 0.38482300000000000 0.026857
58.2653060000000000 0.39429500000000000 0.026819
58.3673470000000000 0.37959300000000000 0.026166
58.4693880000000000 0.38649600000000000 0.026290
58.5714290000000000 0.36834900000000000 0.025366
58.6734690000000000 0.35404600000000000 0.024803
58.7755100000000000 0.30915800000000000 0.022372
58.8775510000000000 0.16354200000000000 0.015472
58.9795920000000000 0.11851400000000000 0.012840
59.0816330000000000 0.09931500000000000 0.011460
59.1836730000000000 0.14979100000000000 0.014862
59.2857140000000000 0.28580200000000000 0.022299
59.3877550000000000 0.33395000000000000 0.023747
59.4897960000000000 0.32449000000000000 0.023385
59.5918370000000000 0.38815900000000000 0.026025
59.6938780000000000 0.36241500000000000 0.025179
59.7959180000000000 0.37875000000000000 0.026101
59.8979590000000000 0.35275900000000000 0.024633
60.0000000000000000 0.35785000000000000 0.025763
