55.0000000000000000 0.41279700000000000 0.027114
55.1020410000000000 0.38922200000000000 0.026074
55.2040820000000000 0.36795000000000000 0.025335
55.3061220000000000 0.36274800000000000 0.024772
55.4081630000000000 0.39102100000000000 0.026305
55.5102040000000000 0.35717800000000000 0.025408
55.6122450000000000 0.35702600000000000 0.024464
55.7142860000000000 0.33761400000000000 0.023172
55.8163270000000000 0.30927800000000000 0.022633
55.9183670000000000 0.32688500000000000 0.023155
56.0204080000000000 0.37749300000000000 0.026004
56.1224490000000000 0.37064300000000000 0.025509
56.2244900000000000 0.36482800000000000 0.024613
56.3265310000000000 0.38455700000000000 0.026692
56.4285710000000000 0.32824100000000000 0.023331
56.5306120000000000 0.38139400000000000 0.026236
56.6326530000000000 0.37201200000000000 0.025547
56.7346940000000000 0.38796700000000000 0.026204
56.8367350000000000 0.36082400000000000 0.025513
56.9387760000000000 0.36150100000000000 0.024241
57.0408160000000000 0.36898300000000000 0.025483
57.1428570000000000 0.37783600000000000 0.025728
57.2448980000000000 0.40097900000000000 0.027400
57.3469390000000000 0.36487100000000000 0.025945
57.4489800000000000 0.34686900000000000 0.024277
57.5510200000000000 0.35207200000000000 0.024411
57.6530610000000000 0.38481400000000000 0.026329
57.7551020000000000 0.35416000000000000 0.024674
57.8571430000000000 0.35327200000000000 0.024742
57.9591840000000000 0.33034100000000000 0.023566
58.0612240000000000 0.40092200000000000 0.026667
58.1632650000000000 0.34785400000000000 0.025111
58.2653060000000000 0.39096400000000000 0.026665
58.3673470000000000 0.37069000000000000 0.025753
58.4693880000000000 0.36898300000000000 0.025483
58.5714290000000000 0.40854000000000000 0.027206
58.6734690000000000 0.38582300000000000 0.026272
58.7755100000000000 0.29216500000000000 0.021572
58.8775510000000000 0.18121000000000000 0.016413
58.9795920000000000 0.11742800000000000 0.012777
59.0816330000000000 0.10035900000000000 0.011522
59.1836730000000000 0.15429200000000000 0.015111
59.2857140000000000 0.26111400000000000 0.021070
59.3877550000000000 0.33720200000000000 0.023898
59.4897960000000000 0.33431900000000000 0.023846
59.5918370000000000 0.36902200000000000 0.025153
59.6938780000000000 0.37336100000000000 0.025685
59.7959180000000000 0.36320500000000000 0.025379
59.8979590000000000 0.33648300000000000 0.023877
60.0000000000000000 0.39890000000000000 0.027703
