55.0000000000000000 0.28655100000000000 0.021295
55.1020410000000000 0.25314000000000000 0.019713
55.2040820000000000 0.23665700000000000 0.019091
55.3061220000000000 0.20989200000000000 0.017507
55.4081630000000000 0.19179800000000000 0.016763
55.5102040000000000 0.15754500000000000 0.015394
55.6122450000000000 0.12503100000000000 0.012989
55.7142860000000000 0.07286200000000000 0.009628
55.8163270000000000 0.04583600000000000 0.008092
55.9183670000000000 0.02337600000000000 0.006071
56.0204080000000000 0.01782300000000000 0.005704
56.1224490000000000 0.00992200000000000 0.004778
56.2244900000000000 0.00216900000000000 0.003577
56.3265310000000000 0.00126000000000000 0.003791
56.4285710000000000 0.00011200000000000 0.003386
56.5306120000000000 -0.0032180000000000 0.002948
56.6326530000000000 -0.0009730000000000 0.003268
56.7346940000000000 -0.0009670000000000 0.003247
56.8367350000000000 0.00692500000000000 0.004556
56.9387760000000000 -0.0009040000000000 0.003034
57.0408160000000000 -0.0053580000000000 0.002460
57.1428570000000000 -0.0009660000000000 0.003243
57.2448980000000000 -0.0010160000000000 0.003413
57.3469390000000000 0.00012100000000000 0.003668
57.4489800000000000 0.00549700000000000 0.004185
57.5510200000000000 -0.0009550000000000 0.003205
57.6530610000000000 -0.0032000000000000 0.002932
57.7551020000000000 -0.0009690000000000 0.003254
57.8571430000000000 -0.0042590000000000 0.002687
57.9591840000000000 0.00011400000000000 0.003430
58.0612240000000000 -0.0009570000000000 0.003212
58.1632650000000000 -0.0079660000000000 0.002029
58.2653060000000000 -0.0009940000000000 0.003337
58.3673470000000000 0.00011700000000000 0.003525
58.4693880000000000 0.00011500000000000 0.003467
58.5714290000000000 0.00120000000000000 0.003610
58.6734690000000000 -0.0009810000000000 0.003293
58.7755100000000000 -0.0051990000000000 0.002387
58.8775510000000000 -0.0020930000000000 0.003129
58.9795920000000000 -0.0009720000000000 0.003264
59.0816330000000000 -0.0040680000000000 0.002567
59.1836730000000000 -0.0021330000000000 0.003189
59.2857140000000000 0.00129900000000000 0.003907
59.3877550000000000 -0.0009700000000000 0.003257
59.4897960000000000 0.00557500000000000 0.004245
59.5918370000000000 0.00649000000000000 0.004270
59.6938780000000000 0.01106000000000000 0.004927
59.7959180000000000 0.01788200000000000 0.005723
59.8979590000000000 0.01964500000000000 0.005811
60.0000000000000000 0.02358100000000000 0.006515
