55.0000000000000000 0.39582200000000000 0.026348
55.1020410000000000 0.37859100000000000 0.025590
55.2040820000000000 0.37012000000000000 0.025435
55.3061220000000000 0.37645200000000000 0.025396
55.4081630000000000 0.38779100000000000 0.026158
55.5102040000000000 0.37314900000000000 0.026158
55.6122450000000000 0.34337900000000000 0.023839
55.7142860000000000 0.30830900000000000 0.021832
55.8163270000000000 0.28750600000000000 0.021596
55.9183670000000000 0.32371300000000000 0.023008
56.0204080000000000 0.35314600000000000 0.024872
56.1224490000000000 0.38045200000000000 0.025961
56.2244900000000000 0.38749500000000000 0.025635
56.3265310000000000 0.39026000000000000 0.026958
56.4285710000000000 0.36030600000000000 0.024814
56.5306120000000000 0.37027800000000000 0.025721
56.6326530000000000 0.39049800000000000 0.026396
56.7346940000000000 0.38040400000000000 0.025858
56.8367350000000000 0.37783800000000000 0.026310
56.9387760000000000 0.36755800000000000 0.024513
57.0408160000000000 0.37226600000000000 0.025634
57.1428570000000000 0.36380600000000000 0.025083
57.2448980000000000 0.38508100000000000 0.026662
57.3469390000000000 0.36023900000000000 0.025726
57.4489800000000000 0.32102400000000000 0.023073
57.5510200000000000 0.37020300000000000 0.025244
57.6530610000000000 0.41023900000000000 0.027497
57.7551020000000000 0.37581500000000000 0.025672
57.8571430000000000 0.35436500000000000 0.024793
57.9591840000000000 0.40180000000000000 0.026860
58.0612240000000000 0.38702700000000000 0.026036
58.1632650000000000 0.39868600000000000 0.027505
58.2653060000000000 0.34543900000000000 0.024549
58.3673470000000000 0.36401300000000000 0.025442
58.4693880000000000 0.33395700000000000 0.023853
58.5714290000000000 0.38029800000000000 0.025916
58.6734690000000000 0.36062100000000000 0.025108
58.7755100000000000 0.32508800000000000 0.023116
58.8775510000000000 0.22427500000000000 0.018630
58.9795920000000000 0.09570300000000000 0.011476
59.0816330000000000 0.10975800000000000 0.012078
59.1836730000000000 0.14416400000000000 0.014548
59.2857140000000000 0.23525000000000000 0.019761
59.3877550000000000 0.31444100000000000 0.022831
59.4897960000000000 0.35070200000000000 0.024611
59.5918370000000000 0.37646400000000000 0.025493
59.6938780000000000 0.33833500000000000 0.024058
59.7959180000000000 0.36653600000000000 0.025534
59.8979590000000000 0.34299300000000000 0.024180
60.0000000000000000 0.36254100000000000 0.025986
