55.0000000000000000 0.36081300000000000 0.024754
55.1020410000000000 0.34776000000000000 0.024178
55.2040820000000000 0.35926900000000000 0.024935
55.3061220000000000 0.33850200000000000 0.023659
55.4081630000000000 0.33610000000000000 0.023777
55.5102040000000000 0.37429000000000000 0.026212
55.6122450000000000 0.30558800000000000 0.022087
55.7142860000000000 0.32447700000000000 0.022574
55.8163270000000000 0.28750600000000000 0.021596
55.9183670000000000 0.31948300000000000 0.022811
56.0204080000000000 0.35314600000000000 0.024872
56.1224490000000000 0.35320700000000000 0.024703
56.2244900000000000 0.34216200000000000 0.023583
56.3265310000000000 0.35261500000000000 0.025192
56.4285710000000000 0.33893000000000000 0.023827
56.5306120000000000 0.35582800000000000 0.025048
56.6326530000000000 0.36657500000000000 0.025297
56.7346940000000000 0.35447600000000000 0.024665
56.8367350000000000 0.34834700000000000 0.024926
56.9387760000000000 0.37260500000000000 0.024739
57.0408160000000000 0.34928000000000000 0.024569
57.1428570000000000 0.38431100000000000 0.026024
57.2448980000000000 0.38053900000000000 0.026450
57.3469390000000000 0.36023900000000000 0.025726
57.4489800000000000 0.39963600000000000 0.026697
57.5510200000000000 0.34887200000000000 0.024264
57.6530610000000000 0.34170100000000000 0.024325
57.7551020000000000 0.39963400000000000 0.026762
57.8571430000000000 0.36857900000000000 0.025452
57.9591840000000000 0.38880700000000000 0.026268
58.0612240000000000 0.34641200000000000 0.024174
58.1632650000000000 0.36980400000000000 0.026151
58.2653060000000000 0.36098400000000000 0.025276
58.3673470000000000 0.38849600000000000 0.026578
58.4693880000000000 0.39306300000000000 0.026591
58.5714290000000000 0.31946900000000000 0.023091
58.6734690000000000 0.36829100000000000 0.025463
58.7755100000000000 0.30915800000000000 0.022372
58.8775510000000000 0.17237600000000000 0.015945
58.9795920000000000 0.13046300000000000 0.013526
59.0816330000000000 0.09618200000000000 0.011271
59.1836730000000000 0.17117200000000000 0.016030
59.2857140000000000 0.27757200000000000 0.021891
59.3877550000000000 0.31335700000000000 0.022780
59.4897960000000000 0.32449000000000000 0.023385
59.5918370000000000 0.35732800000000000 0.024618
59.6938780000000000 0.37664400000000000 0.025836
59.7959180000000000 0.39429500000000000 0.026819
59.8979590000000000 0.36903500000000000 0.025385
60.0000000000000000 0.38248000000000000 0.026931
