55.0000000000000000 0.38733500000000000 0.025963
55.1020410000000000 0.37965400000000000 0.025639
55.2040820000000000 0.37012000000000000 0.025435
55.3061220000000000 0.39753600000000000 0.026351
55.4081630000000000 0.38456000000000000 0.026010
55.5102040000000000 0.39140100000000000 0.027011
55.6122450000000000 0.34442900000000000 0.023887
55.7142860000000000 0.32346700000000000 0.022527
55.8163270000000000 0.30818900000000000 0.022581
55.9183670000000000 0.34803600000000000 0.024132
56.0204080000000000 0.31662600000000000 0.023154
56.1224490000000000 0.37936200000000000 0.025911
56.2244900000000000 0.35040400000000000 0.023959
56.3265310000000000 0.36174100000000000 0.025623
56.4285710000000000 0.35816900000000000 0.024715
56.5306120000000000 0.37806000000000000 0.026082
56.6326530000000000 0.37962400000000000 0.025898
56.7346940000000000 0.36636000000000000 0.025213
56.8367350000000000 0.36989800000000000 0.025939
56.9387760000000000 0.37058600000000000 0.024649
57.0408160000000000 0.36569900000000000 0.025331
57.1428570000000000 0.36812300000000000 0.025282
57.2448980000000000 0.37372500000000000 0.026131
57.3469390000000000 0.41003000000000000 0.028063
57.4489800000000000 0.35548400000000000 0.024675
57.5510200000000000 0.38940100000000000 0.026119
57.6530610000000000 0.35054500000000000 0.024738
57.7551020000000000 0.38122800000000000 0.025921
57.8571430000000000 0.35873900000000000 0.024996
57.9591840000000000 0.38555900000000000 0.026119
58.0612240000000000 0.37847600000000000 0.025646
58.1632650000000000 0.35363100000000000 0.025386
58.2653060000000000 0.38763300000000000 0.026512
58.3673470000000000 0.35065900000000000 0.024819
58.4693880000000000 0.33614600000000000 0.023956
58.5714290000000000 0.35314200000000000 0.024663
58.6734690000000000 0.35623800000000000 0.024905
58.7755100000000000 0.29110300000000000 0.021522
58.8775510000000000 0.19225200000000000 0.016991
58.9795920000000000 0.13263500000000000 0.013649
59.0816330000000000 0.09096100000000000 0.010952
59.1836730000000000 0.15879300000000000 0.015358
59.2857140000000000 0.25170800000000000 0.020597
59.3877550000000000 0.31227300000000000 0.022729
59.4897960000000000 0.34305700000000000 0.024255
59.5918370000000000 0.36158000000000000 0.024813
59.6938780000000000 0.34052400000000000 0.024160
59.7959180000000000 0.37875000000000000 0.026101
59.8979590000000000 0.35058900000000000 0.024533
60.0000000000000000 0.33556500000000000 0.024696
