55.0000000000000000 0.42871000000000000 0.027829
55.1020410000000000 0.45726300000000000 0.029131
55.2040820000000000 0.44498900000000000 0.028841
55.3061220000000000 0.42389000000000000 0.027536
55.4081630000000000 0.43948100000000000 0.028498
55.5102040000000000 0.41535700000000000 0.028122
55.6122450000000000 0.40741400000000000 0.026746
55.7142860000000000 0.33862400000000000 0.023218
55.8163270000000000 0.30383500000000000 0.022375
55.9183670000000000 0.37130100000000000 0.025198
56.0204080000000000 0.39852000000000000 0.026973
56.1224490000000000 0.39461900000000000 0.026610
56.2244900000000000 0.38440400000000000 0.025496
56.3265310000000000 0.35489700000000000 0.025300
56.4285710000000000 0.33572300000000000 0.023678
56.5306120000000000 0.34471200000000000 0.024527
56.6326530000000000 0.32525300000000000 0.023374
56.7346940000000000 0.30693900000000000 0.022444
56.8367350000000000 0.27915500000000000 0.021605
56.9387760000000000 0.21815400000000000 0.017556
57.0408160000000000 0.16867800000000000 0.015680
57.1428570000000000 0.14688500000000000 0.014396
57.2448980000000000 0.07052500000000000 0.010098
57.3469390000000000 0.03370200000000000 0.007385
57.4489800000000000 0.02165100000000000 0.005978
57.5510200000000000 0.00011200000000000 0.003379
57.6530610000000000 0.00011600000000000 0.003502
57.7551020000000000 -0.0042170000000000 0.002661
57.8571430000000000 0.00448800000000000 0.004103
57.9591840000000000 -0.0009690000000000 0.003254
58.0612240000000000 0.00225000000000000 0.003711
58.1632650000000000 0.00243200000000000 0.004011
58.2653060000000000 0.00011600000000000 0.003518
58.3673470000000000 0.00568100000000000 0.004325
58.4693880000000000 0.00011500000000000 0.003467
58.5714290000000000 -0.0009720000000000 0.003264
58.6734690000000000 -0.0020770000000000 0.003105
58.7755100000000000 -0.0020130000000000 0.003010
58.8775510000000000 0.00232400000000000 0.003834
58.9795920000000000 0.00445900000000000 0.004077
59.0816330000000000 -0.0019790000000000 0.002959
59.1836730000000000 0.01924900000000000 0.005915
59.2857140000000000 0.03774400000000000 0.007802
59.3877550000000000 0.04238500000000000 0.007802
59.4897960000000000 0.07110600000000000 0.009924
59.5918370000000000 0.09685800000000000 0.011418
59.6938780000000000 0.09862600000000000 0.011702
59.7959180000000000 0.11448400000000000 0.012748
59.8979590000000000 0.13466100000000000 0.013755
60.0000000000000000 0.13734900000000000 0.014463
