55.0000000000000000 0.39476200000000000 0.026300
55.1020410000000000 0.42643200000000000 0.027753
55.2040820000000000 0.35709900000000000 0.024834
55.3061220000000000 0.34377300000000000 0.023902
55.4081630000000000 0.35979200000000000 0.024874
55.5102040000000000 0.29671800000000000 0.022519
55.6122450000000000 0.26044800000000000 0.019949
55.7142860000000000 0.22342700000000000 0.017821
55.8163270000000000 0.22327800000000000 0.018454
55.9183670000000000 0.19469500000000000 0.016765
56.0204080000000000 0.18935800000000000 0.016859
56.1224490000000000 0.15704400000000000 0.015021
56.2244900000000000 0.12168200000000000 0.012678
56.3265310000000000 0.06286200000000000 0.009587
56.4285710000000000 0.04607200000000000 0.008024
56.5306120000000000 0.03457600000000000 0.007277
56.6326530000000000 0.01642500000000000 0.005491
56.7346940000000000 0.00767600000000000 0.004475
56.8367350000000000 0.00579000000000000 0.004409
56.9387760000000000 -0.0019130000000000 0.002861
57.0408160000000000 -0.0009800000000000 0.003290
57.1428570000000000 -0.0020450000000000 0.003058
57.2448980000000000 0.00011900000000000 0.003597
57.3469390000000000 0.00706900000000000 0.004651
57.4489800000000000 0.00011300000000000 0.003411
57.5510200000000000 0.00544500000000000 0.004145
57.6530610000000000 -0.0009890000000000 0.003322
57.7551020000000000 -0.0009690000000000 0.003254
57.8571430000000000 0.00120800000000000 0.003633
57.9591840000000000 -0.0031350000000000 0.002872
58.0612240000000000 -0.0041630000000000 0.002627
58.1632650000000000 0.00589700000000000 0.004490
58.2653060000000000 0.00011600000000000 0.003518
58.3673470000000000 0.00568100000000000 0.004325
58.4693880000000000 0.00120900000000000 0.003637
58.5714290000000000 -0.0064030000000000 0.002190
58.6734690000000000 -0.0031720000000000 0.002906
58.7755100000000000 0.00542100000000000 0.004127
58.8775510000000000 0.00342900000000000 0.003992
58.9795920000000000 0.00663100000000000 0.004362
59.0816330000000000 0.00637500000000000 0.004194
59.1836730000000000 0.00687000000000000 0.004520
59.2857140000000000 0.01070400000000000 0.005155
59.3877550000000000 0.01420400000000000 0.005242
59.4897960000000000 0.03724800000000000 0.007422
59.5918370000000000 0.02562700000000000 0.006301
59.6938780000000000 0.04389700000000000 0.007967
59.7959180000000000 0.05341400000000000 0.008761
59.8979590000000000 0.04134600000000000 0.007725
60.0000000000000000 0.06111200000000000 0.009610
