55.0000000000000000 0.37778700000000000 0.025529
55.1020410000000000 0.37433800000000000 0.025396
55.2040820000000000 0.34082300000000000 0.024079
55.3061220000000000 0.37329000000000000 0.025253
55.4081630000000000 0.35333000000000000 0.024576
55.5102040000000000 0.34577100000000000 0.024869
55.6122450000000000 0.34547800000000000 0.023935
55.7142860000000000 0.24767900000000000 0.018991
55.8163270000000000 0.30274600000000000 0.022323
55.9183670000000000 0.31736800000000000 0.022713
56.0204080000000000 0.36421300000000000 0.025388
56.1224490000000000 0.39135000000000000 0.026461
56.2244900000000000 0.36379800000000000 0.024567
56.3265310000000000 0.38113400000000000 0.026532
56.4285710000000000 0.41909200000000000 0.027488
56.5306120000000000 0.35693900000000000 0.025100
56.6326530000000000 0.38288600000000000 0.026047
56.7346940000000000 0.34259100000000000 0.024114
56.8367350000000000 0.36649600000000000 0.025780
56.9387760000000000 0.37967100000000000 0.025055
57.0408160000000000 0.35365900000000000 0.024773
57.1428570000000000 0.38215200000000000 0.025925
57.2448980000000000 0.36691200000000000 0.025812
57.3469390000000000 0.37876600000000000 0.026600
57.4489800000000000 0.38779100000000000 0.026158
57.5510200000000000 0.38940100000000000 0.026119
57.6530610000000000 0.35717700000000000 0.025048
57.7551020000000000 0.39097300000000000 0.026366
57.8571430000000000 0.38607300000000000 0.026257
57.9591840000000000 0.34549900000000000 0.024273
58.0612240000000000 0.35816900000000000 0.024715
58.1632650000000000 0.39290900000000000 0.027235
58.2653060000000000 0.36542600000000000 0.025483
58.3673470000000000 0.36290100000000000 0.025391
58.4693880000000000 0.35803700000000000 0.024976
58.5714290000000000 0.36726300000000000 0.025316
58.6734690000000000 0.32993900000000000 0.023676
58.7755100000000000 0.30597200000000000 0.022223
58.8775510000000000 0.18121000000000000 0.016413
58.9795920000000000 0.13263500000000000 0.013649
59.0816330000000000 0.11184600000000000 0.012200
59.1836730000000000 0.13966200000000000 0.014295
59.2857140000000000 0.28109900000000000 0.022066
59.3877550000000000 0.31552400000000000 0.022882
59.4897960000000000 0.32885800000000000 0.023590
59.5918370000000000 0.35307500000000000 0.024422
59.6938780000000000 0.39963000000000000 0.026892
59.7959180000000000 0.37652900000000000 0.025998
59.8979590000000000 0.32671700000000000 0.023420
60.0000000000000000 0.38951700000000000 0.027262
