55.0000000000000000 0.36187400000000000 0.024803
55.1020410000000000 0.36795900000000000 0.025105
55.2040820000000000 0.34950400000000000 0.024483
55.3061220000000000 0.37539800000000000 0.025348
55.4081630000000000 0.36086900000000000 0.024924
55.5102040000000000 0.32523700000000000 0.023892
55.6122450000000000 0.32973200000000000 0.023210
55.7142860000000000 0.32346700000000000 0.022527
55.8163270000000000 0.27879700000000000 0.021178
55.9183670000000000 0.31631000000000000 0.022663
56.0204080000000000 0.33986600000000000 0.024251
56.1224490000000000 0.37391300000000000 0.025660
56.2244900000000000 0.38028300000000000 0.025311
56.3265310000000000 0.36288200000000000 0.025676
56.4285710000000000 0.36565000000000000 0.025059
56.5306120000000000 0.38472900000000000 0.026391
56.6326530000000000 0.34591400000000000 0.024340
56.7346940000000000 0.35771700000000000 0.024815
56.8367350000000000 0.34494400000000000 0.024765
56.9387760000000000 0.36352000000000000 0.024332
57.0408160000000000 0.37555000000000000 0.025786
57.1428570000000000 0.32927100000000000 0.023482
57.2448980000000000 0.40779300000000000 0.027716
57.3469390000000000 0.37297600000000000 0.026328
57.4489800000000000 0.40717400000000000 0.027040
57.5510200000000000 0.35420500000000000 0.024509
57.6530610000000000 0.37597000000000000 0.025920
57.7551020000000000 0.37256700000000000 0.025523
57.8571430000000000 0.32812500000000000 0.023568
57.9591840000000000 0.37040100000000000 0.025424
58.0612240000000000 0.36030600000000000 0.024814
58.1632650000000000 0.32821500000000000 0.024174
58.2653060000000000 0.35210100000000000 0.024861
58.3673470000000000 0.38070600000000000 0.026218
58.4693880000000000 0.38321200000000000 0.026139
58.5714290000000000 0.34553800000000000 0.024310
58.6734690000000000 0.33103500000000000 0.023728
58.7755100000000000 0.32508800000000000 0.023116
58.8775510000000000 0.19887800000000000 0.017335
58.9795920000000000 0.11960000000000000 0.012903
59.0816330000000000 0.09827100000000000 0.011397
59.1836730000000000 0.16104400000000000 0.015481
59.2857140000000000 0.28345100000000000 0.022183
59.3877550000000000 0.32744700000000000 0.023442
59.4897960000000000 0.32230500000000000 0.023282
59.5918370000000000 0.32437000000000000 0.023094
59.6938780000000000 0.35475300000000000 0.024823
59.7959180000000000 0.39207500000000000 0.026716
59.8979590000000000 0.32563200000000000 0.023369
60.0000000000000000 0.34494800000000000 0.025147
