55.0000000000000000 0.46371900000000000 0.029391
55.1020410000000000 0.45194800000000000 0.028894
55.2040820000000000 0.38965100000000000 0.026332
55.3061220000000000 0.39542700000000000 0.026256
55.4081630000000000 0.41579000000000000 0.027430
55.5102040000000000 0.37314900000000000 0.026158
55.6122450000000000 0.32868200000000000 0.023161
55.7142860000000000 0.28405700000000000 0.020708
55.8163270000000000 0.23851900000000000 0.019213
55.9183670000000000 0.26554900000000000 0.020263
56.0204080000000000 0.30223900000000000 0.022469
56.1224490000000000 0.26929300000000000 0.020730
56.2244900000000000 0.26180000000000000 0.019840
56.3265310000000000 0.17351600000000000 0.016264
56.4285710000000000 0.16898700000000000 0.015514
56.5306120000000000 0.13017300000000000 0.013668
56.6326530000000000 0.07623400000000000 0.010242
56.7346940000000000 0.03792600000000000 0.007430
56.8367350000000000 0.02167100000000000 0.006189
56.9387760000000000 0.00616300000000000 0.004054
57.0408160000000000 -0.0020740000000000 0.003102
57.1428570000000000 0.00011300000000000 0.003419
57.2448980000000000 -0.0021520000000000 0.003218
57.3469390000000000 -0.0010360000000000 0.003480
57.4489800000000000 -0.0031180000000000 0.002856
57.5510200000000000 0.00331200000000000 0.003855
57.6530610000000000 0.00122100000000000 0.003673
57.7551020000000000 0.00444400000000000 0.004063
57.8571430000000000 -0.0064450000000000 0.002204
57.9591840000000000 0.00227900000000000 0.003759
58.0612240000000000 0.00652500000000000 0.004292
58.1632650000000000 -0.0045000000000000 0.002840
58.2653060000000000 0.00011600000000000 0.003518
58.3673470000000000 -0.0076730000000000 0.001954
58.4693880000000000 0.00230400000000000 0.003800
58.5714290000000000 0.00228600000000000 0.003771
58.6734690000000000 0.00121100000000000 0.003641
58.7755100000000000 -0.0009510000000000 0.003192
58.8775510000000000 0.00122000000000000 0.003669
58.9795920000000000 0.00011400000000000 0.003441
59.0816330000000000 -0.0040680000000000 0.002567
59.1836730000000000 0.00461900000000000 0.004223
59.2857140000000000 0.01658200000000000 0.005815
59.3877550000000000 0.01203600000000000 0.005002
59.4897960000000000 0.01540500000000000 0.005400
59.5918370000000000 0.03413200000000000 0.007045
59.6938780000000000 0.03076300000000000 0.006881
59.7959180000000000 0.04675200000000000 0.008257
59.8979590000000000 0.06196200000000000 0.009260
60.0000000000000000 0.06815000000000000 0.010113
