55.0000000000000000 0.33004700000000000 0.023336
55.1020410000000000 0.33074900000000000 0.023391
55.2040820000000000 0.31478200000000000 0.022859
55.3061220000000000 0.25416700000000000 0.019685
55.4081630000000000 0.23379600000000000 0.018882
55.5102040000000000 0.18264200000000000 0.016753
55.6122450000000000 0.14497600000000000 0.014095
55.7142860000000000 0.10115600000000000 0.011375
55.8163270000000000 0.04801300000000000 0.008259
55.9183670000000000 0.04452700000000000 0.007857
56.0204080000000000 0.02225000000000000 0.006145
56.1224490000000000 0.01210200000000000 0.005030
56.2244900000000000 -0.0009220000000000 0.003096
56.3265310000000000 0.00012000000000000 0.003614
56.4285710000000000 -0.0020260000000000 0.003029
56.5306120000000000 0.00456300000000000 0.004172
56.6326530000000000 -0.0074980000000000 0.001909
56.7346940000000000 -0.0009670000000000 0.003247
56.8367350000000000 -0.0032840000000000 0.003009
56.9387760000000000 -0.0009040000000000 0.003034
57.0408160000000000 0.00011500000000000 0.003467
57.1428570000000000 -0.0020450000000000 0.003058
57.2448980000000000 -0.0032880000000000 0.003012
57.3469390000000000 -0.0068260000000000 0.002335
57.4489800000000000 0.00119000000000000 0.003579
57.5510200000000000 0.01077700000000000 0.004800
57.6530610000000000 -0.0043060000000000 0.002717
57.7551020000000000 0.00119600000000000 0.003598
57.8571430000000000 0.00230100000000000 0.003796
57.9591840000000000 -0.0031350000000000 0.002872
58.0612240000000000 -0.0030940000000000 0.002835
58.1632650000000000 -0.0033450000000000 0.003064
58.2653060000000000 0.00011600000000000 0.003518
58.3673470000000000 0.00679400000000000 0.004469
58.4693880000000000 0.00777700000000000 0.004534
58.5714290000000000 0.01423500000000000 0.005254
58.6734690000000000 0.01874300000000000 0.005759
58.7755100000000000 0.02029000000000000 0.005792
58.8775510000000000 0.01999200000000000 0.005914
58.9795920000000000 0.01532100000000000 0.005370
59.0816330000000000 0.01681800000000000 0.005380
59.1836730000000000 0.01587300000000000 0.005565
59.2857140000000000 0.05302700000000000 0.009022
59.3877550000000000 0.06297900000000000 0.009326
59.4897960000000000 0.05909200000000000 0.009091
59.5918370000000000 0.06815300000000000 0.009581
59.6938780000000000 0.10081500000000000 0.011836
59.7959180000000000 0.11226300000000000 0.012616
59.8979590000000000 0.10428000000000000 0.011992
60.0000000000000000 0.12796600000000000 0.013917
