55.0000000000000000 0.35657000000000000 0.024559
55.1020410000000000 0.38284300000000000 0.025784
55.2040820000000000 0.38422600000000000 0.026083
55.3061220000000000 0.34377300000000000 0.023902
55.4081630000000000 0.32210100000000000 0.023123
55.5102040000000000 0.34691100000000000 0.024923
55.6122450000000000 0.32133400000000000 0.022821
55.7142860000000000 0.29315200000000000 0.021131
55.8163270000000000 0.31689800000000000 0.022993
55.9183670000000000 0.32688500000000000 0.023155
56.0204080000000000 0.33765200000000000 0.024147
56.1224490000000000 0.33359100000000000 0.023789
56.2244900000000000 0.37204000000000000 0.024939
56.3265310000000000 0.35147500000000000 0.025138
56.4285710000000000 0.33893000000000000 0.023827
56.5306120000000000 0.37472500000000000 0.025927
56.6326530000000000 0.42855800000000000 0.028127
56.7346940000000000 0.40957500000000000 0.027187
56.8367350000000000 0.41753900000000000 0.028151
56.9387760000000000 0.34938700000000000 0.023695
57.0408160000000000 0.38540100000000000 0.026239
57.1428570000000000 0.35301400000000000 0.024585
57.2448980000000000 0.35442000000000000 0.025225
57.3469390000000000 0.38108200000000000 0.026709
57.4489800000000000 0.38994400000000000 0.026256
57.5510200000000000 0.35207200000000000 0.024411
57.6530610000000000 0.36823200000000000 0.025562
57.7551020000000000 0.37364900000000000 0.025573
57.8571430000000000 0.35217900000000000 0.024692
57.9591840000000000 0.37906300000000000 0.025821
58.0612240000000000 0.36992600000000000 0.025255
58.1632650000000000 0.39984100000000000 0.027559
58.2653060000000000 0.38652300000000000 0.026460
58.3673470000000000 0.35399800000000000 0.024975
58.4693880000000000 0.35694200000000000 0.024925
58.5714290000000000 0.37378100000000000 0.025616
58.6734690000000000 0.32446100000000000 0.023419
58.7755100000000000 0.30597200000000000 0.022223
58.8775510000000000 0.23200500000000000 0.019018
58.9795920000000000 0.12068700000000000 0.012966
59.0816330000000000 0.09305000000000000 0.011080
59.1836730000000000 0.15204100000000000 0.014987
59.2857140000000000 0.23760100000000000 0.019881
59.3877550000000000 0.29818200000000000 0.022062
59.4897960000000000 0.34851700000000000 0.024509
59.5918370000000000 0.37114900000000000 0.025251
59.6938780000000000 0.37883400000000000 0.025937
59.7959180000000000 0.36209500000000000 0.025327
59.8979590000000000 0.35492900000000000 0.024734
60.0000000000000000 0.39655400000000000 0.027593
