55.0000000000000000 0.37566600000000000 0.025433
55.1020410000000000 0.34882300000000000 0.024227
55.2040820000000000 0.42111800000000000 0.027763
55.3061220000000000 0.35642300000000000 0.024483
55.4081630000000000 0.35656100000000000 0.024725
55.5102040000000000 0.33436300000000000 0.024327
55.6122450000000000 0.33918000000000000 0.023645
55.7142860000000000 0.28809900000000000 0.020896
55.8163270000000000 0.30492400000000000 0.022427
55.9183670000000000 0.31842500000000000 0.022762
56.0204080000000000 0.33654600000000000 0.024095
56.1224490000000000 0.33795000000000000 0.023992
56.2244900000000000 0.36379800000000000 0.024567
56.3265310000000000 0.36174100000000000 0.025623
56.4285710000000000 0.36885700000000000 0.025206
56.5306120000000000 0.38472900000000000 0.026391
56.6326530000000000 0.38179900000000000 0.025997
56.7346940000000000 0.37824400000000000 0.025759
56.8367350000000000 0.37443600000000000 0.026151
56.9387760000000000 0.31910200000000000 0.022317
57.0408160000000000 0.37445500000000000 0.025735
57.1428570000000000 0.35841000000000000 0.024834
57.2448980000000000 0.35101400000000000 0.025065
57.3469390000000000 0.39845100000000000 0.027523
57.4489800000000000 0.38025200000000000 0.025814
57.5510200000000000 0.36593700000000000 0.025048
57.6530610000000000 0.35386100000000000 0.024893
57.7551020000000000 0.35849100000000000 0.024875
57.8571430000000000 0.38826000000000000 0.026358
57.9591840000000000 0.38989000000000000 0.026317
58.0612240000000000 0.36885700000000000 0.025206
58.1632650000000000 0.36633800000000000 0.025987
58.2653060000000000 0.37319800000000000 0.025844
58.3673470000000000 0.36512600000000000 0.025494
58.4693880000000000 0.39963000000000000 0.026892
58.5714290000000000 0.40093700000000000 0.026860
58.6734690000000000 0.34308900000000000 0.024292
58.7755100000000000 0.30384800000000000 0.022123
58.8775510000000000 0.21212800000000000 0.018014
58.9795920000000000 0.10330700000000000 0.011940
59.0816330000000000 0.10558100000000000 0.011833
59.1836730000000000 0.16329500000000000 0.015604
59.2857140000000000 0.27404500000000000 0.021716
59.3877550000000000 0.32744700000000000 0.023442
59.4897960000000000 0.33213500000000000 0.023744
59.5918370000000000 0.31480200000000000 0.022648
59.6938780000000000 0.35475300000000000 0.024823
59.7959180000000000 0.36653600000000000 0.025534
59.8979590000000000 0.34516300000000000 0.024281
60.0000000000000000 0.37309700000000000 0.026487
