55.0000000000000000 0.33004700000000000 0.023336
55.1020410000000000 0.36902200000000000 0.025153
55.2040820000000000 0.39073600000000000 0.026381
55.3061220000000000 0.35220600000000000 0.024289
55.4081630000000000 0.33502300000000000 0.023727
55.5102040000000000 0.33778500000000000 0.024490
55.6122450000000000 0.33708000000000000 0.023549
55.7142860000000000 0.30022500000000000 0.021459
55.8163270000000000 0.28206300000000000 0.021335
55.9183670000000000 0.35438100000000000 0.024424
56.0204080000000000 0.33875900000000000 0.024199
56.1224490000000000 0.36737400000000000 0.025359
56.2244900000000000 0.37925200000000000 0.025264
56.3265310000000000 0.32409600000000000 0.023837
56.4285710000000000 0.38275200000000000 0.025841
56.5306120000000000 0.38917600000000000 0.026596
56.6326530000000000 0.37201200000000000 0.025547
56.7346940000000000 0.35123400000000000 0.024515
56.8367350000000000 0.35175000000000000 0.025086
56.9387760000000000 0.37866200000000000 0.025010
57.0408160000000000 0.35913100000000000 0.025027
57.1428570000000000 0.36596400000000000 0.025183
57.2448980000000000 0.36236900000000000 0.025599
57.3469390000000000 0.37413400000000000 0.026382
57.4489800000000000 0.34363800000000000 0.024127
57.5510200000000000 0.39686700000000000 0.026458
57.6530610000000000 0.37928600000000000 0.026074
57.7551020000000000 0.36931800000000000 0.025374
57.8571430000000000 0.36748600000000000 0.025401
57.9591840000000000 0.36390500000000000 0.025124
58.0612240000000000 0.38061400000000000 0.025743
58.1632650000000000 0.41948000000000000 0.028473
58.2653060000000000 0.39318500000000000 0.026768
58.3673470000000000 0.36846500000000000 0.025650
58.4693880000000000 0.37117200000000000 0.025584
58.5714290000000000 0.37160800000000000 0.025516
58.6734690000000000 0.34637600000000000 0.024446
58.7755100000000000 0.31659200000000000 0.022720
58.8775510000000000 0.19777300000000000 0.017278
58.9795920000000000 0.10982400000000000 0.012330
59.0816330000000000 0.08156300000000000 0.010363
59.1836730000000000 0.15316700000000000 0.015049
59.2857140000000000 0.25993800000000000 0.021011
59.3877550000000000 0.35129300000000000 0.024553
59.4897960000000000 0.34633300000000000 0.024407
59.5918370000000000 0.35413800000000000 0.024471
59.6938780000000000 0.36241500000000000 0.025179
59.7959180000000000 0.38208100000000000 0.026255
59.8979590000000000 0.37120500000000000 0.025485
60.0000000000000000 0.38130700000000000 0.026875
