55.0000000000000000 0.42446600000000000 0.027639
55.1020410000000000 0.40304300000000000 0.026700
55.2040820000000000 0.38748100000000000 0.026232
55.3061220000000000 0.42072800000000000 0.027394
55.4081630000000000 0.36625300000000000 0.025171
55.5102040000000000 0.41992000000000000 0.028333
55.6122450000000000 0.37697100000000000 0.025372
55.7142860000000000 0.35277100000000000 0.023858
55.8163270000000000 0.33975900000000000 0.024065
55.9183670000000000 0.33957600000000000 0.023743
56.0204080000000000 0.35867900000000000 0.025130
56.1224490000000000 0.30743600000000000 0.022557
56.2244900000000000 0.32567800000000000 0.022828
56.3265310000000000 0.30926600000000000 0.023125
56.4285710000000000 0.26731800000000000 0.020448
56.5306120000000000 0.27468100000000000 0.021185
56.6326530000000000 0.23282200000000000 0.018921
56.7346940000000000 0.18161600000000000 0.016261
56.8367350000000000 0.12829400000000000 0.013701
56.9387760000000000 0.09095900000000000 0.010759
57.0408160000000000 0.05812700000000000 0.009033
57.1428570000000000 0.02061800000000000 0.005886
57.2448980000000000 0.00693300000000000 0.004561
57.3469390000000000 0.00359500000000000 0.004186
57.4489800000000000 0.00011300000000000 0.003411
57.5510200000000000 0.00437800000000000 0.004003
57.6530610000000000 0.00564300000000000 0.004296
57.7551020000000000 0.00011400000000000 0.003430
57.8571430000000000 0.00230100000000000 0.003796
57.9591840000000000 0.00119600000000000 0.003598
58.0612240000000000 0.00011200000000000 0.003386
58.1632650000000000 -0.0033450000000000 0.003064
58.2653060000000000 0.00566800000000000 0.004316
58.3673470000000000 0.00345500000000000 0.004023
58.4693880000000000 0.00887100000000000 0.004668
58.5714290000000000 0.00120000000000000 0.003610
58.6734690000000000 -0.0009810000000000 0.003293
58.7755100000000000 0.00223500000000000 0.003687
58.8775510000000000 0.00232400000000000 0.003834
58.9795920000000000 0.00011400000000000 0.003441
59.0816330000000000 0.00011000000000000 0.003308
59.1836730000000000 0.00461900000000000 0.004223
59.2857140000000000 0.00835300000000000 0.004870
59.3877550000000000 0.00770100000000000 0.004489
59.4897960000000000 0.02741900000000000 0.006574
59.5918370000000000 0.03944800000000000 0.007481
59.6938780000000000 0.03514100000000000 0.007256
59.7959180000000000 0.05563500000000000 0.008924
59.8979590000000000 0.05219700000000000 0.008557
60.0000000000000000 0.06580400000000000 0.009947
