55.0000000000000000 0.36611800000000000 0.024997
55.1020410000000000 0.36370700000000000 0.024910
55.2040820000000000 0.34950400000000000 0.024483
55.3061220000000000 0.36907300000000000 0.025061
55.4081630000000000 0.37702200000000000 0.025666
55.5102040000000000 0.32295500000000000 0.023782
55.6122450000000000 0.34862800000000000 0.024080
55.7142860000000000 0.31235100000000000 0.022018
55.8163270000000000 0.26246800000000000 0.020388
55.9183670000000000 0.32477000000000000 0.023057
56.0204080000000000 0.33543900000000000 0.024043
56.1224490000000000 0.37064300000000000 0.025509
56.2244900000000000 0.37307100000000000 0.024986
56.3265310000000000 0.36972700000000000 0.025998
56.4285710000000000 0.41588500000000000 0.027343
56.5306120000000000 0.35249300000000000 0.024892
56.6326530000000000 0.38397400000000000 0.026097
56.7346940000000000 0.33502900000000000 0.023762
56.8367350000000000 0.35175000000000000 0.025086
56.9387760000000000 0.33727300000000000 0.023146
57.0408160000000000 0.36898300000000000 0.025483
57.1428570000000000 0.39078600000000000 0.026320
57.2448980000000000 0.37599600000000000 0.026238
57.3469390000000000 0.41350400000000000 0.028225
57.4489800000000000 0.39425200000000000 0.026452
57.5510200000000000 0.39473400000000000 0.026361
57.6530610000000000 0.32290800000000000 0.023440
57.7551020000000000 0.37148400000000000 0.025473
57.8571430000000000 0.36201900000000000 0.025148
57.9591840000000000 0.33792000000000000 0.023920
58.0612240000000000 0.37954500000000000 0.025695
58.1632650000000000 0.34092300000000000 0.024781
58.2653060000000000 0.36098400000000000 0.025276
58.3673470000000000 0.32506400000000000 0.023613
58.4693880000000000 0.35147000000000000 0.024671
58.5714290000000000 0.36509100000000000 0.025216
58.6734690000000000 0.32117300000000000 0.023264
58.7755100000000000 0.31234400000000000 0.022522
58.8775510000000000 0.19225200000000000 0.016991
58.9795920000000000 0.12503200000000000 0.013216
59.0816330000000000 0.10558100000000000 0.011833
59.1836730000000000 0.13516100000000000 0.014039
59.2857140000000000 0.27051900000000000 0.021541
59.3877550000000000 0.28192400000000000 0.021286
59.4897960000000000 0.31793700000000000 0.023076
59.5918370000000000 0.35094900000000000 0.024324
59.6938780000000000 0.37336100000000000 0.025685
59.7959180000000000 0.39873700000000000 0.027023
59.8979590000000000 0.36469500000000000 0.025185
60.0000000000000000 0.39186300000000000 0.027373
