55.0000000000000000 0.38945700000000000 0.026060
55.1020410000000000 0.36264400000000000 0.024862
55.2040820000000000 0.35926900000000000 0.024935
55.3061220000000000 0.33744700000000000 0.023611
55.4081630000000000 0.37271400000000000 0.025468
55.5102040000000000 0.36630400000000000 0.025837
55.6122450000000000 0.34862800000000000 0.024080
55.7142860000000000 0.30830900000000000 0.021832
55.8163270000000000 0.27553100000000000 0.021021
55.9183670000000000 0.31419500000000000 0.022564
56.0204080000000000 0.33433200000000000 0.023991
56.1224490000000000 0.36083500000000000 0.025056
56.2244900000000000 0.38955500000000000 0.025727
56.3265310000000000 0.39710500000000000 0.027276
56.4285710000000000 0.41161000000000000 0.027150
56.5306120000000000 0.36138600000000000 0.025307
56.6326530000000000 0.34047700000000000 0.024087
56.7346940000000000 0.34043100000000000 0.024013
56.8367350000000000 0.36422700000000000 0.025673
56.9387760000000000 0.38370900000000000 0.025236
57.0408160000000000 0.38430600000000000 0.026189
57.1428570000000000 0.34330100000000000 0.024135
57.2448980000000000 0.35555600000000000 0.025279
57.3469390000000000 0.35560700000000000 0.025506
57.4489800000000000 0.38563700000000000 0.026060
57.5510200000000000 0.37446900000000000 0.025439
57.6530610000000000 0.37597000000000000 0.025920
57.7551020000000000 0.36282200000000000 0.025074
57.8571430000000000 0.36748600000000000 0.025401
57.9591840000000000 0.35199500000000000 0.024574
58.0612240000000000 0.33999900000000000 0.023877
58.1632650000000000 0.35478600000000000 0.025441
58.2653060000000000 0.36431500000000000 0.025431
58.3673470000000000 0.39183400000000000 0.026732
58.4693880000000000 0.29783600000000000 0.022145
58.5714290000000000 0.35205600000000000 0.024613
58.6734690000000000 0.33870600000000000 0.024087
58.7755100000000000 0.28685500000000000 0.021320
58.8775510000000000 0.19225200000000000 0.016991
58.9795920000000000 0.11851400000000000 0.012840
59.0816330000000000 0.09618200000000000 0.011271
59.1836730000000000 0.14641500000000000 0.014674
59.2857140000000000 0.27169400000000000 0.021599
59.3877550000000000 0.30793700000000000 0.022524
59.4897960000000000 0.33650400000000000 0.023949
59.5918370000000000 0.37540100000000000 0.025445
59.6938780000000000 0.37992800000000000 0.025988
59.7959180000000000 0.33322500000000000 0.023975
59.8979590000000000 0.33214300000000000 0.023674
60.0000000000000000 0.38951700000000000 0.027262
