55.0000000000000000 0.34490000000000000 0.024023
55.1020410000000000 0.39134800000000000 0.026170
55.2040820000000000 0.35926900000000000 0.024935
55.3061220000000000 0.39964400000000000 0.026446
55.4081630000000000 0.36409900000000000 0.025072
55.5102040000000000 0.35717800000000000 0.025408
55.6122450000000000 0.30138900000000000 0.021890
55.7142860000000000 0.31235100000000000 0.022018
55.8163270000000000 0.29077200000000000 0.021753
55.9183670000000000 0.32477000000000000 0.023057
56.0204080000000000 0.35978600000000000 0.025182
56.1224490000000000 0.38699000000000000 0.026261
56.2244900000000000 0.37513100000000000 0.025079
56.3265310000000000 0.35261500000000000 0.025192
56.4285710000000000 0.36030600000000000 0.024814
56.5306120000000000 0.37917100000000000 0.026133
56.6326530000000000 0.34156400000000000 0.024137
56.7346940000000000 0.35879700000000000 0.024864
56.8367350000000000 0.39258400000000000 0.026997
56.9387760000000000 0.36553900000000000 0.024422
57.0408160000000000 0.35475300000000000 0.024823
57.1428570000000000 0.38754800000000000 0.026172
57.2448980000000000 0.35328500000000000 0.025172
57.3469390000000000 0.35560700000000000 0.025506
57.4489800000000000 0.38025200000000000 0.025814
57.5510200000000000 0.38300200000000000 0.025828
57.6530610000000000 0.37707500000000000 0.025972
57.7551020000000000 0.39097300000000000 0.026366
57.8571430000000000 0.32265800000000000 0.023310
57.9591840000000000 0.37148400000000000 0.025473
58.0612240000000000 0.33893000000000000 0.023827
58.1632650000000000 0.37211500000000000 0.026260
58.2653060000000000 0.37319800000000000 0.025844
58.3673470000000000 0.35399800000000000 0.024975
58.4693880000000000 0.36132100000000000 0.025128
58.5714290000000000 0.39985000000000000 0.026810
58.6734690000000000 0.37486600000000000 0.025767
58.7755100000000000 0.25924300000000000 0.019999
58.8775510000000000 0.21875400000000000 0.018351
58.9795920000000000 0.13263500000000000 0.013649
59.0816330000000000 0.09513800000000000 0.011207
59.1836730000000000 0.17117200000000000 0.016030
59.2857140000000000 0.24465500000000000 0.020240
59.3877550000000000 0.29709800000000000 0.022010
59.4897960000000000 0.33759600000000000 0.024000
59.5918370000000000 0.36264400000000000 0.024862
59.6938780000000000 0.35913100000000000 0.025027
59.7959180000000000 0.33766700000000000 0.024184
59.8979590000000000 0.39941700000000000 0.026777
60.0000000000000000 0.38013400000000000 0.026820
