55.0000000000000000 0.38203100000000000 0.025722
55.1020410000000000 0.37646400000000000 0.025493
55.2040820000000000 0.39399100000000000 0.026530
55.3061220000000000 0.37961500000000000 0.025540
55.4081630000000000 0.36625300000000000 0.025171
55.5102040000000000 0.35147500000000000 0.025138
55.6122450000000000 0.31503600000000000 0.022528
55.7142860000000000 0.31134100000000000 0.021971
55.8163270000000000 0.28206300000000000 0.021335
55.9183670000000000 0.30256200000000000 0.022020
56.0204080000000000 0.30998500000000000 0.022838
56.1224490000000000 0.36410500000000000 0.025208
56.2244900000000000 0.37822200000000000 0.025218
56.3265310000000000 0.40052700000000000 0.027435
56.4285710000000000 0.38488900000000000 0.025938
56.5306120000000000 0.37583600000000000 0.025979
56.6326530000000000 0.34591400000000000 0.024340
56.7346940000000000 0.38148500000000000 0.025907
56.8367350000000000 0.35401800000000000 0.025193
56.9387760000000000 0.36049100000000000 0.024195
57.0408160000000000 0.36022600000000000 0.025077
57.1428570000000000 0.34653900000000000 0.024285
57.2448980000000000 0.37145400000000000 0.026025
57.3469390000000000 0.36487100000000000 0.025945
57.4489800000000000 0.38563700000000000 0.026060
57.5510200000000000 0.36273700000000000 0.024902
57.6530610000000000 0.38260300000000000 0.026227
57.7551020000000000 0.35740900000000000 0.024825
57.8571430000000000 0.38607300000000000 0.026257
57.9591840000000000 0.35524300000000000 0.024724
58.0612240000000000 0.35282400000000000 0.024469
58.1632650000000000 0.33861200000000000 0.024671
58.2653060000000000 0.36431500000000000 0.025431
58.3673470000000000 0.36290100000000000 0.025391
58.4693880000000000 0.35365900000000000 0.024773
58.5714290000000000 0.34879700000000000 0.024462
58.6734690000000000 0.33432200000000000 0.023882
58.7755100000000000 0.26561500000000000 0.020306
58.8775510000000000 0.19666900000000000 0.017221
58.9795920000000000 0.12285900000000000 0.013092
59.0816330000000000 0.09827100000000000 0.011397
59.1836730000000000 0.15204100000000000 0.014987
59.2857140000000000 0.24818200000000000 0.020419
59.3877550000000000 0.32311200000000000 0.023239
59.4897960000000000 0.34961000000000000 0.024560
59.5918370000000000 0.36689600000000000 0.025056
59.6938780000000000 0.34599700000000000 0.024416
59.7959180000000000 0.33877700000000000 0.024236
59.8979590000000000 0.36903500000000000 0.025385
60.0000000000000000 0.38482600000000000 0.027041
