55.0000000000000000 0.41279700000000000 0.027114
55.1020410000000000 0.35945400000000000 0.024715
55.2040820000000000 0.38748100000000000 0.026232
55.3061220000000000 0.34588100000000000 0.023999
55.4081630000000000 0.33071600000000000 0.023526
55.5102040000000000 0.31839200000000000 0.023564
55.6122450000000000 0.26989600000000000 0.020401
55.7142860000000000 0.23656400000000000 0.018458
55.8163270000000000 0.20586100000000000 0.017573
55.9183670000000000 0.25074400000000000 0.019548
56.0204080000000000 0.21149100000000000 0.018001
56.1224490000000000 0.20717500000000000 0.017649
56.2244900000000000 0.19483200000000000 0.016562
56.3265310000000000 0.15412300000000000 0.015204
56.4285710000000000 0.11875200000000000 0.012748
56.5306120000000000 0.10238400000000000 0.012028
56.6326530000000000 0.06427200000000000 0.009433
56.7346940000000000 0.05089100000000000 0.008439
56.8367350000000000 0.02734200000000000 0.006727
56.9387760000000000 0.02231500000000000 0.005793
57.0408160000000000 0.01106000000000000 0.004927
57.1428570000000000 0.00119200000000000 0.003586
57.2448980000000000 0.00239000000000000 0.003943
57.3469390000000000 -0.0010360000000000 0.003480
57.4489800000000000 0.00011300000000000 0.003411
57.5510200000000000 0.00224500000000000 0.003703
57.6530610000000000 0.00011600000000000 0.003502
57.7551020000000000 -0.0031350000000000 0.002872
57.8571430000000000 0.00448800000000000 0.004103
57.9591840000000000 0.00227900000000000 0.003759
58.0612240000000000 0.00011200000000000 0.003386
58.1632650000000000 -0.0045000000000000 0.002840
58.2653060000000000 0.00233700000000000 0.003855
58.3673470000000000 -0.0021090000000000 0.003154
58.4693880000000000 -0.0042630000000000 0.002690
58.5714290000000000 0.00228600000000000 0.003771
58.6734690000000000 -0.0031720000000000 0.002906
58.7755100000000000 -0.0009510000000000 0.003192
58.8775510000000000 -0.0009880000000000 0.003319
58.9795920000000000 -0.0042310000000000 0.002670
59.0816330000000000 0.00219800000000000 0.003625
59.1836730000000000 -0.0043830000000000 0.002766
59.2857140000000000 -0.0034040000000000 0.003118
59.3877550000000000 0.00336500000000000 0.003918
59.4897960000000000 -0.0009780000000000 0.003282
59.5918370000000000 0.00117500000000000 0.003533
59.6938780000000000 -0.0031690000000000 0.002903
59.7959180000000000 -0.0009940000000000 0.003337
59.8979590000000000 -0.0009710000000000 0.003261
60.0000000000000000 0.00716000000000000 0.004711
