55.0000000000000000 0.42340600000000000 0.027591
55.1020410000000000 0.36264400000000000 0.024862
55.2040820000000000 0.37988500000000000 0.025884
55.3061220000000000 0.37223500000000000 0.025205
55.4081630000000000 0.34148500000000000 0.024027
55.5102040000000000 0.37999400000000000 0.026479
55.6122450000000000 0.33183200000000000 0.023307
55.7142860000000000 0.28506800000000000 0.020755
55.8163270000000000 0.22872100000000000 0.018726
55.9183670000000000 0.21478800000000000 0.017779
56.0204080000000000 0.24801200000000000 0.019835
56.1224490000000000 0.19300700000000000 0.016922
56.2244900000000000 0.15980200000000000 0.014756
56.3265310000000000 0.09936600000000000 0.012005
56.4285710000000000 0.06531000000000000 0.009415
56.5306120000000000 0.03013000000000000 0.006891
56.6326530000000000 0.00446400000000000 0.004081
56.7346940000000000 -0.0031280000000000 0.002865
56.8367350000000000 0.00805900000000000 0.004699
56.9387760000000000 0.00010600000000000 0.003198
57.0408160000000000 -0.0042630000000000 0.002690
57.1428570000000000 0.00658800000000000 0.004334
57.2448980000000000 0.00239000000000000 0.003943
57.3469390000000000 0.00591100000000000 0.004501
57.4489800000000000 0.01088200000000000 0.004847
57.5510200000000000 0.00437800000000000 0.004003
57.6530610000000000 0.00122100000000000 0.003673
57.7551020000000000 0.00119600000000000 0.003598
57.8571430000000000 0.00120800000000000 0.003633
57.9591840000000000 0.00227900000000000 0.003759
58.0612240000000000 0.00545600000000000 0.004154
58.1632650000000000 0.00936300000000000 0.004927
58.2653060000000000 0.02010300000000000 0.005947
58.3673470000000000 0.02571200000000000 0.006496
58.4693880000000000 0.04608600000000000 0.008137
58.5714290000000000 0.05442600000000000 0.008726
58.6734690000000000 0.07024400000000000 0.009883
58.7755100000000000 0.07126600000000000 0.009784
58.8775510000000000 0.04649400000000000 0.008210
58.9795920000000000 0.04139100000000000 0.007733
59.0816330000000000 0.02412800000000000 0.006092
59.1836730000000000 0.04175600000000000 0.007926
59.2857140000000000 0.10357900000000000 0.012460
59.3877550000000000 0.12584400000000000 0.013248
59.4897960000000000 0.17158600000000000 0.015818
59.5918370000000000 0.15107800000000000 0.014517
59.6938780000000000 0.16867800000000000 0.015680
59.7959180000000000 0.18998900000000000 0.016919
59.8979590000000000 0.19217000000000000 0.016844
60.0000000000000000 0.18543700000000000 0.017133
