55.0000000000000000 0.37460500000000000 0.025384
55.1020410000000000 0.34882300000000000 0.024227
55.2040820000000000 0.34082300000000000 0.024079
55.3061220000000000 0.38910200000000000 0.025970
55.4081630000000000 0.36409900000000000 0.025072
55.5102040000000000 0.37314900000000000 0.026158
55.6122450000000000 0.36332400000000000 0.024752
55.7142860000000000 0.31942500000000000 0.022342
55.8163270000000000 0.30492400000000000 0.022427
55.9183670000000000 0.32582800000000000 0.023106
56.0204080000000000 0.32990600000000000 0.023782
56.1224490000000000 0.36737400000000000 0.025359
56.2244900000000000 0.37925200000000000 0.025264
56.3265310000000000 0.37200800000000000 0.026105
56.4285710000000000 0.37633900000000000 0.025548
56.5306120000000000 0.35693900000000000 0.025100
56.6326530000000000 0.36657500000000000 0.025297
56.7346940000000000 0.38688700000000000 0.026154
56.8367350000000000 0.35628700000000000 0.025300
56.9387760000000000 0.36755800000000000 0.024513
57.0408160000000000 0.34709100000000000 0.024467
57.1428570000000000 0.36920200000000000 0.025332
57.2448980000000000 0.35442000000000000 0.025225
57.3469390000000000 0.38224000000000000 0.026764
57.4489800000000000 0.35010000000000000 0.024426
57.5510200000000000 0.38086900000000000 0.025731
57.6530610000000000 0.32622500000000000 0.023596
57.7551020000000000 0.38664200000000000 0.026169
57.8571430000000000 0.38607300000000000 0.026257
57.9591840000000000 0.37040100000000000 0.025424
58.0612240000000000 0.36778800000000000 0.025157
58.1632650000000000 0.38251200000000000 0.026748
58.2653060000000000 0.36098400000000000 0.025276
58.3673470000000000 0.35065900000000000 0.024819
58.4693880000000000 0.40948100000000000 0.027341
58.5714290000000000 0.35205600000000000 0.024613
58.6734690000000000 0.35075900000000000 0.024650
58.7755100000000000 0.31128200000000000 0.022472
58.8775510000000000 0.18121000000000000 0.016413
58.9795920000000000 0.10547900000000000 0.012071
59.0816330000000000 0.08991700000000000 0.010887
59.1836730000000000 0.15429200000000000 0.015111
59.2857140000000000 0.24112800000000000 0.020061
59.3877550000000000 0.28951100000000000 0.021649
59.4897960000000000 0.36490000000000000 0.025269
59.5918370000000000 0.34244400000000000 0.023932
59.6938780000000000 0.37773900000000000 0.025887
59.7959180000000000 0.36098400000000000 0.025276
59.8979590000000000 0.34733400000000000 0.024382
60.0000000000000000 0.34846700000000000 0.025315
