55.0000000000000000 0.37884800000000000 0.025578
55.1020410000000000 0.37646400000000000 0.025493
55.2040820000000000 0.39507600000000000 0.026579
55.3061220000000000 0.33850200000000000 0.023659
55.4081630000000000 0.37056000000000000 0.025369
55.5102040000000000 0.34691100000000000 0.024923
55.6122450000000000 0.32343400000000000 0.022918
55.7142860000000000 0.28304700000000000 0.020661
55.8163270000000000 0.29948100000000000 0.022168
55.9183670000000000 0.29727500000000000 0.021771
56.0204080000000000 0.34429200000000000 0.024458
56.1224490000000000 0.37609200000000000 0.025760
56.2244900000000000 0.36791900000000000 0.024753
56.3265310000000000 0.32409600000000000 0.023837
56.4285710000000000 0.37313200000000000 0.025402
56.5306120000000000 0.36694400000000000 0.025566
56.6326530000000000 0.39811000000000000 0.026744
56.7346940000000000 0.33070700000000000 0.023560
56.8367350000000000 0.33927300000000000 0.024497
56.9387760000000000 0.35645300000000000 0.024014
57.0408160000000000 0.38540100000000000 0.026239
57.1428570000000000 0.36488500000000000 0.025133
57.2448980000000000 0.38621700000000000 0.026714
57.3469390000000000 0.39729300000000000 0.027469
57.4489800000000000 0.36194500000000000 0.024973
57.5510200000000000 0.36167100000000000 0.024853
57.6530610000000000 0.36270500000000000 0.025305
57.7551020000000000 0.38447600000000000 0.026069
57.8571430000000000 0.33031100000000000 0.023670
57.9591840000000000 0.38772400000000000 0.026218
58.0612240000000000 0.37206300000000000 0.025353
58.1632650000000000 0.35247500000000000 0.025331
58.2653060000000000 0.36764700000000000 0.025586
58.3673470000000000 0.38181900000000000 0.026269
58.4693880000000000 0.35037500000000000 0.024620
58.5714290000000000 0.36726300000000000 0.025316
58.6734690000000000 0.35842900000000000 0.025007
58.7755100000000000 0.30066200000000000 0.021973
58.8775510000000000 0.21212800000000000 0.018014
58.9795920000000000 0.11416900000000000 0.012586
59.0816330000000000 0.10453700000000000 0.011771
59.1836730000000000 0.14078800000000000 0.014358
59.2857140000000000 0.26581600000000000 0.021306
59.3877550000000000 0.31877600000000000 0.023036
59.4897960000000000 0.34742500000000000 0.024458
59.5918370000000000 0.36051700000000000 0.024764
59.6938780000000000 0.40291400000000000 0.027042
59.7959180000000000 0.33766700000000000 0.024184
59.8979590000000000 0.35709900000000000 0.024834
60.0000000000000000 0.38834400000000000 0.027207
