55.0000000000000000 0.35020400000000000 0.024267
55.1020410000000000 0.38709600000000000 0.025977
55.2040820000000000 0.37120500000000000 0.025485
55.3061220000000000 0.37856000000000000 0.025492
55.4081630000000000 0.38886700000000000 0.026207
55.5102040000000000 0.35147500000000000 0.025138
55.6122450000000000 0.34862800000000000 0.024080
55.7142860000000000 0.29416200000000000 0.021178
55.8163270000000000 0.25920200000000000 0.020229
55.9183670000000000 0.31525300000000000 0.022614
56.0204080000000000 0.33433200000000000 0.023991
56.1224490000000000 0.34884800000000000 0.024500
56.2244900000000000 0.38749500000000000 0.025635
56.3265310000000000 0.35946000000000000 0.025515
56.4285710000000000 0.36565000000000000 0.025059
56.5306120000000000 0.37806000000000000 0.026082
56.6326530000000000 0.37527400000000000 0.025698
56.7346940000000000 0.34691300000000000 0.024314
56.8367350000000000 0.37783800000000000 0.026310
56.9387760000000000 0.36150100000000000 0.024241
57.0408160000000000 0.38977900000000000 0.026440
57.1428570000000000 0.36812300000000000 0.025282
57.2448980000000000 0.35101400000000000 0.025065
57.3469390000000000 0.38455600000000000 0.026872
57.4489800000000000 0.35117700000000000 0.024476
57.5510200000000000 0.35953800000000000 0.024755
57.6530610000000000 0.34612300000000000 0.024532
57.7551020000000000 0.33142300000000000 0.023617
57.8571430000000000 0.39810000000000000 0.026808
57.9591840000000000 0.38555900000000000 0.026119
58.0612240000000000 0.38275200000000000 0.025841
58.1632650000000000 0.35016500000000000 0.025221
58.2653060000000000 0.34210800000000000 0.024393
58.3673470000000000 0.38181900000000000 0.026269
58.4693880000000000 0.35694200000000000 0.024925
58.5714290000000000 0.38247100000000000 0.026015
58.6734690000000000 0.33322700000000000 0.023831
58.7755100000000000 0.30384800000000000 0.022123
58.8775510000000000 0.20219000000000000 0.017506
58.9795920000000000 0.11416900000000000 0.012586
59.0816330000000000 0.10140400000000000 0.011585
59.1836730000000000 0.13403600000000000 0.013975
59.2857140000000000 0.25641100000000000 0.020834
59.3877550000000000 0.29167900000000000 0.021752
59.4897960000000000 0.34633300000000000 0.024407
59.5918370000000000 0.34563300000000000 0.024079
59.6938780000000000 0.37555000000000000 0.025786
59.7959180000000000 0.36875700000000000 0.025637
59.8979590000000000 0.37337500000000000 0.025585
60.0000000000000000 0.37896100000000000 0.026764
