55.0000000000000000 0.35444800000000000 0.024462
55.1020410000000000 0.36158000000000000 0.024813
55.2040820000000000 0.38097000000000000 0.025934
55.3061220000000000 0.37961500000000000 0.025540
55.4081630000000000 0.38994400000000000 0.026256
55.5102040000000000 0.35603800000000000 0.025354
55.6122450000000000 0.36227400000000000 0.024704
55.7142860000000000 0.31134100000000000 0.021971
55.8163270000000000 0.32887300000000000 0.023556
55.9183670000000000 0.30256200000000000 0.022020
56.0204080000000000 0.35203900000000000 0.024821
56.1224490000000000 0.34993700000000000 0.024551
56.2244900000000000 0.38646400000000000 0.025589
56.3265310000000000 0.35147500000000000 0.025138
56.4285710000000000 0.35175600000000000 0.024420
56.5306120000000000 0.39362200000000000 0.026801
56.6326530000000000 0.36983700000000000 0.025447
56.7346940000000000 0.36203800000000000 0.025014
56.8367350000000000 0.36876400000000000 0.025886
56.9387760000000000 0.35746300000000000 0.024059
57.0408160000000000 0.36460400000000000 0.025280
57.1428570000000000 0.35948900000000000 0.024884
57.2448980000000000 0.36123400000000000 0.025546
57.3469390000000000 0.38224000000000000 0.026764
57.4489800000000000 0.36517600000000000 0.025122
57.5510200000000000 0.37980200000000000 0.025682
57.6530610000000000 0.37154800000000000 0.025716
57.7551020000000000 0.38014600000000000 0.025871
57.8571430000000000 0.31391100000000000 0.022898
57.9591840000000000 0.36823600000000000 0.025324
58.0612240000000000 0.35923700000000000 0.024765
58.1632650000000000 0.35478600000000000 0.025441
58.2653060000000000 0.36431500000000000 0.025431
58.3673470000000000 0.36290100000000000 0.025391
58.4693880000000000 0.38430600000000000 0.026189
58.5714290000000000 0.33359000000000000 0.023753
58.6734690000000000 0.33432200000000000 0.023882
58.7755100000000000 0.27942100000000000 0.020967
58.8775510000000000 0.16354200000000000 0.015472
58.9795920000000000 0.10765200000000000 0.012201
59.0816330000000000 0.11289100000000000 0.012261
59.1836730000000000 0.18580200000000000 0.016809
59.2857140000000000 0.26228900000000000 0.021129
59.3877550000000000 0.32094400000000000 0.023137
59.4897960000000000 0.33322700000000000 0.023795
59.5918370000000000 0.31692800000000000 0.022747
59.6938780000000000 0.38868500000000000 0.026390
59.7959180000000000 0.42871600000000000 0.028395
59.8979590000000000 0.36143900000000000 0.025035
60.0000000000000000 0.37778800000000000 0.026709
