55.0000000000000000 0.40537000000000000 0.026779
55.1020410000000000 0.37327500000000000 0.025348
55.2040820000000000 0.34624800000000000 0.024331
55.3061220000000000 0.36907300000000000 0.025061
55.4081630000000000 0.35763800000000000 0.024775
55.5102040000000000 0.36858600000000000 0.025944
55.6122450000000000 0.36752300000000000 0.024943
55.7142860000000000 0.29618300000000000 0.021272
55.8163270000000000 0.30056900000000000 0.022220
55.9183670000000000 0.30044700000000000 0.021920
56.0204080000000000 0.34429200000000000 0.024458
56.1224490000000000 0.36955400000000000 0.025459
56.2244900000000000 0.36276800000000000 0.024520
56.3265310000000000 0.36060100000000000 0.025569
56.4285710000000000 0.39237100000000000 0.026279
56.5306120000000000 0.35027000000000000 0.024788
56.6326530000000000 0.38723600000000000 0.026247
56.7346940000000000 0.38148500000000000 0.025907
56.8367350000000000 0.35628700000000000 0.025300
56.9387760000000000 0.39380400000000000 0.025685
57.0408160000000000 0.35694200000000000 0.024925
57.1428570000000000 0.35085500000000000 0.024485
57.2448980000000000 0.35555600000000000 0.025279
57.3469390000000000 0.34402800000000000 0.024956
57.4489800000000000 0.34794600000000000 0.024327
57.5510200000000000 0.34353900000000000 0.024018
57.6530610000000000 0.35938800000000000 0.025151
57.7551020000000000 0.38447600000000000 0.026069
57.8571430000000000 0.37623300000000000 0.025805
57.9591840000000000 0.38880700000000000 0.026268
58.0612240000000000 0.36671900000000000 0.025108
58.1632650000000000 0.34900900000000000 0.025166
58.2653060000000000 0.36098400000000000 0.025276
58.3673470000000000 0.36623900000000000 0.025546
58.4693880000000000 0.35694200000000000 0.024925
58.5714290000000000 0.40202300000000000 0.026909
58.6734690000000000 0.37048300000000000 0.025565
58.7755100000000000 0.29428900000000000 0.021672
58.8775510000000000 0.17679300000000000 0.016180
58.9795920000000000 0.11416900000000000 0.012586
59.0816330000000000 0.11289100000000000 0.012261
59.1836730000000000 0.15429200000000000 0.015111
59.2857140000000000 0.26816700000000000 0.021423
59.3877550000000000 0.29276300000000000 0.021804
59.4897960000000000 0.39438900000000000 0.026626
59.5918370000000000 0.36264400000000000 0.024862
59.6938780000000000 0.37555000000000000 0.025786
59.7959180000000000 0.38874300000000000 0.026563
59.8979590000000000 0.37446000000000000 0.025635
60.0000000000000000 0.36254100000000000 0.025986
