55.0000000000000000 0.36611800000000000 0.024997
55.1020410000000000 0.37540100000000000 0.025445
55.2040820000000000 0.37771500000000000 0.025785
55.3061220000000000 0.38804800000000000 0.025922
55.4081630000000000 0.35871500000000000 0.024824
55.5102040000000000 0.41079400000000000 0.027911
55.6122450000000000 0.32028400000000000 0.022772
55.7142860000000000 0.32750900000000000 0.022712
55.8163270000000000 0.27879700000000000 0.021178
55.9183670000000000 0.31631000000000000 0.022663
56.0204080000000000 0.33986600000000000 0.024251
56.1224490000000000 0.36519500000000000 0.025258
56.2244900000000000 0.32773800000000000 0.022922
56.3265310000000000 0.31268900000000000 0.023290
56.4285710000000000 0.36030600000000000 0.024814
56.5306120000000000 0.36360900000000000 0.025411
56.6326530000000000 0.37418700000000000 0.025648
56.7346940000000000 0.34691300000000000 0.024314
56.8367350000000000 0.34834700000000000 0.024926
56.9387760000000000 0.36755800000000000 0.024513
57.0408160000000000 0.37336100000000000 0.025685
57.1428570000000000 0.37028100000000000 0.025381
57.2448980000000000 0.34079300000000000 0.024581
57.3469390000000000 0.39497700000000000 0.027361
57.4489800000000000 0.39209800000000000 0.026354
57.5510200000000000 0.35953800000000000 0.024755
57.6530610000000000 0.36712600000000000 0.025511
57.7551020000000000 0.35416000000000000 0.024674
57.8571430000000000 0.36092600000000000 0.025098
57.9591840000000000 0.39530300000000000 0.026564
58.0612240000000000 0.37313200000000000 0.025402
58.1632650000000000 0.37904600000000000 0.026586
58.2653060000000000 0.35876400000000000 0.025172
58.3673470000000000 0.38960900000000000 0.026629
58.4693880000000000 0.36022600000000000 0.025077
58.5714290000000000 0.35857300000000000 0.024915
58.6734690000000000 0.33432200000000000 0.023882
58.7755100000000000 0.29960000000000000 0.021923
58.8775510000000000 0.19446100000000000 0.017106
58.9795920000000000 0.10656600000000000 0.012136
59.0816330000000000 0.10244800000000000 0.011647
59.1836730000000000 0.16104400000000000 0.015481
59.2857140000000000 0.24700600000000000 0.020359
59.3877550000000000 0.33720200000000000 0.023898
59.4897960000000000 0.33759600000000000 0.024000
59.5918370000000000 0.30948600000000000 0.022399
59.6938780000000000 0.34709100000000000 0.024467
59.7959180000000000 0.38208100000000000 0.026255
59.8979590000000000 0.37554500000000000 0.025685
60.0000000000000000 0.35081200000000000 0.025427
