55.0000000000000000 0.34065600000000000 0.023827
55.1020410000000000 0.36477000000000000 0.024959
55.2040820000000000 0.37663000000000000 0.025735
55.3061220000000000 0.34693500000000000 0.024047
55.4081630000000000 0.40502100000000000 0.026942
55.5102040000000000 0.35603800000000000 0.025354
55.6122450000000000 0.33078200000000000 0.023258
55.7142860000000000 0.30628800000000000 0.021739
55.8163270000000000 0.30927800000000000 0.022633
55.9183670000000000 0.28987200000000000 0.021421
56.0204080000000000 0.33322600000000000 0.023939
56.1224490000000000 0.36410500000000000 0.025208
56.2244900000000000 0.34834400000000000 0.023865
56.3265310000000000 0.39368300000000000 0.027117
56.4285710000000000 0.38275200000000000 0.025841
56.5306120000000000 0.38139400000000000 0.026236
56.6326530000000000 0.36440000000000000 0.025196
56.7346940000000000 0.37716300000000000 0.025709
56.8367350000000000 0.36876400000000000 0.025886
56.9387760000000000 0.37260500000000000 0.024739
57.0408160000000000 0.40291400000000000 0.027042
57.1428570000000000 0.35841000000000000 0.024834
57.2448980000000000 0.39303000000000000 0.027031
57.3469390000000000 0.39034500000000000 0.027144
57.4489800000000000 0.35979200000000000 0.024874
57.5510200000000000 0.34673900000000000 0.024165
57.6530610000000000 0.38370800000000000 0.026278
57.7551020000000000 0.35632600000000000 0.024774
57.8571430000000000 0.38279300000000000 0.026107
57.9591840000000000 0.37581500000000000 0.025672
58.0612240000000000 0.33786100000000000 0.023778
58.1632650000000000 0.38366700000000000 0.026803
58.2653060000000000 0.35210100000000000 0.024861
58.3673470000000000 0.37625500000000000 0.026011
58.4693880000000000 0.35037500000000000 0.024620
58.5714290000000000 0.43135100000000000 0.028240
58.6734690000000000 0.38034400000000000 0.026020
58.7755100000000000 0.29322700000000000 0.021622
58.8775510000000000 0.19446100000000000 0.017106
58.9795920000000000 0.11416900000000000 0.012586
59.0816330000000000 0.08887300000000000 0.010823
59.1836730000000000 0.13741200000000000 0.014167
59.2857140000000000 0.24112800000000000 0.020061
59.3877550000000000 0.32527900000000000 0.023341
59.4897960000000000 0.33868800000000000 0.024051
59.5918370000000000 0.37646400000000000 0.025493
59.6938780000000000 0.34709100000000000 0.024467
59.7959180000000000 0.36764700000000000 0.025586
59.8979590000000000 0.32997300000000000 0.023572
60.0000000000000000 0.35785000000000000 0.025763
