55.0000000000000000 0.36930000000000000 0.025142
55.1020410000000000 0.35839100000000000 0.024667
55.2040820000000000 0.33539800000000000 0.023826
55.3061220000000000 0.35326000000000000 0.024338
55.4081630000000000 0.39855900000000000 0.026648
55.5102040000000000 0.36060100000000000 0.025569
55.6122450000000000 0.36962300000000000 0.025038
55.7142860000000000 0.27597300000000000 0.020330
55.8163270000000000 0.28859500000000000 0.021649
55.9183670000000000 0.33640300000000000 0.023596
56.0204080000000000 0.34650600000000000 0.024562
56.1224490000000000 0.35211700000000000 0.024652
56.2244900000000000 0.38646400000000000 0.025589
56.3265310000000000 0.35603800000000000 0.025354
56.4285710000000000 0.41267900000000000 0.027198
56.5306120000000000 0.35360400000000000 0.024944
56.6326530000000000 0.37962400000000000 0.025898
56.7346940000000000 0.37716300000000000 0.025709
56.8367350000000000 0.38010700000000000 0.026416
56.9387760000000000 0.36957600000000000 0.024603
57.0408160000000000 0.36679300000000000 0.025382
57.1428570000000000 0.38107300000000000 0.025876
57.2448980000000000 0.38053900000000000 0.026450
57.3469390000000000 0.37529200000000000 0.026437
57.4489800000000000 0.36948400000000000 0.025320
57.5510200000000000 0.36273700000000000 0.024902
57.6530610000000000 0.35386100000000000 0.024893
57.7551020000000000 0.35849100000000000 0.024875
57.8571430000000000 0.37295300000000000 0.025654
57.9591840000000000 0.38122800000000000 0.025921
58.0612240000000000 0.40092200000000000 0.026667
58.1632650000000000 0.33052500000000000 0.024284
58.2653060000000000 0.38652300000000000 0.026460
58.3673470000000000 0.35177200000000000 0.024871
58.4693880000000000 0.36460400000000000 0.025280
58.5714290000000000 0.35314200000000000 0.024663
58.6734690000000000 0.36719500000000000 0.025413
58.7755100000000000 0.32827400000000000 0.023264
58.8775510000000000 0.20660700000000000 0.017732
58.9795920000000000 0.10982400000000000 0.012330
59.0816330000000000 0.11811200000000000 0.012562
59.1836730000000000 0.14979100000000000 0.014862
59.2857140000000000 0.28697700000000000 0.022357
59.3877550000000000 0.36429900000000000 0.025155
59.4897960000000000 0.37254500000000000 0.025622
59.5918370000000000 0.39560100000000000 0.026363
59.6938780000000000 0.38102300000000000 0.026038
59.7959180000000000 0.39318500000000000 0.026768
59.8979590000000000 0.36143900000000000 0.025035
60.0000000000000000 0.36488700000000000 0.026098
