55.0000000000000000 0.34914300000000000 0.024218
55.1020410000000000 0.40623200000000000 0.026844
55.2040820000000000 0.36360900000000000 0.025135
55.3061220000000000 0.34271800000000000 0.023854
55.4081630000000000 0.35440700000000000 0.024626
55.5102040000000000 0.35033400000000000 0.025085
55.6122450000000000 0.32553300000000000 0.023015
55.7142860000000000 0.31336200000000000 0.022064
55.8163270000000000 0.28532900000000000 0.021492
55.9183670000000000 0.29410200000000000 0.021621
56.0204080000000000 0.33101200000000000 0.023834
56.1224490000000000 0.36301500000000000 0.025157
56.2244900000000000 0.36173800000000000 0.024473
56.3265310000000000 0.35033400000000000 0.025085
56.4285710000000000 0.38488900000000000 0.025938
56.5306120000000000 0.39584500000000000 0.026903
56.6326530000000000 0.39484800000000000 0.026595
56.7346940000000000 0.38040400000000000 0.025858
56.8367350000000000 0.35061500000000000 0.025033
56.9387760000000000 0.35645300000000000 0.024014
57.0408160000000000 0.39853600000000000 0.026841
57.1428570000000000 0.34438000000000000 0.024185
57.2448980000000000 0.37940300000000000 0.026397
57.3469390000000000 0.36718700000000000 0.026055
57.4489800000000000 0.40071300000000000 0.026746
57.5510200000000000 0.34993900000000000 0.024313
57.6530610000000000 0.36823200000000000 0.025562
57.7551020000000000 0.33900200000000000 0.023970
57.8571430000000000 0.38388600000000000 0.026157
57.9591840000000000 0.33900200000000000 0.023970
58.0612240000000000 0.35710000000000000 0.024666
58.1632650000000000 0.29933300000000000 0.022778
58.2653060000000000 0.36098400000000000 0.025276
58.3673470000000000 0.38849600000000000 0.026578
58.4693880000000000 0.37445500000000000 0.025735
58.5714290000000000 0.34988300000000000 0.024512
58.6734690000000000 0.33870600000000000 0.024087
58.7755100000000000 0.23800300000000000 0.018965
58.8775510000000000 0.21654500000000000 0.018239
58.9795920000000000 0.13698000000000000 0.013893
59.0816330000000000 0.09618200000000000 0.011271
59.1836730000000000 0.16329500000000000 0.015604
59.2857140000000000 0.23525000000000000 0.019761
59.3877550000000000 0.31335700000000000 0.022780
59.4897960000000000 0.33868800000000000 0.024051
59.5918370000000000 0.38284300000000000 0.025784
59.6938780000000000 0.36132100000000000 0.025128
59.7959180000000000 0.34655000000000000 0.024601
59.8979590000000000 0.39073600000000000 0.026381
60.0000000000000000 0.36254100000000000 0.025986
