55.0000000000000000 0.36717900000000000 0.025045
55.1020410000000000 0.37327500000000000 0.025348
55.2040820000000000 0.35926900000000000 0.024935
55.3061220000000000 0.34061000000000000 0.023756
55.4081630000000000 0.39317500000000000 0.026403
55.5102040000000000 0.33664500000000000 0.024435
55.6122450000000000 0.31608500000000000 0.022577
55.7142860000000000 0.27294200000000000 0.020188
55.8163270000000000 0.29730300000000000 0.022064
55.9183670000000000 0.30996500000000000 0.022367
56.0204080000000000 0.31773200000000000 0.023206
56.1224490000000000 0.37500300000000000 0.025710
56.2244900000000000 0.32052600000000000 0.022590
56.3265310000000000 0.35261500000000000 0.025192
56.4285710000000000 0.38382000000000000 0.025890
56.5306120000000000 0.34137700000000000 0.024371
56.6326530000000000 0.36875000000000000 0.025397
56.7346940000000000 0.38796700000000000 0.026204
56.8367350000000000 0.38804700000000000 0.026786
56.9387760000000000 0.36654800000000000 0.024468
57.0408160000000000 0.35475300000000000 0.024823
57.1428570000000000 0.34653900000000000 0.024285
57.2448980000000000 0.34874200000000000 0.024957
57.3469390000000000 0.37645000000000000 0.026491
57.4489800000000000 0.38886700000000000 0.026207
57.5510200000000000 0.38940100000000000 0.026119
57.6530610000000000 0.35165000000000000 0.024790
57.7551020000000000 0.38989000000000000 0.026317
57.8571430000000000 0.31391100000000000 0.022898
57.9591840000000000 0.38014600000000000 0.025871
58.0612240000000000 0.32610400000000000 0.023231
58.1632650000000000 0.38597800000000000 0.026911
58.2653060000000000 0.34543900000000000 0.024549
58.3673470000000000 0.34954700000000000 0.024767
58.4693880000000000 0.37555000000000000 0.025786
58.5714290000000000 0.36400400000000000 0.025166
58.6734690000000000 0.34528000000000000 0.024395
58.7755100000000000 0.29216500000000000 0.021572
58.8775510000000000 0.19335600000000000 0.017049
58.9795920000000000 0.13372200000000000 0.013710
59.0816330000000000 0.12124500000000000 0.012740
59.1836730000000000 0.13628600000000000 0.014103
59.2857140000000000 0.27639700000000000 0.021833
59.3877550000000000 0.29493100000000000 0.021907
59.4897960000000000 0.34414900000000000 0.024306
59.5918370000000000 0.37327500000000000 0.025348
59.6938780000000000 0.35803700000000000 0.024976
59.7959180000000000 0.36875700000000000 0.025637
59.8979590000000000 0.36686500000000000 0.025285
60.0000000000000000 0.37075100000000000 0.026376
