55.0000000000000000 0.34383900000000000 0.023974
55.1020410000000000 0.37433800000000000 0.025396
55.2040820000000000 0.37446000000000000 0.025635
55.3061220000000000 0.36274800000000000 0.024772
55.4081630000000000 0.35333000000000000 0.024576
55.5102040000000000 0.35946000000000000 0.025515
55.6122450000000000 0.34232900000000000 0.023790
55.7142860000000000 0.31235100000000000 0.022018
55.8163270000000000 0.29730300000000000 0.022064
55.9183670000000000 0.30785000000000000 0.022268
56.0204080000000000 0.37417300000000000 0.025850
56.1224490000000000 0.35102700000000000 0.024602
56.2244900000000000 0.36482800000000000 0.024613
56.3265310000000000 0.33208200000000000 0.024218
56.4285710000000000 0.36030600000000000 0.024814
56.5306120000000000 0.36583200000000000 0.025514
56.6326530000000000 0.36005100000000000 0.024995
56.7346940000000000 0.37716300000000000 0.025709
56.8367350000000000 0.36876400000000000 0.025886
56.9387760000000000 0.36352000000000000 0.024332
57.0408160000000000 0.36679300000000000 0.025382
57.1428570000000000 0.40697400000000000 0.027056
57.2448980000000000 0.38735200000000000 0.026767
57.3469390000000000 0.37645000000000000 0.026491
57.4489800000000000 0.36302200000000000 0.025023
57.5510200000000000 0.38940100000000000 0.026119
57.6530610000000000 0.37265400000000000 0.025767
57.7551020000000000 0.37906300000000000 0.025821
57.8571430000000000 0.35764500000000000 0.024945
57.9591840000000000 0.36390500000000000 0.025124
58.0612240000000000 0.37099400000000000 0.025304
58.1632650000000000 0.32359400000000000 0.023952
58.2653060000000000 0.36431500000000000 0.025431
58.3673470000000000 0.37848000000000000 0.026115
58.4693880000000000 0.41714300000000000 0.027690
58.5714290000000000 0.36834900000000000 0.025366
58.6734690000000000 0.33980100000000000 0.024139
58.7755100000000000 0.29853800000000000 0.021873
58.8775510000000000 0.20771100000000000 0.017789
58.9795920000000000 0.12177300000000000 0.013029
59.0816330000000000 0.10244800000000000 0.011647
59.1836730000000000 0.14191300000000000 0.014422
59.2857140000000000 0.25758700000000000 0.020893
59.3877550000000000 0.29601400000000000 0.021959
59.4897960000000000 0.37036100000000000 0.025521
59.5918370000000000 0.34350700000000000 0.023981
59.6938780000000000 0.35147000000000000 0.024671
59.7959180000000000 0.36986700000000000 0.025689
59.8979590000000000 0.35601400000000000 0.024784
60.0000000000000000 0.35550400000000000 0.025651
