55.0000000000000000 0.35020400000000000 0.024267
55.1020410000000000 0.45407400000000000 0.028989
55.2040820000000000 0.34299300000000000 0.024180
55.3061220000000000 0.35536800000000000 0.024434
55.4081630000000000 0.36302200000000000 0.025023
55.5102040000000000 0.34805200000000000 0.024977
55.6122450000000000 0.33918000000000000 0.023645
55.7142860000000000 0.29618300000000000 0.021272
55.8163270000000000 0.29512600000000000 0.021961
55.9183670000000000 0.32900000000000000 0.023253
56.0204080000000000 0.35867900000000000 0.025130
56.1224490000000000 0.38699000000000000 0.026261
56.2244900000000000 0.36998000000000000 0.024846
56.3265310000000000 0.41193500000000000 0.027964
56.4285710000000000 0.38702700000000000 0.026036
56.5306120000000000 0.37139000000000000 0.025773
56.6326530000000000 0.32525300000000000 0.023374
56.7346940000000000 0.40525300000000000 0.026991
56.8367350000000000 0.34154100000000000 0.024604
56.9387760000000000 0.38169000000000000 0.025145
57.0408160000000000 0.39634700000000000 0.026741
57.1428570000000000 0.36920200000000000 0.025332
57.2448980000000000 0.38394500000000000 0.026609
57.3469390000000000 0.37066100000000000 0.026219
57.4489800000000000 0.42440500000000000 0.027819
57.5510200000000000 0.33607400000000000 0.023672
57.6530610000000000 0.35717700000000000 0.025048
57.7551020000000000 0.35091200000000000 0.024524
57.8571430000000000 0.36529900000000000 0.025300
57.9591840000000000 0.35524300000000000 0.024724
58.0612240000000000 0.36030600000000000 0.024814
58.1632650000000000 0.36749400000000000 0.026042
58.2653060000000000 0.35321200000000000 0.024913
58.3673470000000000 0.33619300000000000 0.024139
58.4693880000000000 0.36241500000000000 0.025179
58.5714290000000000 0.36291800000000000 0.025116
58.6734690000000000 0.34308900000000000 0.024292
58.7755100000000000 0.32827400000000000 0.023264
58.8775510000000000 0.18783500000000000 0.016761
58.9795920000000000 0.12285900000000000 0.013092
59.0816330000000000 0.10349200000000000 0.011709
59.1836730000000000 0.15204100000000000 0.014987
59.2857140000000000 0.25170800000000000 0.020597
59.3877550000000000 0.33069900000000000 0.023595
59.4897960000000000 0.36817700000000000 0.025421
59.5918370000000000 0.36051700000000000 0.024764
59.6938780000000000 0.36022600000000000 0.025077
59.7959180000000000 0.35876400000000000 0.025172
59.8979590000000000 0.36903500000000000 0.025385
60.0000000000000000 0.40007300000000000 0.027758
