55.0000000000000000 0.41385800000000000 0.027162
55.1020410000000000 0.43493700000000000 0.028134
55.2040820000000000 0.42111800000000000 0.027763
55.3061220000000000 0.40491500000000000 0.026684
55.4081630000000000 0.42332800000000000 0.027770
55.5102040000000000 0.36630400000000000 0.025837
55.6122450000000000 0.36332400000000000 0.024752
55.7142860000000000 0.32144600000000000 0.022435
55.8163270000000000 0.29186000000000000 0.021805
55.9183670000000000 0.27929700000000000 0.020920
56.0204080000000000 0.28342500000000000 0.021565
56.1224490000000000 0.24204800000000000 0.019398
56.2244900000000000 0.23707300000000000 0.018651
56.3265310000000000 0.19290900000000000 0.017297
56.4285710000000000 0.15829800000000000 0.014945
56.5306120000000000 0.09682600000000000 0.011686
56.6326530000000000 0.04578600000000000 0.008083
56.7346940000000000 0.01307800000000000 0.005107
56.8367350000000000 -0.0078210000000000 0.001992
56.9387760000000000 0.00010600000000000 0.003198
57.0408160000000000 -0.0042630000000000 0.002690
57.1428570000000000 -0.0052830000000000 0.002425
57.2448980000000000 0.00352600000000000 0.004105
57.3469390000000000 0.00012100000000000 0.003668
57.4489800000000000 0.00334400000000000 0.003893
57.5510200000000000 0.00331200000000000 0.003855
57.6530610000000000 -0.0032000000000000 0.002932
57.7551020000000000 0.00119600000000000 0.003598
57.8571430000000000 -0.0020720000000000 0.003099
57.9591840000000000 -0.0020520000000000 0.003068
58.0612240000000000 0.00331900000000000 0.003864
58.1632650000000000 0.00358700000000000 0.004176
58.2653060000000000 0.01122000000000000 0.004998
58.3673470000000000 0.03127600000000000 0.006997
58.4693880000000000 0.03404600000000000 0.007164
58.5714290000000000 0.07072000000000000 0.009868
58.6734690000000000 0.06476500000000000 0.009507
58.7755100000000000 0.07020400000000000 0.009713
58.8775510000000000 0.05422300000000000 0.008793
58.9795920000000000 0.02618400000000000 0.006439
59.0816330000000000 0.02517200000000000 0.006188
59.1836730000000000 0.06313800000000000 0.009534
59.2857140000000000 0.07066100000000000 0.010302
59.3877550000000000 0.13776700000000000 0.013922
59.4897960000000000 0.14865000000000000 0.014579
59.5918370000000000 0.16596200000000000 0.015314
59.6938780000000000 0.17852900000000000 0.016202
59.7959180000000000 0.20664400000000000 0.017782
59.8979590000000000 0.19217000000000000 0.016844
60.0000000000000000 0.21006700000000000 0.018437
