55.0000000000000000 0.37036100000000000 0.025191
55.1020410000000000 0.40516900000000000 0.026796
55.2040820000000000 0.39399100000000000 0.026530
55.3061220000000000 0.39753600000000000 0.026351
55.4081630000000000 0.38240600000000000 0.025912
55.5102040000000000 0.38113400000000000 0.026532
55.6122450000000000 0.31188600000000000 0.022381
55.7142860000000000 0.26182600000000000 0.019664
55.8163270000000000 0.23525300000000000 0.019051
55.9183670000000000 0.21690300000000000 0.017884
56.0204080000000000 0.21149100000000000 0.018001
56.1224490000000000 0.19627700000000000 0.017091
56.2244900000000000 0.13507500000000000 0.013425
56.3265310000000000 0.04004600000000000 0.007851
56.4285710000000000 -0.0030940000000000 0.002835
56.5306120000000000 0.00567500000000000 0.004320
56.6326530000000000 0.00228900000000000 0.003775
56.7346940000000000 -0.0063690000000000 0.002178
56.8367350000000000 0.00692500000000000 0.004556
56.9387760000000000 0.00212500000000000 0.003505
57.0408160000000000 -0.0042630000000000 0.002690
57.1428570000000000 0.00550900000000000 0.004194
57.2448980000000000 0.00693300000000000 0.004561
57.3469390000000000 0.01749000000000000 0.005849
57.4489800000000000 0.05395700000000000 0.008649
57.5510200000000000 0.08330200000000000 0.010592
57.6530610000000000 0.12834900000000000 0.013526
57.7551020000000000 0.11921200000000000 0.012859
57.8571430000000000 0.17177300000000000 0.015836
57.9591840000000000 0.18958800000000000 0.016692
58.0612240000000000 0.19998200000000000 0.017121
58.1632650000000000 0.18842800000000000 0.017166
58.2653060000000000 0.21663700000000000 0.018292
58.3673470000000000 0.22268400000000000 0.018618
58.4693880000000000 0.26499900000000000 0.020564
58.5714290000000000 0.24343200000000000 0.019436
58.6734690000000000 0.24337400000000000 0.019513
58.7755100000000000 0.21357600000000000 0.017754
58.8775510000000000 0.16685500000000000 0.015650
58.9795920000000000 0.08592700000000000 0.010864
59.0816330000000000 0.08365100000000000 0.010496
59.1836730000000000 0.10590200000000000 0.012320
59.2857140000000000 0.21173700000000000 0.018546
59.3877550000000000 0.27867200000000000 0.021130
59.4897960000000000 0.28954000000000000 0.021727
59.5918370000000000 0.30098100000000000 0.021999
59.6938780000000000 0.32082200000000000 0.023236
59.7959180000000000 0.31101800000000000 0.022923
59.8979590000000000 0.28548500000000000 0.021467
60.0000000000000000 0.30272400000000000 0.023105
