55.0000000000000000 0.26215100000000000 0.020129
55.1020410000000000 0.22124500000000000 0.018146
55.2040820000000000 0.22255100000000000 0.018389
55.3061220000000000 0.19407900000000000 0.016708
55.4081630000000000 0.14764600000000000 0.014422
55.5102040000000000 0.15070000000000000 0.015014
55.6122450000000000 0.07779200000000000 0.010150
55.7142860000000000 0.06477800000000000 0.009094
55.8163270000000000 0.05127900000000000 0.008505
55.9183670000000000 0.04241200000000000 0.007692
56.0204080000000000 0.02557000000000000 0.006459
56.1224490000000000 0.01428200000000000 0.005271
56.2244900000000000 0.00319900000000000 0.003724
56.3265310000000000 -0.0044430000000000 0.002804
56.4285710000000000 -0.0041630000000000 0.002627
56.5306120000000000 0.00345100000000000 0.004018
56.6326530000000000 -0.0009730000000000 0.003268
56.7346940000000000 -0.0042080000000000 0.002655
56.8367350000000000 -0.0032840000000000 0.003009
56.9387760000000000 -0.0039320000000000 0.002481
57.0408160000000000 0.00011500000000000 0.003467
57.1428570000000000 -0.0052830000000000 0.002425
57.2448980000000000 -0.0010160000000000 0.003413
57.3469390000000000 -0.0045100000000000 0.002846
57.4489800000000000 -0.0009640000000000 0.003236
57.5510200000000000 -0.0009550000000000 0.003205
57.6530610000000000 -0.0043060000000000 0.002717
57.7551020000000000 0.00769300000000000 0.004485
57.8571430000000000 0.00230100000000000 0.003796
57.9591840000000000 -0.0009690000000000 0.003254
58.0612240000000000 0.00011200000000000 0.003386
58.1632650000000000 0.00127600000000000 0.003839
58.2653060000000000 0.00011600000000000 0.003518
58.3673470000000000 0.00345500000000000 0.004023
58.4693880000000000 0.00120900000000000 0.003637
58.5714290000000000 0.00120000000000000 0.003610
58.6734690000000000 -0.0031720000000000 0.002906
58.7755100000000000 0.00011100000000000 0.003364
58.8775510000000000 -0.0054050000000000 0.002482
58.9795920000000000 -0.0009720000000000 0.003264
59.0816330000000000 0.00115400000000000 0.003470
59.1836730000000000 0.00124300000000000 0.003740
59.2857140000000000 0.00012300000000000 0.003724
59.3877550000000000 0.00336500000000000 0.003918
59.4897960000000000 0.00885200000000000 0.004658
59.5918370000000000 0.01074300000000000 0.004785
59.6938780000000000 0.02091200000000000 0.005970
59.7959180000000000 0.01233000000000000 0.005125
59.8979590000000000 0.00987900000000000 0.004757
60.0000000000000000 0.01419800000000000 0.005546
