55.0000000000000000 0.41279700000000000 0.027114
55.1020410000000000 0.39879000000000000 0.026507
55.2040820000000000 0.42003300000000000 0.027714
55.3061220000000000 0.42389000000000000 0.027536
55.4081630000000000 0.38994400000000000 0.026256
55.5102040000000000 0.41307600000000000 0.028017
55.6122450000000000 0.37592100000000000 0.025325
55.7142860000000000 0.31740400000000000 0.022250
55.8163270000000000 0.29512600000000000 0.021961
55.9183670000000000 0.33640300000000000 0.023596
56.0204080000000000 0.36531900000000000 0.025439
56.1224490000000000 0.36410500000000000 0.025208
56.2244900000000000 0.37307100000000000 0.024986
56.3265310000000000 0.38455700000000000 0.026692
56.4285710000000000 0.38702700000000000 0.026036
56.5306120000000000 0.34804600000000000 0.024684
56.6326530000000000 0.35135100000000000 0.024592
56.7346940000000000 0.30802000000000000 0.022495
56.8367350000000000 0.29049800000000000 0.022158
56.9387760000000000 0.23531500000000000 0.018389
57.0408160000000000 0.17415000000000000 0.015971
57.1428570000000000 0.13717200000000000 0.013858
57.2448980000000000 0.08869400000000000 0.011303
57.3469390000000000 0.02675400000000000 0.006761
57.4489800000000000 -0.0009640000000000 0.003236
57.5510200000000000 0.00117800000000000 0.003544
57.6530610000000000 -0.0032000000000000 0.002932
57.7551020000000000 0.00119600000000000 0.003598
57.8571430000000000 -0.0020720000000000 0.003099
57.9591840000000000 0.00119600000000000 0.003598
58.0612240000000000 -0.0030940000000000 0.002835
58.1632650000000000 -0.0033450000000000 0.003064
58.2653060000000000 0.00233700000000000 0.003855
58.3673470000000000 0.00234200000000000 0.003864
58.4693880000000000 -0.0009800000000000 0.003290
58.5714290000000000 0.00771800000000000 0.004499
58.6734690000000000 0.02093400000000000 0.005977
58.7755100000000000 0.02666200000000000 0.006391
58.8775510000000000 0.03213900000000000 0.007039
58.9795920000000000 0.02727000000000000 0.006538
59.0816330000000000 0.02621600000000000 0.006283
59.1836730000000000 0.03950600000000000 0.007744
59.2857140000000000 0.09887600000000000 0.012166
59.3877550000000000 0.13018000000000000 0.013495
59.4897960000000000 0.12789900000000000 0.013417
59.5918370000000000 0.15745700000000000 0.014860
59.6938780000000000 0.17305600000000000 0.015913
59.7959180000000000 0.17666400000000000 0.016217
59.8979590000000000 0.16829800000000000 0.015592
60.0000000000000000 0.19599300000000000 0.017696
