55.0000000000000000 0.36187400000000000 0.024803
55.1020410000000000 0.36902200000000000 0.025153
55.2040820000000000 0.37012000000000000 0.025435
55.3061220000000000 0.40702300000000000 0.026779
55.4081630000000000 0.34794600000000000 0.024327
55.5102040000000000 0.34348900000000000 0.024760
55.6122450000000000 0.37382200000000000 0.025229
55.7142860000000000 0.34064500000000000 0.023310
55.8163270000000000 0.28315200000000000 0.021388
55.9183670000000000 0.28775700000000000 0.021321
56.0204080000000000 0.33101200000000000 0.023834
56.1224490000000000 0.36410500000000000 0.025208
56.2244900000000000 0.36070700000000000 0.024427
56.3265310000000000 0.36516400000000000 0.025784
56.4285710000000000 0.35068700000000000 0.024371
56.5306120000000000 0.37027800000000000 0.025721
56.6326530000000000 0.37636200000000000 0.025748
56.7346940000000000 0.39012800000000000 0.026302
56.8367350000000000 0.36649600000000000 0.025780
56.9387760000000000 0.37664300000000000 0.024920
57.0408160000000000 0.38649600000000000 0.026290
57.1428570000000000 0.36380600000000000 0.025083
57.2448980000000000 0.39416600000000000 0.027084
57.3469390000000000 0.41118800000000000 0.028117
57.4489800000000000 0.39532900000000000 0.026501
57.5510200000000000 0.37446900000000000 0.025439
57.6530610000000000 0.36602100000000000 0.025459
57.7551020000000000 0.35199500000000000 0.024574
57.8571430000000000 0.38060600000000000 0.026006
57.9591840000000000 0.38122800000000000 0.025921
58.0612240000000000 0.36778800000000000 0.025157
58.1632650000000000 0.35478600000000000 0.025441
58.2653060000000000 0.39540600000000000 0.026870
58.3673470000000000 0.33730500000000000 0.024192
58.4693880000000000 0.34599700000000000 0.024416
58.5714290000000000 0.36509100000000000 0.025216
58.6734690000000000 0.35295000000000000 0.024752
58.7755100000000000 0.31659200000000000 0.022720
58.8775510000000000 0.19777300000000000 0.017278
58.9795920000000000 0.11416900000000000 0.012586
59.0816330000000000 0.10035900000000000 0.011522
59.1836730000000000 0.15654300000000000 0.015235
59.2857140000000000 0.26934300000000000 0.021482
59.3877550000000000 0.30902100000000000 0.022576
59.4897960000000000 0.38019000000000000 0.025974
59.5918370000000000 0.38497000000000000 0.025880
59.6938780000000000 0.34818600000000000 0.024518
59.7959180000000000 0.34877000000000000 0.024705
59.8979590000000000 0.34299300000000000 0.024180
60.0000000000000000 0.38951700000000000 0.027262
