55.0000000000000000 0.33535200000000000 0.023581
55.1020410000000000 0.35307500000000000 0.024422
55.2040820000000000 0.32237700000000000 0.023216
55.3061220000000000 0.36063900000000000 0.024676
55.4081630000000000 0.33287000000000000 0.023626
55.5102040000000000 0.38341600000000000 0.026639
55.6122450000000000 0.35072700000000000 0.024176
55.7142860000000000 0.28506800000000000 0.020755
55.8163270000000000 0.29077200000000000 0.021753
55.9183670000000000 0.30573500000000000 0.022169
56.0204080000000000 0.37306600000000000 0.025799
56.1224490000000000 0.39135000000000000 0.026461
56.2244900000000000 0.42046400000000000 0.027107
56.3265310000000000 0.35831900000000000 0.025461
56.4285710000000000 0.36565000000000000 0.025059
56.5306120000000000 0.36360900000000000 0.025411
56.6326530000000000 0.38179900000000000 0.025997
56.7346940000000000 0.37932400000000000 0.025808
56.8367350000000000 0.36536100000000000 0.025726
56.9387760000000000 0.39178500000000000 0.025595
57.0408160000000000 0.35913100000000000 0.025027
57.1428570000000000 0.35301400000000000 0.024585
57.2448980000000000 0.37826800000000000 0.026344
57.3469390000000000 0.35444900000000000 0.025451
57.4489800000000000 0.38886700000000000 0.026207
57.5510200000000000 0.34887200000000000 0.024264
57.6530610000000000 0.37486400000000000 0.025869
57.7551020000000000 0.38555900000000000 0.026119
57.8571430000000000 0.38716600000000000 0.026308
57.9591840000000000 0.33250600000000000 0.023667
58.0612240000000000 0.37420100000000000 0.025451
58.1632650000000000 0.36749400000000000 0.026042
58.2653060000000000 0.34099800000000000 0.024341
58.3673470000000000 0.38404400000000000 0.026372
58.4693880000000000 0.35475300000000000 0.024823
58.5714290000000000 0.36617700000000000 0.025266
58.6734690000000000 0.35404600000000000 0.024803
58.7755100000000000 0.28473100000000000 0.021219
58.8775510000000000 0.19004400000000000 0.016876
58.9795920000000000 0.14567000000000000 0.014376
59.0816330000000000 0.12542200000000000 0.012977
59.1836730000000000 0.14754000000000000 0.014737
59.2857140000000000 0.26699200000000000 0.021365
59.3877550000000000 0.33395000000000000 0.023747
59.4897960000000000 0.33978000000000000 0.024102
59.5918370000000000 0.32011800000000000 0.022896
59.6938780000000000 0.36679300000000000 0.025382
59.7959180000000000 0.35321200000000000 0.024913
59.8979590000000000 0.39724600000000000 0.026679
60.0000000000000000 0.37075100000000000 0.026376
