55.0000000000000000 0.44356200000000000 0.028493
55.1020410000000000 0.39879000000000000 0.026507
55.2040820000000000 0.40701200000000000 0.027123
55.3061220000000000 0.43126900000000000 0.027866
55.4081630000000000 0.42117400000000000 0.027673
55.5102040000000000 0.41421600000000000 0.028069
55.6122450000000000 0.33708000000000000 0.023549
55.7142860000000000 0.33256100000000000 0.022942
55.8163270000000000 0.34411300000000000 0.024268
55.9183670000000000 0.34169100000000000 0.023840
56.0204080000000000 0.36531900000000000 0.025439
56.1224490000000000 0.32269300000000000 0.023277
56.2244900000000000 0.30610200000000000 0.021923
56.3265310000000000 0.30698500000000000 0.023015
56.4285710000000000 0.32289700000000000 0.023081
56.5306120000000000 0.25911900000000000 0.020424
56.6326530000000000 0.25130800000000000 0.019833
56.7346940000000000 0.20754500000000000 0.017595
56.8367350000000000 0.13169700000000000 0.013897
56.9387760000000000 0.07278900000000000 0.009618
57.0408160000000000 0.04937000000000000 0.008388
57.1428570000000000 0.00874700000000000 0.004602
57.2448980000000000 -0.0010160000000000 0.003413
57.3469390000000000 -0.0021940000000000 0.003282
57.4489800000000000 0.00119000000000000 0.003579
57.5510200000000000 0.00331200000000000 0.003855
57.6530610000000000 0.00564300000000000 0.004296
57.7551020000000000 0.00119600000000000 0.003598
57.8571430000000000 -0.0031650000000000 0.002900
57.9591840000000000 -0.0020520000000000 0.003068
58.0612240000000000 -0.0020260000000000 0.003029
58.1632650000000000 0.00012100000000000 0.003660
58.2653060000000000 0.00122700000000000 0.003690
58.3673470000000000 0.00568100000000000 0.004325
58.4693880000000000 -0.0031690000000000 0.002903
58.5714290000000000 0.01966600000000000 0.005817
58.6734690000000000 0.02860500000000000 0.006695
58.7755100000000000 0.02453800000000000 0.006196
58.8775510000000000 0.02109600000000000 0.006024
58.9795920000000000 0.02183900000000000 0.006030
59.0816330000000000 0.01995100000000000 0.005694
59.1836730000000000 0.04513200000000000 0.008195
59.2857140000000000 0.07653900000000000 0.010706
59.3877550000000000 0.11392200000000000 0.012558
59.4897960000000000 0.13336000000000000 0.013727
59.5918370000000000 0.14682500000000000 0.014285
59.6938780000000000 0.15773200000000000 0.015091
59.7959180000000000 0.16000900000000000 0.015322
59.8979590000000000 0.18131900000000000 0.016279
60.0000000000000000 0.18309100000000000 0.017007
