55.0000000000000000 0.36187400000000000 0.024803
55.1020410000000000 0.35626500000000000 0.024569
55.2040820000000000 0.37120500000000000 0.025485
55.3061220000000000 0.37012700000000000 0.025109
55.4081630000000000 0.37056000000000000 0.025369
55.5102040000000000 0.35033400000000000 0.025085
55.6122450000000000 0.32763300000000000 0.023112
55.7142860000000000 0.32346700000000000 0.022527
55.8163270000000000 0.30710100000000000 0.022530
55.9183670000000000 0.31102200000000000 0.022416
56.0204080000000000 0.31773200000000000 0.023206
56.1224490000000000 0.36410500000000000 0.025208
56.2244900000000000 0.35143500000000000 0.024006
56.3265310000000000 0.36858600000000000 0.025944
56.4285710000000000 0.34641200000000000 0.024174
56.5306120000000000 0.37250200000000000 0.025824
56.6326530000000000 0.36331300000000000 0.025146
56.7346940000000000 0.35555600000000000 0.024715
56.8367350000000000 0.35628700000000000 0.025300
56.9387760000000000 0.39077600000000000 0.025551
57.0408160000000000 0.36569900000000000 0.025331
57.1428570000000000 0.36380600000000000 0.025083
57.2448980000000000 0.38735200000000000 0.026767
57.3469390000000000 0.37066100000000000 0.026219
57.4489800000000000 0.40394400000000000 0.026893
57.5510200000000000 0.34887200000000000 0.024264
57.6530610000000000 0.36933700000000000 0.025613
57.7551020000000000 0.36823600000000000 0.025324
57.8571430000000000 0.36092600000000000 0.025098
57.9591840000000000 0.34333300000000000 0.024172
58.0612240000000000 0.36671900000000000 0.025108
58.1632650000000000 0.43912000000000000 0.029381
58.2653060000000000 0.39873700000000000 0.027023
58.3673470000000000 0.39739800000000000 0.026988
58.4693880000000000 0.34490200000000000 0.024365
58.5714290000000000 0.35531500000000000 0.024764
58.6734690000000000 0.35733300000000000 0.024956
58.7755100000000000 0.31234400000000000 0.022522
58.8775510000000000 0.20108600000000000 0.017449
58.9795920000000000 0.12937700000000000 0.013464
59.0816330000000000 0.09618200000000000 0.011271
59.1836730000000000 0.15991900000000000 0.015420
59.2857140000000000 0.21526400000000000 0.018730
59.3877550000000000 0.31010500000000000 0.022627
59.4897960000000000 0.30919900000000000 0.022663
59.5918370000000000 0.38815900000000000 0.026025
59.6938780000000000 0.37664400000000000 0.025836
59.7959180000000000 0.38097100000000000 0.026204
59.8979590000000000 0.37446000000000000 0.025635
60.0000000000000000 0.35550400000000000 0.025651
