55.0000000000000000 0.35869100000000000 0.024657
55.1020410000000000 0.35307500000000000 0.024422
55.2040820000000000 0.35058900000000000 0.024533
55.3061220000000000 0.32268900000000000 0.022927
55.4081630000000000 0.29410200000000000 0.021803
55.5102040000000000 0.25565000000000000 0.020502
55.6122450000000000 0.21216000000000000 0.017585
55.7142860000000000 0.16178600000000000 0.014720
55.8163270000000000 0.12094900000000000 0.012996
55.9183670000000000 0.08048300000000000 0.010364
56.0204080000000000 0.03442300000000000 0.007244
56.1224490000000000 0.00556300000000000 0.004236
56.2244900000000000 -0.0050430000000000 0.002315
56.3265310000000000 -0.0021620000000000 0.003233
56.4285710000000000 0.00011200000000000 0.003386
56.5306120000000000 -0.0032180000000000 0.002948
56.6326530000000000 -0.0009730000000000 0.003268
56.7346940000000000 0.00119400000000000 0.003590
56.8367350000000000 0.00352200000000000 0.004100
56.9387760000000000 -0.0029230000000000 0.002677
57.0408160000000000 0.00558800000000000 0.004254
57.1428570000000000 0.00335100000000000 0.003901
57.2448980000000000 0.00239000000000000 0.003943
57.3469390000000000 0.00127900000000000 0.003848
57.4489800000000000 0.00334400000000000 0.003893
57.5510200000000000 -0.0020210000000000 0.003023
57.6530610000000000 -0.0076220000000000 0.001941
57.7551020000000000 -0.0009690000000000 0.003254
57.8571430000000000 -0.0031650000000000 0.002900
57.9591840000000000 0.00119600000000000 0.003598
58.0612240000000000 -0.0052320000000000 0.002402
58.1632650000000000 0.00012100000000000 0.003660
58.2653060000000000 0.00899900000000000 0.004736
58.3673470000000000 0.00679400000000000 0.004469
58.4693880000000000 0.01434400000000000 0.005294
58.5714290000000000 0.01966600000000000 0.005817
58.6734690000000000 0.01983900000000000 0.005869
58.7755100000000000 0.04471600000000000 0.007891
58.8775510000000000 0.02772200000000000 0.006647
58.9795920000000000 0.02835600000000000 0.006636
59.0816330000000000 0.02830500000000000 0.006470
59.1836730000000000 0.04063100000000000 0.007835
59.2857140000000000 0.07653900000000000 0.010706
59.3877550000000000 0.10308300000000000 0.011913
59.4897960000000000 0.10496300000000000 0.012074
59.5918370000000000 0.11493100000000000 0.012493
59.6938780000000000 0.13912400000000000 0.014067
59.7959180000000000 0.15556700000000000 0.015080
59.8979590000000000 0.16287300000000000 0.015303
60.0000000000000000 0.15142400000000000 0.015265
