55.0000000000000000 0.38521400000000000 0.025867
55.1020410000000000 0.37646400000000000 0.025493
55.2040820000000000 0.36360900000000000 0.025135
55.3061220000000000 0.35431400000000000 0.024386
55.4081630000000000 0.34686900000000000 0.024277
55.5102040000000000 0.35261500000000000 0.025192
55.6122450000000000 0.34442900000000000 0.023887
55.7142860000000000 0.30527800000000000 0.021692
55.8163270000000000 0.29077200000000000 0.021753
55.9183670000000000 0.32688500000000000 0.023155
56.0204080000000000 0.33875900000000000 0.024199
56.1224490000000000 0.35538600000000000 0.024804
56.2244900000000000 0.31846600000000000 0.022495
56.3265310000000000 0.37657100000000000 0.026319
56.4285710000000000 0.36885700000000000 0.025206
56.5306120000000000 0.33581900000000000 0.024109
56.6326530000000000 0.38397400000000000 0.026097
56.7346940000000000 0.34259100000000000 0.024114
56.8367350000000000 0.40165900000000000 0.027418
56.9387760000000000 0.37058600000000000 0.024649
57.0408160000000000 0.36898300000000000 0.025483
57.1428570000000000 0.39078600000000000 0.026320
57.2448980000000000 0.38053900000000000 0.026450
57.3469390000000000 0.36487100000000000 0.025945
57.4489800000000000 0.37594500000000000 0.025616
57.5510200000000000 0.38086900000000000 0.025731
57.6530610000000000 0.37597000000000000 0.025920
57.7551020000000000 0.36282200000000000 0.025074
57.8571430000000000 0.37295300000000000 0.025654
57.9591840000000000 0.37581500000000000 0.025672
58.0612240000000000 0.34427400000000000 0.024075
58.1632650000000000 0.36171700000000000 0.025769
58.2653060000000000 0.36320500000000000 0.025379
58.3673470000000000 0.33730500000000000 0.024192
58.4693880000000000 0.38540100000000000 0.026239
58.5714290000000000 0.36726300000000000 0.025316
58.6734690000000000 0.34966300000000000 0.024599
58.7755100000000000 0.29960000000000000 0.021923
58.8775510000000000 0.20881600000000000 0.017845
58.9795920000000000 0.11199700000000000 0.012458
59.0816330000000000 0.09827100000000000 0.011397
59.1836730000000000 0.13741200000000000 0.014167
59.2857140000000000 0.27639700000000000 0.021833
59.3877550000000000 0.35129300000000000 0.024553
59.4897960000000000 0.36271600000000000 0.025168
59.5918370000000000 0.36902200000000000 0.025153
59.6938780000000000 0.35147000000000000 0.024671
59.7959180000000000 0.35543300000000000 0.025017
59.8979590000000000 0.38856600000000000 0.026282
60.0000000000000000 0.37896100000000000 0.026764
