55.0000000000000000 0.39264000000000000 0.026204
55.1020410000000000 0.40091700000000000 0.026603
55.2040820000000000 0.36686500000000000 0.025285
55.3061220000000000 0.37856000000000000 0.025492
55.4081630000000000 0.37163700000000000 0.025419
55.5102040000000000 0.37885300000000000 0.026425
55.6122450000000000 0.34547800000000000 0.023935
55.7142860000000000 0.26890000000000000 0.019998
55.8163270000000000 0.23416400000000000 0.018997
55.9183670000000000 0.23699600000000000 0.018878
56.0204080000000000 0.20263800000000000 0.017547
56.1224490000000000 0.20172600000000000 0.017371
56.2244900000000000 0.20204400000000000 0.016925
56.3265310000000000 0.15184100000000000 0.015078
56.4285710000000000 0.10592600000000000 0.011997
56.5306120000000000 0.07125900000000000 0.010030
56.6326530000000000 0.04904800000000000 0.008332
56.7346940000000000 0.03468500000000000 0.007161
56.8367350000000000 0.01373100000000000 0.005363
56.9387760000000000 0.00111500000000000 0.003355
57.0408160000000000 0.00120900000000000 0.003637
57.1428570000000000 0.00227200000000000 0.003747
57.2448980000000000 -0.0010160000000000 0.003413
57.3469390000000000 0.00012100000000000 0.003668
57.4489800000000000 0.00119000000000000 0.003579
57.5510200000000000 -0.0020210000000000 0.003023
57.6530610000000000 0.00232700000000000 0.003838
57.7551020000000000 0.00444400000000000 0.004063
57.8571430000000000 -0.0031650000000000 0.002900
57.9591840000000000 0.00336200000000000 0.003914
58.0612240000000000 0.00331900000000000 0.003864
58.1632650000000000 -0.0056550000000000 0.002597
58.2653060000000000 -0.0032150000000000 0.002945
58.3673470000000000 0.00011700000000000 0.003525
58.4693880000000000 -0.0031690000000000 0.002903
58.5714290000000000 -0.0031450000000000 0.002881
58.6734690000000000 -0.0031720000000000 0.002906
58.7755100000000000 -0.0020130000000000 0.003010
58.8775510000000000 0.00011600000000000 0.003498
58.9795920000000000 0.00337300000000000 0.003927
59.0816330000000000 0.00115400000000000 0.003470
59.1836730000000000 0.00574500000000000 0.004374
59.2857140000000000 0.00247500000000000 0.004082
59.3877550000000000 0.00986900000000000 0.004752
59.4897960000000000 0.02195800000000000 0.006064
59.5918370000000000 0.02456400000000000 0.006203
59.6938780000000000 0.02857300000000000 0.006687
59.7959180000000000 0.04342100000000000 0.007996
59.8979590000000000 0.03158100000000000 0.006915
60.0000000000000000 0.04117400000000000 0.008076
