55.0000000000000000 0.29609900000000000 0.021747
55.1020410000000000 0.26377100000000000 0.020227
55.2040820000000000 0.20302000000000000 0.017401
55.3061220000000000 0.14558700000000000 0.014158
55.4081630000000000 0.14010800000000000 0.014007
55.5102040000000000 0.08795800000000000 0.011283
55.6122450000000000 0.03055300000000000 0.006687
55.7142860000000000 0.01627400000000000 0.005205
55.8163270000000000 0.00664600000000000 0.004372
55.9183670000000000 0.00011100000000000 0.003350
56.0204080000000000 -0.0020970000000000 0.003136
56.1224490000000000 0.00338400000000000 0.003939
56.2244900000000000 0.00010800000000000 0.003264
56.3265310000000000 -0.0033030000000000 0.003026
56.4285710000000000 0.00118100000000000 0.003552
56.5306120000000000 0.00122800000000000 0.003694
56.6326530000000000 0.00011400000000000 0.003445
56.7346940000000000 0.00011300000000000 0.003423
56.8367350000000000 -0.0021500000000000 0.003215
56.9387760000000000 -0.0079700000000000 0.001461
57.0408160000000000 0.00011500000000000 0.003467
57.1428570000000000 -0.0009660000000000 0.003243
57.2448980000000000 0.00239000000000000 0.003943
57.3469390000000000 -0.0010360000000000 0.003480
57.4489800000000000 -0.0074250000000000 0.001890
57.5510200000000000 0.00437800000000000 0.004003
57.6530610000000000 0.01227600000000000 0.005102
57.7551020000000000 0.02609900000000000 0.006418
57.8571430000000000 0.02635500000000000 0.006482
57.9591840000000000 0.04233900000000000 0.007794
58.0612240000000000 0.04500300000000000 0.007942
58.1632650000000000 0.06019500000000000 0.009462
58.2653060000000000 0.05896600000000000 0.009166
58.3673470000000000 0.08024100000000000 0.010636
58.4693880000000000 0.08768000000000000 0.011020
58.5714290000000000 0.10222100000000000 0.011874
58.6734690000000000 0.10859500000000000 0.012312
58.7755100000000000 0.11056100000000000 0.012231
58.8775510000000000 0.07299500000000000 0.010111
58.9795920000000000 0.03161500000000000 0.006923
59.0816330000000000 0.03874800000000000 0.007347
59.1836730000000000 0.06989000000000000 0.010004
59.2857140000000000 0.11533500000000000 0.013181
59.3877550000000000 0.14101900000000000 0.014103
59.4897960000000000 0.14755800000000000 0.014519
59.5918370000000000 0.15852000000000000 0.014917
59.6938780000000000 0.19713600000000000 0.017172
59.7959180000000000 0.18776800000000000 0.016803
59.8979590000000000 0.18674400000000000 0.016562
60.0000000000000000 0.19130100000000000 0.017447
