55.0000000000000000 0.43189300000000000 0.027972
55.1020410000000000 0.41899000000000000 0.027418
55.2040820000000000 0.35384400000000000 0.024684
55.3061220000000000 0.37645200000000000 0.025396
55.4081630000000000 0.36840700000000000 0.025270
55.5102040000000000 0.36060100000000000 0.025569
55.6122450000000000 0.32343400000000000 0.022918
55.7142860000000000 0.24767900000000000 0.018991
55.8163270000000000 0.23634200000000000 0.019105
55.9183670000000000 0.24862900000000000 0.019445
56.0204080000000000 0.24026500000000000 0.019450
56.1224490000000000 0.22243200000000000 0.018421
56.2244900000000000 0.13301500000000000 0.013311
56.3265310000000000 0.10164800000000000 0.012146
56.4285710000000000 0.02897000000000000 0.006623
56.5306120000000000 0.00789800000000000 0.004604
56.6326530000000000 -0.0020610000000000 0.003082
56.7346940000000000 0.00119400000000000 0.003590
56.8367350000000000 0.00238800000000000 0.003938
56.9387760000000000 -0.0009040000000000 0.003034
57.0408160000000000 0.00230400000000000 0.003800
57.1428570000000000 0.00227200000000000 0.003747
57.2448980000000000 -0.0032880000000000 0.003012
57.3469390000000000 0.00475300000000000 0.004346
57.4489800000000000 0.00011300000000000 0.003411
57.5510200000000000 0.00011200000000000 0.003379
57.6530610000000000 0.00896000000000000 0.004715
57.7551020000000000 0.03909100000000000 0.007534
57.8571430000000000 0.06353000000000000 0.009410
57.9591840000000000 0.05424900000000000 0.008697
58.0612240000000000 0.10165100000000000 0.011740
58.1632650000000000 0.10525000000000000 0.012450
58.2653060000000000 0.13113900000000000 0.013716
58.3673470000000000 0.12475400000000000 0.013364
58.4693880000000000 0.16101600000000000 0.015268
58.5714290000000000 0.16087800000000000 0.015204
58.6734690000000000 0.16886200000000000 0.015698
58.7755100000000000 0.15304200000000000 0.014615
58.8775510000000000 0.09949700000000000 0.011810
58.9795920000000000 0.07180600000000000 0.009942
59.0816330000000000 0.05650000000000000 0.008683
59.1836730000000000 0.09352300000000000 0.011555
59.2857140000000000 0.16000900000000000 0.015764
59.3877550000000000 0.19196100000000000 0.016824
59.4897960000000000 0.26878900000000000 0.020727
59.5918370000000000 0.22549800000000000 0.018358
59.6938780000000000 0.24091900000000000 0.019382
59.7959180000000000 0.24106500000000000 0.019521
59.8979590000000000 0.26703900000000000 0.020579
60.0000000000000000 0.25463700000000000 0.020722
