55.0000000000000000 0.29291600000000000 0.021597
55.1020410000000000 0.30310700000000000 0.022099
55.2040820000000000 0.21821100000000000 0.018171
55.3061220000000000 0.21832500000000000 0.017928
55.4081630000000000 0.15518400000000000 0.014832
55.5102040000000000 0.08339500000000000 0.010986
55.6122450000000000 0.04524900000000000 0.007879
55.7142860000000000 0.02739000000000000 0.006258
55.8163270000000000 0.00555700000000000 0.004231
55.9183670000000000 -0.0009470000000000 0.003178
56.0204080000000000 -0.0020970000000000 0.003136
56.1224490000000000 0.00120400000000000 0.003621
56.2244900000000000 0.00422900000000000 0.003866
56.3265310000000000 -0.0044430000000000 0.002804
56.4285710000000000 0.00225000000000000 0.003711
56.5306120000000000 -0.0021070000000000 0.003150
56.6326530000000000 -0.0042360000000000 0.002673
56.7346940000000000 -0.0052890000000000 0.002428
56.8367350000000000 -0.0032840000000000 0.003009
56.9387760000000000 -0.0019130000000000 0.002861
57.0408160000000000 -0.0031690000000000 0.002903
57.1428570000000000 0.00011300000000000 0.003419
57.2448980000000000 0.00920400000000000 0.004843
57.3469390000000000 0.00475300000000000 0.004346
57.4489800000000000 -0.0031180000000000 0.002856
57.5510200000000000 0.00331200000000000 0.003855
57.6530610000000000 0.00011600000000000 0.003502
57.7551020000000000 0.00011400000000000 0.003430
57.8571430000000000 -0.0042590000000000 0.002687
57.9591840000000000 -0.0020520000000000 0.003068
58.0612240000000000 -0.0020260000000000 0.003029
58.1632650000000000 -0.0021890000000000 0.003274
58.2653060000000000 0.00344800000000000 0.004014
58.3673470000000000 0.01013200000000000 0.004879
58.4693880000000000 0.01106000000000000 0.004927
58.5714290000000000 0.02944200000000000 0.006733
58.6734690000000000 0.03408400000000000 0.007172
58.7755100000000000 0.03728200000000000 0.007301
58.8775510000000000 0.03434700000000000 0.007228
58.9795920000000000 0.02401100000000000 0.006238
59.0816330000000000 0.01577400000000000 0.005272
59.1836730000000000 0.02937700000000000 0.006877
59.2857140000000000 0.07301200000000000 0.010465
59.3877550000000000 0.07490200000000000 0.010136
59.4897960000000000 0.12025400000000000 0.012977
59.5918370000000000 0.11280500000000000 0.012369
59.6938780000000000 0.10738200000000000 0.012233
59.7959180000000000 0.11226300000000000 0.012616
59.8979590000000000 0.15093700000000000 0.014657
60.0000000000000000 0.13383100000000000 0.014260
