55.0000000000000000 0.32368200000000000 0.023040
55.1020410000000000 0.31480200000000000 0.022648
55.2040820000000000 0.30827100000000000 0.022551
55.3061220000000000 0.24889700000000000 0.019430
55.4081630000000000 0.25641100000000000 0.019991
55.5102040000000000 0.25451000000000000 0.020445
55.6122450000000000 0.18696600000000000 0.016310
55.7142860000000000 0.14460800000000000 0.013811
55.8163270000000000 0.12857000000000000 0.013433
55.9183670000000000 0.12066800000000000 0.012789
56.0204080000000000 0.08643700000000000 0.011005
56.1224490000000000 0.06877100000000000 0.009754
56.2244900000000000 0.05471300000000000 0.008490
56.3265310000000000 0.03434300000000000 0.007373
56.4285710000000000 0.01721300000000000 0.005507
56.5306120000000000 0.00900900000000000 0.004741
56.6326530000000000 0.00772600000000000 0.004504
56.7346940000000000 -0.0020470000000000 0.003062
56.8367350000000000 0.00011900000000000 0.003593
56.9387760000000000 0.00111500000000000 0.003355
57.0408160000000000 0.00011500000000000 0.003467
57.1428570000000000 0.00011300000000000 0.003419
57.2448980000000000 0.00011900000000000 0.003597
57.3469390000000000 -0.0021940000000000 0.003282
57.4489800000000000 0.00334400000000000 0.003893
57.5510200000000000 0.00224500000000000 0.003703
57.6530610000000000 0.00011600000000000 0.003502
57.7551020000000000 -0.0009690000000000 0.003254
57.8571430000000000 0.00448800000000000 0.004103
57.9591840000000000 0.00119600000000000 0.003598
58.0612240000000000 0.00011200000000000 0.003386
58.1632650000000000 -0.0045000000000000 0.002840
58.2653060000000000 0.00344800000000000 0.004014
58.3673470000000000 -0.0021090000000000 0.003154
58.4693880000000000 0.00120900000000000 0.003637
58.5714290000000000 0.00120000000000000 0.003610
58.6734690000000000 -0.0042680000000000 0.002693
58.7755100000000000 -0.0041370000000000 0.002610
58.8775510000000000 -0.0020930000000000 0.003129
58.9795920000000000 -0.0020590000000000 0.003078
59.0816330000000000 0.00219800000000000 0.003625
59.1836730000000000 0.00236900000000000 0.003907
59.2857140000000000 0.00129900000000000 0.003907
59.3877550000000000 -0.0020540000000000 0.003072
59.4897960000000000 0.00339100000000000 0.003948
59.5918370000000000 0.00011200000000000 0.003368
59.6938780000000000 -0.0020740000000000 0.003102
59.7959180000000000 0.00455800000000000 0.004167
59.8979590000000000 0.00119900000000000 0.003606
60.0000000000000000 0.01654300000000000 0.005801
