55.0000000000000000 0.35338700000000000 0.024413
55.1020410000000000 0.37433800000000000 0.025396
55.2040820000000000 0.37880000000000000 0.025834
55.3061220000000000 0.38488500000000000 0.025779
55.4081630000000000 0.35979200000000000 0.024874
55.5102040000000000 0.31154800000000000 0.023235
55.6122450000000000 0.32658300000000000 0.023064
55.7142860000000000 0.31942500000000000 0.022342
55.8163270000000000 0.27226600000000000 0.020863
55.9183670000000000 0.30679200000000000 0.022218
56.0204080000000000 0.34761200000000000 0.024614
56.1224490000000000 0.34230900000000000 0.024196
56.2244900000000000 0.35761600000000000 0.024286
56.3265310000000000 0.34691100000000000 0.024923
56.4285710000000000 0.34320500000000000 0.024025
56.5306120000000000 0.39251000000000000 0.026750
56.6326530000000000 0.40354700000000000 0.026992
56.7346940000000000 0.35015400000000000 0.024465
56.8367350000000000 0.36763000000000000 0.025833
56.9387760000000000 0.36150100000000000 0.024241
57.0408160000000000 0.35694200000000000 0.024925
57.1428570000000000 0.37675600000000000 0.025678
57.2448980000000000 0.39189500000000000 0.026979
57.3469390000000000 0.41350400000000000 0.028225
57.4489800000000000 0.34794600000000000 0.024327
57.5510200000000000 0.37233600000000000 0.025341
57.6530610000000000 0.35165000000000000 0.024790
57.7551020000000000 0.36173900000000000 0.025025
57.8571430000000000 0.40466000000000000 0.027108
57.9591840000000000 0.38231100000000000 0.025970
58.0612240000000000 0.38702700000000000 0.026036
58.1632650000000000 0.37904600000000000 0.026586
58.2653060000000000 0.35654300000000000 0.025069
58.3673470000000000 0.35399800000000000 0.024975
58.4693880000000000 0.37336100000000000 0.025685
58.5714290000000000 0.37812600000000000 0.025816
58.6734690000000000 0.33980100000000000 0.024139
58.7755100000000000 0.30384800000000000 0.022123
58.8775510000000000 0.20329500000000000 0.017562
58.9795920000000000 0.10982400000000000 0.012330
59.0816330000000000 0.10035900000000000 0.011522
59.1836730000000000 0.14528900000000000 0.014611
59.2857140000000000 0.26228900000000000 0.021129
59.3877550000000000 0.31335700000000000 0.022780
59.4897960000000000 0.35288600000000000 0.024712
59.5918370000000000 0.32862300000000000 0.023292
59.6938780000000000 0.37226600000000000 0.025634
59.7959180000000000 0.31212800000000000 0.022975
59.8979590000000000 0.34516300000000000 0.024281
60.0000000000000000 0.34846700000000000 0.025315
