55.0000000000000000 0.37884800000000000 0.025578
55.1020410000000000 0.34563300000000000 0.024079
55.2040820000000000 0.38314100000000000 0.026034
55.3061220000000000 0.41334800000000000 0.027063
55.4081630000000000 0.36194500000000000 0.024973
55.5102040000000000 0.38569700000000000 0.026745
55.6122450000000000 0.32658300000000000 0.023064
55.7142860000000000 0.33559300000000000 0.023080
55.8163270000000000 0.30818900000000000 0.022581
55.9183670000000000 0.30679200000000000 0.022218
56.0204080000000000 0.40184000000000000 0.027125
56.1224490000000000 0.39243900000000000 0.026510
56.2244900000000000 0.36998000000000000 0.024846
56.3265310000000000 0.39368300000000000 0.027117
56.4285710000000000 0.39237100000000000 0.026279
56.5306120000000000 0.35582800000000000 0.025048
56.6326530000000000 0.35461300000000000 0.024744
56.7346940000000000 0.35555600000000000 0.024715
56.8367350000000000 0.31772100000000000 0.023470
56.9387760000000000 0.33020700000000000 0.022825
57.0408160000000000 0.29126900000000000 0.021831
57.1428570000000000 0.26344000000000000 0.020353
57.2448980000000000 0.23859100000000000 0.019605
57.3469390000000000 0.14717900000000000 0.014929
57.4489800000000000 0.06364900000000000 0.009339
57.5510200000000000 -0.0041540000000000 0.002621
57.6530610000000000 -0.0054110000000000 0.002485
57.7551020000000000 -0.0020520000000000 0.003068
57.8571430000000000 0.00011500000000000 0.003464
57.9591840000000000 -0.0009690000000000 0.003254
58.0612240000000000 -0.0030940000000000 0.002835
58.1632650000000000 -0.0021890000000000 0.003274
58.2653060000000000 -0.0021040000000000 0.003147
58.3673470000000000 0.00456800000000000 0.004176
58.4693880000000000 0.05374800000000000 0.008714
58.5714290000000000 0.06963300000000000 0.009795
58.6734690000000000 0.12612800000000000 0.013338
58.7755100000000000 0.12118100000000000 0.012846
58.8775510000000000 0.11385200000000000 0.012674
58.9795920000000000 0.06094300000000000 0.009194
59.0816330000000000 0.06589900000000000 0.009336
59.1836730000000000 0.08226900000000000 0.010833
59.2857140000000000 0.15648200000000000 0.015567
59.3877550000000000 0.21580700000000000 0.018040
59.4897960000000000 0.23383900000000000 0.019010
59.5918370000000000 0.21699300000000000 0.017934
59.6938780000000000 0.30659200000000000 0.022562
59.7959180000000000 0.26105200000000000 0.020508
59.8979590000000000 0.28223000000000000 0.021311
60.0000000000000000 0.30741600000000000 0.023334
