55.0000000000000000 0.35657000000000000 0.024559
55.1020410000000000 0.40198000000000000 0.026651
55.2040820000000000 0.37771500000000000 0.025785
55.3061220000000000 0.35431400000000000 0.024386
55.4081630000000000 0.31025500000000000 0.022567
55.5102040000000000 0.38797900000000000 0.026851
55.6122450000000000 0.33498100000000000 0.023452
55.7142860000000000 0.33660300000000000 0.023126
55.8163270000000000 0.30383500000000000 0.022375
55.9183670000000000 0.29939000000000000 0.021871
56.0204080000000000 0.31883900000000000 0.023259
56.1224490000000000 0.36737400000000000 0.025359
56.2244900000000000 0.36688900000000000 0.024706
56.3265310000000000 0.35717800000000000 0.025408
56.4285710000000000 0.33786100000000000 0.023778
56.5306120000000000 0.33693000000000000 0.024162
56.6326530000000000 0.39376100000000000 0.026545
56.7346940000000000 0.39444900000000000 0.026500
56.8367350000000000 0.38010700000000000 0.026416
56.9387760000000000 0.38471900000000000 0.025281
57.0408160000000000 0.37007700000000000 0.025533
57.1428570000000000 0.36488500000000000 0.025133
57.2448980000000000 0.35669200000000000 0.025332
57.3469390000000000 0.37876600000000000 0.026600
57.4489800000000000 0.34471500000000000 0.024177
57.5510200000000000 0.34887200000000000 0.024264
57.6530610000000000 0.36933700000000000 0.025613
57.7551020000000000 0.35957400000000000 0.024925
57.8571430000000000 0.38060600000000000 0.026006
57.9591840000000000 0.34983000000000000 0.024474
58.0612240000000000 0.40412800000000000 0.026812
58.1632650000000000 0.38944400000000000 0.027073
58.2653060000000000 0.36764700000000000 0.025586
58.3673470000000000 0.35065900000000000 0.024819
58.4693880000000000 0.38211700000000000 0.026088
58.5714290000000000 0.39116000000000000 0.026413
58.6734690000000000 0.36610000000000000 0.025362
58.7755100000000000 0.30703400000000000 0.022273
58.8775510000000000 0.18231400000000000 0.016471
58.9795920000000000 0.10656600000000000 0.012136
59.0816330000000000 0.08574000000000000 0.010627
59.1836730000000000 0.16442000000000000 0.015665
59.2857140000000000 0.23642500000000000 0.019821
59.3877550000000000 0.34045400000000000 0.024050
59.4897960000000000 0.32885800000000000 0.023590
59.5918370000000000 0.35520200000000000 0.024520
59.6938780000000000 0.34928000000000000 0.024569
59.7959180000000000 0.36986700000000000 0.025689
59.8979590000000000 0.34516300000000000 0.024281
60.0000000000000000 0.32618200000000000 0.024244
