55.0000000000000000 0.33535200000000000 0.023581
55.1020410000000000 0.35201200000000000 0.024373
55.2040820000000000 0.33865300000000000 0.023978
55.3061220000000000 0.32058100000000000 0.022829
55.4081630000000000 0.28871700000000000 0.021546
55.5102040000000000 0.28074700000000000 0.021741
55.6122450000000000 0.21425900000000000 0.017690
55.7142860000000000 0.17290200000000000 0.015296
55.8163270000000000 0.16993700000000000 0.015705
55.9183670000000000 0.13758900000000000 0.013741
56.0204080000000000 0.10746400000000000 0.012308
56.1224490000000000 0.08511800000000000 0.010831
56.2244900000000000 0.08150000000000000 0.010285
56.3265310000000000 0.04004600000000000 0.007851
56.4285710000000000 0.01186900000000000 0.004933
56.5306120000000000 0.00789800000000000 0.004604
56.6326530000000000 0.00337600000000000 0.003931
56.7346940000000000 0.00551500000000000 0.004199
56.8367350000000000 -0.0021500000000000 0.003215
56.9387760000000000 0.00313400000000000 0.003649
57.0408160000000000 -0.0020740000000000 0.003102
57.1428570000000000 0.00119200000000000 0.003586
57.2448980000000000 0.00011900000000000 0.003597
57.3469390000000000 0.00127900000000000 0.003848
57.4489800000000000 0.00119000000000000 0.003579
57.5510200000000000 -0.0052210000000000 0.002397
57.6530610000000000 -0.0076220000000000 0.001941
57.7551020000000000 0.00444400000000000 0.004063
57.8571430000000000 -0.0009790000000000 0.003286
57.9591840000000000 0.00552700000000000 0.004208
58.0612240000000000 -0.0009570000000000 0.003212
58.1632650000000000 -0.0021890000000000 0.003274
58.2653060000000000 -0.0009940000000000 0.003337
58.3673470000000000 0.00123000000000000 0.003698
58.4693880000000000 -0.0031690000000000 0.002903
58.5714290000000000 -0.0020590000000000 0.003078
58.6734690000000000 0.00121100000000000 0.003641
58.7755100000000000 0.00542100000000000 0.004127
58.8775510000000000 0.00563700000000000 0.004292
58.9795920000000000 0.00120000000000000 0.003610
59.0816330000000000 -0.0009350000000000 0.003138
59.1836730000000000 0.00349400000000000 0.004068
59.2857140000000000 0.02128500000000000 0.006299
59.3877550000000000 0.02395900000000000 0.006224
59.4897960000000000 0.03069500000000000 0.006866
59.5918370000000000 0.02669000000000000 0.006398
59.6938780000000000 0.03842500000000000 0.007529
59.7959180000000000 0.04786200000000000 0.008342
59.8979590000000000 0.04460100000000000 0.007981
60.0000000000000000 0.06815000000000000 0.010113
