55.0000000000000000 0.44780600000000000 0.028683
55.1020410000000000 0.37859100000000000 0.025590
55.2040820000000000 0.41569200000000000 0.027518
55.3061220000000000 0.44813600000000000 0.028618
55.4081630000000000 0.44378800000000000 0.028691
55.5102040000000000 0.43246900000000000 0.028911
55.6122450000000000 0.42106000000000000 0.027358
55.7142860000000000 0.34974000000000000 0.023721
55.8163270000000000 0.35500000000000000 0.024774
55.9183670000000000 0.36495600000000000 0.024908
56.0204080000000000 0.38966600000000000 0.026566
56.1224490000000000 0.40987600000000000 0.027306
56.2244900000000000 0.45446300000000000 0.028612
56.3265310000000000 0.38113400000000000 0.026532
56.4285710000000000 0.40412800000000000 0.026812
56.5306120000000000 0.40918400000000000 0.027516
56.6326530000000000 0.38506100000000000 0.026147
56.7346940000000000 0.40309200000000000 0.026893
56.8367350000000000 0.34834700000000000 0.024926
56.9387760000000000 0.39380400000000000 0.025685
57.0408160000000000 0.39087400000000000 0.026491
57.1428570000000000 0.38215200000000000 0.025925
57.2448980000000000 0.34533600000000000 0.024796
57.3469390000000000 0.35676500000000000 0.025561
57.4489800000000000 0.33717700000000000 0.023827
57.5510200000000000 0.34140600000000000 0.023919
57.6530610000000000 0.25989700000000000 0.020409
57.7551020000000000 0.21557300000000000 0.018019
57.8571430000000000 0.19145400000000000 0.016869
57.9591840000000000 0.12679100000000000 0.013295
58.0612240000000000 0.07279200000000000 0.009920
58.1632650000000000 0.04055500000000000 0.007953
58.2653060000000000 0.00011600000000000 0.003518
58.3673470000000000 0.00011700000000000 0.003525
58.4693880000000000 -0.0042630000000000 0.002690
58.5714290000000000 -0.0031450000000000 0.002881
58.6734690000000000 0.00121100000000000 0.003641
58.7755100000000000 0.00117300000000000 0.003529
58.8775510000000000 0.00232400000000000 0.003834
58.9795920000000000 0.00120000000000000 0.003610
59.0816330000000000 -0.0040680000000000 0.002567
59.1836730000000000 -0.0032580000000000 0.002985
59.2857140000000000 -0.0045790000000000 0.002890
59.3877550000000000 0.00119800000000000 0.003602
59.4897960000000000 0.00120700000000000 0.003629
59.5918370000000000 0.00755400000000000 0.004403
59.6938780000000000 0.02638400000000000 0.006489
59.7959180000000000 0.02676500000000000 0.006584
59.8979590000000000 0.06630300000000000 0.009562
60.0000000000000000 0.05290200000000000 0.009001
