55.0000000000000000 0.34596100000000000 0.024072
55.1020410000000000 0.36264400000000000 0.024862
55.2040820000000000 0.38097000000000000 0.025934
55.3061220000000000 0.36380200000000000 0.024820
55.4081630000000000 0.35333000000000000 0.024576
55.5102040000000000 0.40052700000000000 0.027435
55.6122450000000000 0.35912500000000000 0.024560
55.7142860000000000 0.28506800000000000 0.020755
55.8163270000000000 0.30818900000000000 0.022581
55.9183670000000000 0.29304500000000000 0.021571
56.0204080000000000 0.31441200000000000 0.023049
56.1224490000000000 0.35865600000000000 0.024955
56.2244900000000000 0.35452600000000000 0.024146
56.3265310000000000 0.35033400000000000 0.025085
56.4285710000000000 0.34961800000000000 0.024322
56.5306120000000000 0.38250600000000000 0.026288
56.6326530000000000 0.37853700000000000 0.025848
56.7346940000000000 0.39120800000000000 0.026352
56.8367350000000000 0.39145000000000000 0.026944
56.9387760000000000 0.35241500000000000 0.023831
57.0408160000000000 0.34599700000000000 0.024416
57.1428570000000000 0.38107300000000000 0.025876
57.2448980000000000 0.40552100000000000 0.027611
57.3469390000000000 0.35676500000000000 0.025561
57.4489800000000000 0.38671400000000000 0.026109
57.5510200000000000 0.34353900000000000 0.024018
57.6530610000000000 0.36491500000000000 0.025408
57.7551020000000000 0.40721300000000000 0.027106
57.8571430000000000 0.35983200000000000 0.025047
57.9591840000000000 0.36065700000000000 0.024975
58.0612240000000000 0.33037900000000000 0.023430
58.1632650000000000 0.37442500000000000 0.026368
58.2653060000000000 0.38541200000000000 0.026409
58.3673470000000000 0.35511100000000000 0.025027
58.4693880000000000 0.33067300000000000 0.023699
58.5714290000000000 0.36726300000000000 0.025316
58.6734690000000000 0.34966300000000000 0.024599
58.7755100000000000 0.31446800000000000 0.022621
58.8775510000000000 0.20550300000000000 0.017676
58.9795920000000000 0.12937700000000000 0.013464
59.0816330000000000 0.09827100000000000 0.011397
59.1836730000000000 0.16217000000000000 0.015543
59.2857140000000000 0.25170800000000000 0.020597
59.3877550000000000 0.34153800000000000 0.024100
59.4897960000000000 0.35834700000000000 0.024966
59.5918370000000000 0.36370700000000000 0.024910
59.6938780000000000 0.36022600000000000 0.025077
59.7959180000000000 0.34988100000000000 0.024757
59.8979590000000000 0.37771500000000000 0.025785
60.0000000000000000 0.38365300000000000 0.026986
