55.0000000000000000 0.38733500000000000 0.025963
55.1020410000000000 0.32756000000000000 0.023242
55.2040820000000000 0.37880000000000000 0.025834
55.3061220000000000 0.34377300000000000 0.023902
55.4081630000000000 0.35548400000000000 0.024675
55.5102040000000000 0.38227500000000000 0.026585
55.6122450000000000 0.34442900000000000 0.023887
55.7142860000000000 0.29820400000000000 0.021366
55.8163270000000000 0.29512600000000000 0.021961
55.9183670000000000 0.28881500000000000 0.021371
56.0204080000000000 0.33654600000000000 0.024095
56.1224490000000000 0.36628400000000000 0.025308
56.2244900000000000 0.35967700000000000 0.024380
56.3265310000000000 0.35946000000000000 0.025515
56.4285710000000000 0.36778800000000000 0.025157
56.5306120000000000 0.37806000000000000 0.026082
56.6326530000000000 0.34482700000000000 0.024289
56.7346940000000000 0.35879700000000000 0.024864
56.8367350000000000 0.37783800000000000 0.026310
56.9387760000000000 0.35140600000000000 0.023786
57.0408160000000000 0.37883400000000000 0.025937
57.1428570000000000 0.33898400000000000 0.023934
57.2448980000000000 0.35101400000000000 0.025065
57.3469390000000000 0.35792300000000000 0.025616
57.4489800000000000 0.36625300000000000 0.025171
57.5510200000000000 0.34887200000000000 0.024264
57.6530610000000000 0.33838500000000000 0.024169
57.7551020000000000 0.35416000000000000 0.024674
57.8571430000000000 0.38498000000000000 0.026207
57.9591840000000000 0.35091200000000000 0.024524
58.0612240000000000 0.38595800000000000 0.025987
58.1632650000000000 0.34092300000000000 0.024781
58.2653060000000000 0.33766700000000000 0.024184
58.3673470000000000 0.36512600000000000 0.025494
58.4693880000000000 0.38540100000000000 0.026239
58.5714290000000000 0.35748700000000000 0.024865
58.6734690000000000 0.36171700000000000 0.025159
58.7755100000000000 0.26455300000000000 0.020255
58.8775510000000000 0.21433700000000000 0.018127
58.9795920000000000 0.12177300000000000 0.013029
59.0816330000000000 0.10766900000000000 0.011956
59.1836730000000000 0.15879300000000000 0.015358
59.2857140000000000 0.24465500000000000 0.020240
59.3877550000000000 0.30143400000000000 0.022216
59.4897960000000000 0.34414900000000000 0.024306
59.5918370000000000 0.36795900000000000 0.025105
59.6938780000000000 0.35913100000000000 0.025027
59.7959180000000000 0.38874300000000000 0.026563
59.8979590000000000 0.39616100000000000 0.026629
60.0000000000000000 0.36254100000000000 0.025986
