55.0000000000000000 0.33959500000000000 0.023778
55.1020410000000000 0.30523400000000000 0.022199
55.2040820000000000 0.26161400000000000 0.020316
55.3061220000000000 0.23730100000000000 0.018865
55.4081630000000000 0.20579700000000000 0.017479
55.5102040000000000 0.20773800000000000 0.018071
55.6122450000000000 0.15337400000000000 0.014549
55.7142860000000000 0.11631400000000000 0.012252
55.8163270000000000 0.08938000000000000 0.011095
55.9183670000000000 0.09528800000000000 0.011291
56.0204080000000000 0.06983700000000000 0.009909
56.1224490000000000 0.05133500000000000 0.008514
56.2244900000000000 0.03719800000000000 0.007164
56.3265310000000000 0.01495000000000000 0.005518
56.4285710000000000 0.00759400000000000 0.004427
56.5306120000000000 0.00122800000000000 0.003694
56.6326530000000000 0.00120200000000000 0.003614
56.7346940000000000 -0.0052890000000000 0.002428
56.8367350000000000 0.00125300000000000 0.003769
56.9387760000000000 -0.0019130000000000 0.002861
57.0408160000000000 0.00339900000000000 0.003957
57.1428570000000000 0.00119200000000000 0.003586
57.2448980000000000 -0.0066940000000000 0.002290
57.3469390000000000 0.01170100000000000 0.005213
57.4489800000000000 -0.0020410000000000 0.003052
57.5510200000000000 0.00011200000000000 0.003379
57.6530610000000000 0.00011600000000000 0.003502
57.7551020000000000 0.00552700000000000 0.004208
57.8571430000000000 -0.0020720000000000 0.003099
57.9591840000000000 0.00011400000000000 0.003430
58.0612240000000000 0.00118100000000000 0.003552
58.1632650000000000 -0.0068100000000000 0.002330
58.2653060000000000 0.00233700000000000 0.003855
58.3673470000000000 0.00011700000000000 0.003525
58.4693880000000000 0.00339900000000000 0.003957
58.5714290000000000 0.00771800000000000 0.004499
58.6734690000000000 0.00230600000000000 0.003804
58.7755100000000000 -0.0041370000000000 0.002610
58.8775510000000000 -0.0020930000000000 0.003129
58.9795920000000000 -0.0020590000000000 0.003078
59.0816330000000000 0.00846400000000000 0.004453
59.1836730000000000 -0.0032580000000000 0.002985
59.2857140000000000 -0.0034040000000000 0.003118
59.3877550000000000 0.00444900000000000 0.004068
59.4897960000000000 0.00229900000000000 0.003792
59.5918370000000000 0.00755400000000000 0.004403
59.6938780000000000 0.00230400000000000 0.003800
59.7959180000000000 0.00899900000000000 0.004736
59.8979590000000000 0.01205000000000000 0.005008
60.0000000000000000 0.01302500000000000 0.005414
