55.0000000000000000 0.02026800000000000 0.005785
55.1020410000000000 0.00861700000000000 0.004534
55.2040820000000000 0.00445400000000000 0.004072
55.3061220000000000 -0.0009440000000000 0.003168
55.4081630000000000 0.00119000000000000 0.003579
55.5102040000000000 0.00582300000000000 0.004434
55.6122450000000000 -0.0051390000000000 0.002359
55.7142860000000000 -0.0019150000000000 0.002864
55.8163270000000000 0.00229100000000000 0.003779
55.9183670000000000 0.00116800000000000 0.003514
56.0204080000000000 0.00122300000000000 0.003678
56.1224490000000000 -0.0020650000000000 0.003088
56.2244900000000000 0.00113800000000000 0.003424
56.3265310000000000 0.00126000000000000 0.003791
56.4285710000000000 -0.0030940000000000 0.002835
56.5306120000000000 -0.0021070000000000 0.003150
56.6326530000000000 0.01098800000000000 0.004895
56.7346940000000000 -0.0042080000000000 0.002655
56.8367350000000000 0.00465600000000000 0.004257
56.9387760000000000 -0.0009040000000000 0.003034
57.0408160000000000 -0.0020740000000000 0.003102
57.1428570000000000 -0.0031240000000000 0.002862
57.2448980000000000 0.00125500000000000 0.003774
57.3469390000000000 0.00127900000000000 0.003848
57.4489800000000000 0.00119000000000000 0.003579
57.5510200000000000 -0.0052210000000000 0.002397
57.6530610000000000 -0.0032000000000000 0.002932
57.7551020000000000 0.00227900000000000 0.003759
57.8571430000000000 0.00339500000000000 0.003952
57.9591840000000000 -0.0009690000000000 0.003254
58.0612240000000000 0.00438700000000000 0.004011
58.1632650000000000 0.00705300000000000 0.004640
58.2653060000000000 -0.0009940000000000 0.003337
58.3673470000000000 0.00790700000000000 0.004610
58.4693880000000000 0.00230400000000000 0.003800
58.5714290000000000 0.00011400000000000 0.003441
58.6734690000000000 0.00011500000000000 0.003471
58.7755100000000000 0.00011100000000000 0.003364
58.8775510000000000 0.00122000000000000 0.003669
58.9795920000000000 0.00554500000000000 0.004222
59.0816330000000000 0.00533100000000000 0.004058
59.1836730000000000 0.00124300000000000 0.003740
59.2857140000000000 0.00835300000000000 0.004870
59.3877550000000000 0.01962400000000000 0.005805
59.4897960000000000 0.03178800000000000 0.006961
59.5918370000000000 0.02881600000000000 0.006588
59.6938780000000000 0.02529000000000000 0.006388
59.7959180000000000 0.03231700000000000 0.007078
59.8979590000000000 0.04460100000000000 0.007981
60.0000000000000000 0.02709900000000000 0.006849
