55.0000000000000000 0.40537000000000000 0.026779
55.1020410000000000 0.37752800000000000 0.025542
55.2040820000000000 0.36143900000000000 0.025035
55.3061220000000000 0.37012700000000000 0.025109
55.4081630000000000 0.33610000000000000 0.023777
55.5102040000000000 0.34348900000000000 0.024760
55.6122450000000000 0.32763300000000000 0.023112
55.7142860000000000 0.31740400000000000 0.022250
55.8163270000000000 0.28750600000000000 0.021596
55.9183670000000000 0.32794300000000000 0.023204
56.0204080000000000 0.32326600000000000 0.023469
56.1224490000000000 0.38045200000000000 0.025961
56.2244900000000000 0.36173800000000000 0.024473
56.3265310000000000 0.40280900000000000 0.027541
56.4285710000000000 0.37633900000000000 0.025548
56.5306120000000000 0.32581500000000000 0.023637
56.6326530000000000 0.41442200000000000 0.027486
56.7346940000000000 0.36311900000000000 0.025064
56.8367350000000000 0.38577900000000000 0.026680
56.9387760000000000 0.37361400000000000 0.024784
57.0408160000000000 0.38977900000000000 0.026440
57.1428570000000000 0.34222200000000000 0.024085
57.2448980000000000 0.39303000000000000 0.027031
57.3469390000000000 0.39266100000000000 0.027252
57.4489800000000000 0.40179000000000000 0.026795
57.5510200000000000 0.39793300000000000 0.026506
57.6530610000000000 0.37928600000000000 0.026074
57.7551020000000000 0.37906300000000000 0.025821
57.8571430000000000 0.36420600000000000 0.025249
57.9591840000000000 0.38231100000000000 0.025970
58.0612240000000000 0.40626600000000000 0.026909
58.1632650000000000 0.36749400000000000 0.026042
58.2653060000000000 0.40873000000000000 0.027482
58.3673470000000000 0.35065900000000000 0.024819
58.4693880000000000 0.35475300000000000 0.024823
58.5714290000000000 0.32924500000000000 0.023550
58.6734690000000000 0.37705700000000000 0.025868
58.7755100000000000 0.29004100000000000 0.021471
58.8775510000000000 0.18894000000000000 0.016819
58.9795920000000000 0.10547900000000000 0.012071
59.0816330000000000 0.09827100000000000 0.011397
59.1836730000000000 0.14303800000000000 0.014485
59.2857140000000000 0.27874800000000000 0.021950
59.3877550000000000 0.31986000000000000 0.023086
59.4897960000000000 0.39985000000000000 0.026875
59.5918370000000000 0.38709600000000000 0.025977
59.6938780000000000 0.36898300000000000 0.025483
59.7959180000000000 0.37652900000000000 0.025998
59.8979590000000000 0.35275900000000000 0.024633
60.0000000000000000 0.36254100000000000 0.025986
