55.0000000000000000 0.10832200000000000 0.012092
55.1020410000000000 0.08622600000000000 0.010759
55.2040820000000000 0.03266600000000000 0.007009
55.3061220000000000 0.03911500000000000 0.007417
55.4081630000000000 0.02165100000000000 0.005978
55.5102040000000000 0.01951300000000000 0.005997
55.6122450000000000 0.00430900000000000 0.003940
55.7142860000000000 0.00010600000000000 0.003201
55.8163270000000000 0.00338000000000000 0.003935
55.9183670000000000 0.00222600000000000 0.003671
56.0204080000000000 -0.0020970000000000 0.003136
56.1224490000000000 -0.0053350000000000 0.002449
56.2244900000000000 -0.0009220000000000 0.003096
56.3265310000000000 0.00012000000000000 0.003614
56.4285710000000000 0.00011200000000000 0.003386
56.5306120000000000 -0.0087760000000000 0.001612
56.6326530000000000 0.00120200000000000 0.003614
56.7346940000000000 -0.0042080000000000 0.002655
56.8367350000000000 -0.0010150000000000 0.003409
56.9387760000000000 0.00111500000000000 0.003355
57.0408160000000000 -0.0020740000000000 0.003102
57.1428570000000000 0.00011300000000000 0.003419
57.2448980000000000 0.00011900000000000 0.003597
57.3469390000000000 -0.0056680000000000 0.002603
57.4489800000000000 0.00011300000000000 0.003411
57.5510200000000000 0.00224500000000000 0.003703
57.6530610000000000 0.00011600000000000 0.003502
57.7551020000000000 -0.0009690000000000 0.003254
57.8571430000000000 0.00667500000000000 0.004391
57.9591840000000000 -0.0031350000000000 0.002872
58.0612240000000000 0.00331900000000000 0.003864
58.1632650000000000 0.00127600000000000 0.003839
58.2653060000000000 0.00122700000000000 0.003690
58.3673470000000000 -0.0021090000000000 0.003154
58.4693880000000000 -0.0042630000000000 0.002690
58.5714290000000000 -0.0031450000000000 0.002881
58.6734690000000000 -0.0009810000000000 0.003293
58.7755100000000000 0.00542100000000000 0.004127
58.8775510000000000 0.00453300000000000 0.004144
58.9795920000000000 0.00663100000000000 0.004362
59.0816330000000000 0.00533100000000000 0.004058
59.1836730000000000 -0.0021330000000000 0.003189
59.2857140000000000 0.00012300000000000 0.003724
59.3877550000000000 0.01095300000000000 0.004879
59.4897960000000000 0.00994400000000000 0.004788
59.5918370000000000 0.01074300000000000 0.004785
59.6938780000000000 0.01434400000000000 0.005294
59.7959180000000000 0.01011000000000000 0.004868
59.8979590000000000 0.02073000000000000 0.005918
60.0000000000000000 0.01771600000000000 0.005925
