55.0000000000000000 0.36187400000000000 0.024803
55.1020410000000000 0.34988600000000000 0.024275
55.2040820000000000 0.38531100000000000 0.026133
55.3061220000000000 0.34904300000000000 0.024144
55.4081630000000000 0.36194500000000000 0.024973
55.5102040000000000 0.33664500000000000 0.024435
55.6122450000000000 0.29509000000000000 0.021595
55.7142860000000000 0.30932000000000000 0.021879
55.8163270000000000 0.29839200000000000 0.022116
55.9183670000000000 0.37130100000000000 0.025198
56.0204080000000000 0.36974600000000000 0.025645
56.1224490000000000 0.32487200000000000 0.023380
56.2244900000000000 0.37616200000000000 0.025125
56.3265310000000000 0.35946000000000000 0.025515
56.4285710000000000 0.35389300000000000 0.024519
56.5306120000000000 0.34137700000000000 0.024371
56.6326530000000000 0.36331300000000000 0.025146
56.7346940000000000 0.37716300000000000 0.025709
56.8367350000000000 0.35288400000000000 0.025140
56.9387760000000000 0.39582300000000000 0.025775
57.0408160000000000 0.38430600000000000 0.026189
57.1428570000000000 0.38754800000000000 0.026172
57.2448980000000000 0.31467500000000000 0.023336
57.3469390000000000 0.41350400000000000 0.028225
57.4489800000000000 0.37594500000000000 0.025616
57.5510200000000000 0.38940100000000000 0.026119
57.6530610000000000 0.36933700000000000 0.025613
57.7551020000000000 0.37256700000000000 0.025523
57.8571430000000000 0.34124500000000000 0.024182
57.9591840000000000 0.34874700000000000 0.024423
58.0612240000000000 0.38916500000000000 0.026133
58.1632650000000000 0.35132000000000000 0.025276
58.2653060000000000 0.38208100000000000 0.026255
58.3673470000000000 0.37514200000000000 0.025960
58.4693880000000000 0.35037500000000000 0.024620
58.5714290000000000 0.38247100000000000 0.026015
58.6734690000000000 0.35842900000000000 0.025007
58.7755100000000000 0.30172400000000000 0.022023
58.8775510000000000 0.17568900000000000 0.016121
58.9795920000000000 0.11634200000000000 0.012714
59.0816330000000000 0.11184600000000000 0.012200
59.1836730000000000 0.17905000000000000 0.016451
59.2857140000000000 0.25053300000000000 0.020538
59.3877550000000000 0.33178300000000000 0.023645
59.4897960000000000 0.32667400000000000 0.023488
59.5918370000000000 0.33606500000000000 0.023637
59.6938780000000000 0.37883400000000000 0.025937
59.7959180000000000 0.36653600000000000 0.025534
59.8979590000000000 0.36903500000000000 0.025385
60.0000000000000000 0.34025600000000000 0.024922
