55.0000000000000000 0.34383900000000000 0.023974
55.1020410000000000 0.37433800000000000 0.025396
55.2040820000000000 0.38748100000000000 0.026232
55.3061220000000000 0.37118100000000000 0.025157
55.4081630000000000 0.33071600000000000 0.023526
55.5102040000000000 0.37086800000000000 0.026051
55.6122450000000000 0.32868200000000000 0.023161
55.7142860000000000 0.29618300000000000 0.021272
55.8163270000000000 0.30274600000000000 0.022323
55.9183670000000000 0.29093000000000000 0.021471
56.0204080000000000 0.37195900000000000 0.025748
56.1224490000000000 0.36955400000000000 0.025459
56.2244900000000000 0.35761600000000000 0.024286
56.3265310000000000 0.36060100000000000 0.025569
56.4285710000000000 0.39344000000000000 0.026327
56.5306120000000000 0.40696100000000000 0.027414
56.6326530000000000 0.37853700000000000 0.025848
56.7346940000000000 0.38580600000000000 0.026105
56.8367350000000000 0.36422700000000000 0.025673
56.9387760000000000 0.37058600000000000 0.024649
57.0408160000000000 0.39415800000000000 0.026641
57.1428570000000000 0.34114300000000000 0.024035
57.2448980000000000 0.35214900000000000 0.025118
57.3469390000000000 0.36255500000000000 0.025836
57.4489800000000000 0.37486800000000000 0.025567
57.5510200000000000 0.37020300000000000 0.025244
57.6530610000000000 0.40139500000000000 0.027092
57.7551020000000000 0.35307800000000000 0.024624
57.8571430000000000 0.33468500000000000 0.023875
57.9591840000000000 0.38772400000000000 0.026218
58.0612240000000000 0.35816900000000000 0.024715
58.1632650000000000 0.32128300000000000 0.023841
58.2653060000000000 0.38208100000000000 0.026255
58.3673470000000000 0.35956200000000000 0.025235
58.4693880000000000 0.39853600000000000 0.026841
58.5714290000000000 0.38790200000000000 0.026264
58.6734690000000000 0.33103500000000000 0.023728
58.7755100000000000 0.29853800000000000 0.021873
58.8775510000000000 0.21544100000000000 0.018183
58.9795920000000000 0.11634200000000000 0.012714
59.0816330000000000 0.10140400000000000 0.011585
59.1836730000000000 0.18355100000000000 0.016690
59.2857140000000000 0.24230300000000000 0.020120
59.3877550000000000 0.32636300000000000 0.023392
59.4897960000000000 0.34742500000000000 0.024458
59.5918370000000000 0.35307500000000000 0.024422
59.6938780000000000 0.34161800000000000 0.024212
59.7959180000000000 0.36542600000000000 0.025483
59.8979590000000000 0.37988500000000000 0.025884
60.0000000000000000 0.38951700000000000 0.027262
