55.0000000000000000 0.37142200000000000 0.025239
55.1020410000000000 0.38284300000000000 0.025784
55.2040820000000000 0.34733400000000000 0.024382
55.3061220000000000 0.40913200000000000 0.026874
55.4081630000000000 0.34579200000000000 0.024227
55.5102040000000000 0.37999400000000000 0.026479
55.6122450000000000 0.36752300000000000 0.024943
55.7142860000000000 0.33054000000000000 0.022850
55.8163270000000000 0.28424000000000000 0.021440
55.9183670000000000 0.33111500000000000 0.023351
56.0204080000000000 0.33875900000000000 0.024199
56.1224490000000000 0.38481100000000000 0.026161
56.2244900000000000 0.33392000000000000 0.023206
56.3265310000000000 0.37314900000000000 0.026158
56.4285710000000000 0.36458200000000000 0.025010
56.5306120000000000 0.36360900000000000 0.025411
56.6326530000000000 0.38071200000000000 0.025947
56.7346940000000000 0.35663600000000000 0.024765
56.8367350000000000 0.32566100000000000 0.023849
56.9387760000000000 0.35544400000000000 0.023968
57.0408160000000000 0.37773900000000000 0.025887
57.1428570000000000 0.35517200000000000 0.024685
57.2448980000000000 0.40552100000000000 0.027611
57.3469390000000000 0.36834500000000000 0.026109
57.4489800000000000 0.39102100000000000 0.026305
57.5510200000000000 0.35633800000000000 0.024608
57.6530610000000000 0.35386100000000000 0.024893
57.7551020000000000 0.36173900000000000 0.025025
57.8571430000000000 0.38388600000000000 0.026157
57.9591840000000000 0.35740900000000000 0.024825
58.0612240000000000 0.36030600000000000 0.024814
58.1632650000000000 0.38828800000000000 0.027019
58.2653060000000000 0.38985400000000000 0.026614
58.3673470000000000 0.37848000000000000 0.026115
58.4693880000000000 0.33395700000000000 0.023853
58.5714290000000000 0.34988300000000000 0.024512
58.6734690000000000 0.36829100000000000 0.025463
58.7755100000000000 0.29960000000000000 0.021923
58.8775510000000000 0.17458500000000000 0.016063
58.9795920000000000 0.10873800000000000 0.012265
59.0816330000000000 0.09827100000000000 0.011397
59.1836730000000000 0.15541700000000000 0.015173
59.2857140000000000 0.23054700000000000 0.019520
59.3877550000000000 0.32527900000000000 0.023341
59.4897960000000000 0.30919900000000000 0.022663
59.5918370000000000 0.35307500000000000 0.024422
59.6938780000000000 0.35475300000000000 0.024823
59.7959180000000000 0.34877000000000000 0.024705
59.8979590000000000 0.36252400000000000 0.025085
60.0000000000000000 0.38482600000000000 0.027041
