55.0000000000000000 0.34596100000000000 0.024072
55.1020410000000000 0.36795900000000000 0.025105
55.2040820000000000 0.37663000000000000 0.025735
55.3061220000000000 0.37118100000000000 0.025157
55.4081630000000000 0.38348300000000000 0.025961
55.5102040000000000 0.37314900000000000 0.026158
55.6122450000000000 0.36647300000000000 0.024895
55.7142860000000000 0.29214100000000000 0.021084
55.8163270000000000 0.30165800000000000 0.022272
55.9183670000000000 0.30256200000000000 0.022020
56.0204080000000000 0.36531900000000000 0.025439
56.1224490000000000 0.33904000000000000 0.024043
56.2244900000000000 0.37204000000000000 0.024939
56.3265310000000000 0.35717800000000000 0.025408
56.4285710000000000 0.38168300000000000 0.025792
56.5306120000000000 0.38250600000000000 0.026288
56.6326530000000000 0.36113800000000000 0.025046
56.7346940000000000 0.35771700000000000 0.024815
56.8367350000000000 0.39712100000000000 0.027207
56.9387760000000000 0.35039600000000000 0.023740
57.0408160000000000 0.36898300000000000 0.025483
57.1428570000000000 0.37783600000000000 0.025728
57.2448980000000000 0.39075900000000000 0.026926
57.3469390000000000 0.35560700000000000 0.025506
57.4489800000000000 0.36625300000000000 0.025171
57.5510200000000000 0.36380400000000000 0.024950
57.6530610000000000 0.38591900000000000 0.026380
57.7551020000000000 0.35416000000000000 0.024674
57.8571430000000000 0.38060600000000000 0.026006
57.9591840000000000 0.35524300000000000 0.024724
58.0612240000000000 0.37633900000000000 0.025548
58.1632650000000000 0.36749400000000000 0.026042
58.2653060000000000 0.33100500000000000 0.023870
58.3673470000000000 0.36290100000000000 0.025391
58.4693880000000000 0.33614600000000000 0.023956
58.5714290000000000 0.37160800000000000 0.025516
58.6734690000000000 0.36062100000000000 0.025108
58.7755100000000000 0.30172400000000000 0.022023
58.8775510000000000 0.18341800000000000 0.016530
58.9795920000000000 0.14132500000000000 0.014135
59.0816330000000000 0.11080200000000000 0.012139
59.1836730000000000 0.15766800000000000 0.015297
59.2857140000000000 0.28697700000000000 0.022357
59.3877550000000000 0.34370500000000000 0.024201
59.4897960000000000 0.33759600000000000 0.024000
59.5918370000000000 0.35626500000000000 0.024569
59.6938780000000000 0.36132100000000000 0.025128
59.7959180000000000 0.34877000000000000 0.024705
59.8979590000000000 0.37337500000000000 0.025585
60.0000000000000000 0.38834400000000000 0.027207
