55.0000000000000000 0.36081300000000000 0.024754
55.1020410000000000 0.35307500000000000 0.024422
55.2040820000000000 0.36903500000000000 0.025385
55.3061220000000000 0.36274800000000000 0.024772
55.4081630000000000 0.37379100000000000 0.025518
55.5102040000000000 0.35946000000000000 0.025515
55.6122450000000000 0.31608500000000000 0.022577
55.7142860000000000 0.29921500000000000 0.021412
55.8163270000000000 0.27117700000000000 0.020811
55.9183670000000000 0.31842500000000000 0.022762
56.0204080000000000 0.29449200000000000 0.022098
56.1224490000000000 0.34121900000000000 0.024145
56.2244900000000000 0.34422300000000000 0.023677
56.3265310000000000 0.38569700000000000 0.026745
56.4285710000000000 0.38382000000000000 0.025890
56.5306120000000000 0.33693000000000000 0.024162
56.6326530000000000 0.32199100000000000 0.023221
56.7346940000000000 0.37716300000000000 0.025709
56.8367350000000000 0.39031600000000000 0.026891
56.9387760000000000 0.35039600000000000 0.023740
57.0408160000000000 0.37883400000000000 0.025937
57.1428570000000000 0.41237000000000000 0.027301
57.2448980000000000 0.36009800000000000 0.025492
57.3469390000000000 0.36834500000000000 0.026109
57.4489800000000000 0.36409900000000000 0.025072
57.5510200000000000 0.37980200000000000 0.025682
57.6530610000000000 0.35275500000000000 0.024842
57.7551020000000000 0.36931800000000000 0.025374
57.8571430000000000 0.40028700000000000 0.026908
57.9591840000000000 0.31843100000000000 0.023008
58.0612240000000000 0.37633900000000000 0.025548
58.1632650000000000 0.37442500000000000 0.026368
58.2653060000000000 0.39540600000000000 0.026870
58.3673470000000000 0.37402900000000000 0.025908
58.4693880000000000 0.35803700000000000 0.024976
58.5714290000000000 0.35640100000000000 0.024814
58.6734690000000000 0.34747200000000000 0.024497
58.7755100000000000 0.29747600000000000 0.021823
58.8775510000000000 0.20108600000000000 0.017449
58.9795920000000000 0.12177300000000000 0.013029
59.0816330000000000 0.09618200000000000 0.011271
59.1836730000000000 0.14416400000000000 0.014548
59.2857140000000000 0.25288400000000000 0.020656
59.3877550000000000 0.32094400000000000 0.023137
59.4897960000000000 0.33978000000000000 0.024102
59.5918370000000000 0.34138100000000000 0.023883
59.6938780000000000 0.35365900000000000 0.024773
59.7959180000000000 0.36209500000000000 0.025327
59.8979590000000000 0.36469500000000000 0.025185
60.0000000000000000 0.39069000000000000 0.027318
