55.0000000000000000 0.34914300000000000 0.024218
55.1020410000000000 0.33287600000000000 0.023489
55.2040820000000000 0.32780200000000000 0.023471
55.3061220000000000 0.30687600000000000 0.022190
55.4081630000000000 0.26394900000000000 0.020357
55.5102040000000000 0.20317500000000000 0.017834
55.6122450000000000 0.19746300000000000 0.016846
55.7142860000000000 0.11934500000000000 0.012423
55.8163270000000000 0.08393700000000000 0.010749
55.9183670000000000 0.06779200000000000 0.009529
56.0204080000000000 0.03221000000000000 0.007054
56.1224490000000000 0.00556300000000000 0.004236
56.2244900000000000 0.00319900000000000 0.003724
56.3265310000000000 0.00696400000000000 0.004582
56.4285710000000000 0.00331900000000000 0.003864
56.5306120000000000 -0.0032180000000000 0.002948
56.6326530000000000 -0.0009730000000000 0.003268
56.7346940000000000 0.00119400000000000 0.003590
56.8367350000000000 0.00692500000000000 0.004556
56.9387760000000000 0.00111500000000000 0.003355
57.0408160000000000 -0.0031690000000000 0.002903
57.1428570000000000 -0.0020450000000000 0.003058
57.2448980000000000 -0.0032880000000000 0.003012
57.3469390000000000 0.00591100000000000 0.004501
57.4489800000000000 0.00226700000000000 0.003739
57.5510200000000000 -0.0020210000000000 0.003023
57.6530610000000000 0.00232700000000000 0.003838
57.7551020000000000 -0.0009690000000000 0.003254
57.8571430000000000 0.00776800000000000 0.004529
57.9591840000000000 0.00769300000000000 0.004485
58.0612240000000000 0.01293800000000000 0.005052
58.1632650000000000 0.01976100000000000 0.006073
58.2653060000000000 0.01899300000000000 0.005836
58.3673470000000000 0.04574300000000000 0.008189
58.4693880000000000 0.05703200000000000 0.008954
58.5714290000000000 0.05877100000000000 0.009040
58.6734690000000000 0.05271200000000000 0.008643
58.7755100000000000 0.05958400000000000 0.008984
58.8775510000000000 0.04870200000000000 0.008380
58.9795920000000000 0.01640800000000000 0.005485
59.0816330000000000 0.02308400000000000 0.005995
59.1836730000000000 0.05075900000000000 0.008629
59.2857140000000000 0.09417400000000000 0.011867
59.3877550000000000 0.08790800000000000 0.010977
59.4897960000000000 0.13008300000000000 0.013542
59.5918370000000000 0.15107800000000000 0.014517
59.6938780000000000 0.12708400000000000 0.013385
59.7959180000000000 0.16222900000000000 0.015443
59.8979590000000000 0.17046900000000000 0.015708
60.0000000000000000 0.16667100000000000 0.016113
