55.0000000000000000 0.32792600000000000 0.023237
55.1020410000000000 0.34776000000000000 0.024178
55.2040820000000000 0.38531100000000000 0.026133
55.3061220000000000 0.37223500000000000 0.025205
55.4081630000000000 0.33179300000000000 0.023576
55.5102040000000000 0.34463000000000000 0.024815
55.6122450000000000 0.33078200000000000 0.023258
55.7142860000000000 0.27799400000000000 0.020425
55.8163270000000000 0.28532900000000000 0.021492
55.9183670000000000 0.30256200000000000 0.022020
56.0204080000000000 0.33543900000000000 0.024043
56.1224490000000000 0.35211700000000000 0.024652
56.2244900000000000 0.38955500000000000 0.025727
56.3265310000000000 0.36402300000000000 0.025730
56.4285710000000000 0.33893000000000000 0.023827
56.5306120000000000 0.38806400000000000 0.026545
56.6326530000000000 0.38941100000000000 0.026346
56.7346940000000000 0.37716300000000000 0.025709
56.8367350000000000 0.38691300000000000 0.026733
56.9387760000000000 0.35746300000000000 0.024059
57.0408160000000000 0.33724000000000000 0.024007
57.1428570000000000 0.35841000000000000 0.024834
57.2448980000000000 0.34306500000000000 0.024689
57.3469390000000000 0.39613500000000000 0.027415
57.4489800000000000 0.36302200000000000 0.025023
57.5510200000000000 0.40646600000000000 0.026892
57.6530610000000000 0.35496600000000000 0.024945
57.7551020000000000 0.39855200000000000 0.026712
57.8571430000000000 0.36639200000000000 0.025351
57.9591840000000000 0.34116800000000000 0.024071
58.0612240000000000 0.35816900000000000 0.024715
58.1632650000000000 0.38251200000000000 0.026748
58.2653060000000000 0.40095700000000000 0.027125
58.3673470000000000 0.37736700000000000 0.026063
58.4693880000000000 0.39306300000000000 0.026591
58.5714290000000000 0.40093700000000000 0.026860
58.6734690000000000 0.34637600000000000 0.024446
58.7755100000000000 0.32615000000000000 0.023166
58.8775510000000000 0.18673100000000000 0.016703
58.9795920000000000 0.10222100000000000 0.011874
59.0816330000000000 0.10140400000000000 0.011585
59.1836730000000000 0.17342300000000000 0.016151
59.2857140000000000 0.26346500000000000 0.021188
59.3877550000000000 0.32961500000000000 0.023544
59.4897960000000000 0.37363700000000000 0.025672
59.5918370000000000 0.35945400000000000 0.024715
59.6938780000000000 0.39525200000000000 0.026691
59.7959180000000000 0.29880400000000000 0.022339
59.8979590000000000 0.38856600000000000 0.026282
60.0000000000000000 0.33439200000000000 0.024640
