55.0000000000000000 0.24942000000000000 0.019513
55.1020410000000000 0.22549800000000000 0.018358
55.2040820000000000 0.21712600000000000 0.018116
55.3061220000000000 0.15718300000000000 0.014784
55.4081630000000000 0.13903100000000000 0.013947
55.5102040000000000 0.09708400000000000 0.011862
55.6122450000000000 0.06939400000000000 0.009598
55.7142860000000000 0.03042100000000000 0.006521
55.8163270000000000 0.02515200000000000 0.006353
55.9183670000000000 0.01174400000000000 0.004880
56.0204080000000000 0.00011600000000000 0.003506
56.1224490000000000 -0.0042450000000000 0.002679
56.2244900000000000 0.00113800000000000 0.003424
56.3265310000000000 -0.0021620000000000 0.003233
56.4285710000000000 -0.0030940000000000 0.002835
56.5306120000000000 -0.0043300000000000 0.002732
56.6326530000000000 0.00228900000000000 0.003775
56.7346940000000000 0.00011300000000000 0.003423
56.8367350000000000 0.00692500000000000 0.004556
56.9387760000000000 -0.0019130000000000 0.002861
57.0408160000000000 0.00230400000000000 0.003800
57.1428570000000000 0.00766800000000000 0.004470
57.2448980000000000 -0.0021520000000000 0.003218
57.3469390000000000 0.00127900000000000 0.003848
57.4489800000000000 -0.0031180000000000 0.002856
57.5510200000000000 -0.0009550000000000 0.003205
57.6530610000000000 0.00453800000000000 0.004149
57.7551020000000000 -0.0031350000000000 0.002872
57.8571430000000000 0.00558200000000000 0.004249
57.9591840000000000 -0.0042170000000000 0.002661
58.0612240000000000 0.00225000000000000 0.003711
58.1632650000000000 -0.0045000000000000 0.002840
58.2653060000000000 -0.0043250000000000 0.002729
58.3673470000000000 -0.0021090000000000 0.003154
58.4693880000000000 0.00339900000000000 0.003957
58.5714290000000000 0.00120000000000000 0.003610
58.6734690000000000 0.00559400000000000 0.004259
58.7755100000000000 0.00117300000000000 0.003529
58.8775510000000000 0.01115800000000000 0.004970
58.9795920000000000 0.00554500000000000 0.004222
59.0816330000000000 0.00741900000000000 0.004325
59.1836730000000000 0.01812400000000000 0.005800
59.2857140000000000 0.00835300000000000 0.004870
59.3877550000000000 0.03046300000000000 0.006813
59.4897960000000000 0.04270900000000000 0.007863
59.5918370000000000 0.04370000000000000 0.007817
59.6938780000000000 0.05812700000000000 0.009033
59.7959180000000000 0.05119300000000000 0.008595
59.8979590000000000 0.07281300000000000 0.010003
60.0000000000000000 0.07049500000000000 0.010277
