55.0000000000000000 0.35126500000000000 0.024316
55.1020410000000000 0.34031800000000000 0.023834
55.2040820000000000 0.39616100000000000 0.026629
55.3061220000000000 0.34377300000000000 0.023902
55.4081630000000000 0.35333000000000000 0.024576
55.5102040000000000 0.34463000000000000 0.024815
55.6122450000000000 0.35282700000000000 0.024272
55.7142860000000000 0.29517300000000000 0.021225
55.8163270000000000 0.26791100000000000 0.020652
55.9183670000000000 0.31842500000000000 0.022762
56.0204080000000000 0.37195900000000000 0.025748
56.1224490000000000 0.35102700000000000 0.024602
56.2244900000000000 0.38337400000000000 0.025450
56.3265310000000000 0.35946000000000000 0.025515
56.4285710000000000 0.35496200000000000 0.024568
56.5306120000000000 0.38806400000000000 0.026545
56.6326530000000000 0.34373900000000000 0.024239
56.7346940000000000 0.39553000000000000 0.026549
56.8367350000000000 0.36536100000000000 0.025726
56.9387760000000000 0.35544400000000000 0.023968
57.0408160000000000 0.39196800000000000 0.026541
57.1428570000000000 0.35733100000000000 0.024785
57.2448980000000000 0.36236900000000000 0.025599
57.3469390000000000 0.36255500000000000 0.025836
57.4489800000000000 0.38348300000000000 0.025961
57.5510200000000000 0.39366700000000000 0.026313
57.6530610000000000 0.37044300000000000 0.025664
57.7551020000000000 0.36607000000000000 0.025224
57.8571430000000000 0.36092600000000000 0.025098
57.9591840000000000 0.38014600000000000 0.025871
58.0612240000000000 0.35282400000000000 0.024469
58.1632650000000000 0.38597800000000000 0.026911
58.2653060000000000 0.37875000000000000 0.026101
58.3673470000000000 0.35956200000000000 0.025235
58.4693880000000000 0.37773900000000000 0.025887
58.5714290000000000 0.34771100000000000 0.024411
58.6734690000000000 0.33213100000000000 0.023779
58.7755100000000000 0.33995600000000000 0.023806
58.8775510000000000 0.23310900000000000 0.019073
58.9795920000000000 0.11525500000000000 0.012650
59.0816330000000000 0.10453700000000000 0.011771
59.1836730000000000 0.17792500000000000 0.016391
59.2857140000000000 0.24112800000000000 0.020061
59.3877550000000000 0.31877600000000000 0.023036
59.4897960000000000 0.34742500000000000 0.024458
59.5918370000000000 0.35094900000000000 0.024324
59.6938780000000000 0.37773900000000000 0.025887
59.7959180000000000 0.36764700000000000 0.025586
59.8979590000000000 0.37663000000000000 0.025735
60.0000000000000000 0.35550400000000000 0.025651
