55.0000000000000000 0.28867300000000000 0.021396
55.1020410000000000 0.28609700000000000 0.021295
55.2040820000000000 0.21170100000000000 0.017842
55.3061220000000000 0.25205900000000000 0.019583
55.4081630000000000 0.18102900000000000 0.016204
55.5102040000000000 0.14043300000000000 0.014437
55.6122450000000000 0.11453300000000000 0.012389
55.7142860000000000 0.06376800000000000 0.009026
55.8163270000000000 0.05454400000000000 0.008746
55.9183670000000000 0.03183700000000000 0.006829
56.0204080000000000 0.01782300000000000 0.005704
56.1224490000000000 0.00774300000000000 0.004514
56.2244900000000000 -0.0040130000000000 0.002532
56.3265310000000000 0.00582300000000000 0.004434
56.4285710000000000 0.00225000000000000 0.003711
56.5306120000000000 0.00011700000000000 0.003521
56.6326530000000000 -0.0020610000000000 0.003082
56.7346940000000000 -0.0020470000000000 0.003062
56.8367350000000000 -0.0010150000000000 0.003409
56.9387760000000000 0.00212500000000000 0.003505
57.0408160000000000 -0.0009800000000000 0.003290
57.1428570000000000 -0.0009660000000000 0.003243
57.2448980000000000 -0.0032880000000000 0.003012
57.3469390000000000 0.00243700000000000 0.004020
57.4489800000000000 -0.0009640000000000 0.003236
57.5510200000000000 0.00011200000000000 0.003379
57.6530610000000000 0.00232700000000000 0.003838
57.7551020000000000 -0.0031350000000000 0.002872
57.8571430000000000 0.00339500000000000 0.003952
57.9591840000000000 -0.0031350000000000 0.002872
58.0612240000000000 -0.0041630000000000 0.002627
58.1632650000000000 -0.0010340000000000 0.003472
58.2653060000000000 0.00233700000000000 0.003855
58.3673470000000000 0.00011700000000000 0.003525
58.4693880000000000 0.00230400000000000 0.003800
58.5714290000000000 0.00445900000000000 0.004077
58.6734690000000000 0.00121100000000000 0.003641
58.7755100000000000 0.00011100000000000 0.003364
58.8775510000000000 0.01226200000000000 0.005097
58.9795920000000000 -0.0020590000000000 0.003078
59.0816330000000000 0.00115400000000000 0.003470
59.1836730000000000 0.00349400000000000 0.004068
59.2857140000000000 0.01893300000000000 0.006061
59.3877550000000000 0.02937900000000000 0.006718
59.4897960000000000 0.02414200000000000 0.006272
59.5918370000000000 0.03413200000000000 0.007045
59.6938780000000000 0.03842500000000000 0.007529
59.7959180000000000 0.06229700000000000 0.009404
59.8979590000000000 0.05111200000000000 0.008476
60.0000000000000000 0.08457000000000000 0.011229
