55.0000000000000000 0.37460500000000000 0.025384
55.1020410000000000 0.34457000000000000 0.024030
55.2040820000000000 0.28440000000000000 0.021415
55.3061220000000000 0.32690600000000000 0.023123
55.4081630000000000 0.25964200000000000 0.020148
55.5102040000000000 0.22599100000000000 0.019009
55.6122450000000000 0.18486600000000000 0.016203
55.7142860000000000 0.13551300000000000 0.013319
55.8163270000000000 0.09700000000000000 0.011569
55.9183670000000000 0.08259800000000000 0.010499
56.0204080000000000 0.04549000000000000 0.008143
56.1224490000000000 0.04806500000000000 0.008268
56.2244900000000000 0.01968300000000000 0.005617
56.3265310000000000 0.00582300000000000 0.004434
56.4285710000000000 0.00225000000000000 0.003711
56.5306120000000000 -0.0009950000000000 0.003341
56.6326530000000000 -0.0053230000000000 0.002444
56.7346940000000000 0.00011300000000000 0.003423
56.8367350000000000 0.00238800000000000 0.003938
56.9387760000000000 -0.0019130000000000 0.002861
57.0408160000000000 -0.0031690000000000 0.002903
57.1428570000000000 -0.0063620000000000 0.002176
57.2448980000000000 -0.0044230000000000 0.002791
57.3469390000000000 0.00591100000000000 0.004501
57.4489800000000000 -0.0009640000000000 0.003236
57.5510200000000000 0.00011200000000000 0.003379
57.6530610000000000 0.00453800000000000 0.004149
57.7551020000000000 -0.0009690000000000 0.003254
57.8571430000000000 -0.0009790000000000 0.003286
57.9591840000000000 0.00227900000000000 0.003759
58.0612240000000000 -0.0030940000000000 0.002835
58.1632650000000000 -0.0079660000000000 0.002029
58.2653060000000000 0.00233700000000000 0.003855
58.3673470000000000 -0.0009960000000000 0.003344
58.4693880000000000 0.00011500000000000 0.003467
58.5714290000000000 0.00120000000000000 0.003610
58.6734690000000000 0.00449800000000000 0.004112
58.7755100000000000 0.01285600000000000 0.005020
58.8775510000000000 0.01005400000000000 0.004841
58.9795920000000000 0.00011400000000000 0.003441
59.0816330000000000 0.00741900000000000 0.004325
59.1836730000000000 0.00912100000000000 0.004800
59.2857140000000000 0.01658200000000000 0.005815
59.3877550000000000 0.03913400000000000 0.007542
59.4897960000000000 0.04052500000000000 0.007689
59.5918370000000000 0.06177400000000000 0.009143
59.6938780000000000 0.06031600000000000 0.009189
59.7959180000000000 0.07340000000000000 0.010169
59.8979590000000000 0.06630300000000000 0.009562
60.0000000000000000 0.05759400000000000 0.009352
