55.0000000000000000 0.37778700000000000 0.025529
55.1020410000000000 0.37008600000000000 0.025202
55.2040820000000000 0.35926900000000000 0.024935
55.3061220000000000 0.36696400000000000 0.024964
55.4081630000000000 0.35440700000000000 0.024626
55.5102040000000000 0.35261500000000000 0.025192
55.6122450000000000 0.32973200000000000 0.023210
55.7142860000000000 0.29113100000000000 0.021037
55.8163270000000000 0.28750600000000000 0.021596
55.9183670000000000 0.32054000000000000 0.022860
56.0204080000000000 0.37749300000000000 0.026004
56.1224490000000000 0.40115800000000000 0.026909
56.2244900000000000 0.36482800000000000 0.024613
56.3265310000000000 0.39482400000000000 0.027170
56.4285710000000000 0.38168300000000000 0.025792
56.5306120000000000 0.36694400000000000 0.025566
56.6326530000000000 0.34373900000000000 0.024239
56.7346940000000000 0.37068100000000000 0.025412
56.8367350000000000 0.36082400000000000 0.025513
56.9387760000000000 0.35443400000000000 0.023923
57.0408160000000000 0.35803700000000000 0.024976
57.1428570000000000 0.36272700000000000 0.025034
57.2448980000000000 0.35782700000000000 0.025386
57.3469390000000000 0.38918800000000000 0.027090
57.4489800000000000 0.33071600000000000 0.023526
57.5510200000000000 0.35420500000000000 0.024509
57.6530610000000000 0.42129400000000000 0.028002
57.7551020000000000 0.36390500000000000 0.025124
57.8571430000000000 0.35436500000000000 0.024793
57.9591840000000000 0.37581500000000000 0.025672
58.0612240000000000 0.32289700000000000 0.023081
58.1632650000000000 0.34323300000000000 0.024892
58.2653060000000000 0.35099100000000000 0.024809
58.3673470000000000 0.35844900000000000 0.025183
58.4693880000000000 0.34599700000000000 0.024416
58.5714290000000000 0.35531500000000000 0.024764
58.6734690000000000 0.38363200000000000 0.026171
58.7755100000000000 0.31553000000000000 0.022671
58.8775510000000000 0.21102400000000000 0.017958
58.9795920000000000 0.12177300000000000 0.013029
59.0816330000000000 0.09513800000000000 0.011207
59.1836730000000000 0.15316700000000000 0.015049
59.2857140000000000 0.28932900000000000 0.022473
59.3877550000000000 0.31118900000000000 0.022678
59.4897960000000000 0.37145300000000000 0.025572
59.5918370000000000 0.34882300000000000 0.024227
59.6938780000000000 0.35256400000000000 0.024722
59.7959180000000000 0.34988100000000000 0.024757
59.8979590000000000 0.39073600000000000 0.026381
60.0000000000000000 0.33673800000000000 0.024753
