55.0000000000000000 0.35763100000000000 0.024608
55.1020410000000000 0.39134800000000000 0.026170
55.2040820000000000 0.37229000000000000 0.025535
55.3061220000000000 0.33955600000000000 0.023708
55.4081630000000000 0.35656100000000000 0.024725
55.5102040000000000 0.33436300000000000 0.024327
55.6122450000000000 0.35702600000000000 0.024464
55.7142860000000000 0.28809900000000000 0.020896
55.8163270000000000 0.31254400000000000 0.022787
55.9183670000000000 0.28775700000000000 0.021321
56.0204080000000000 0.35757300000000000 0.025079
56.1224490000000000 0.36846400000000000 0.025409
56.2244900000000000 0.33804100000000000 0.023395
56.3265310000000000 0.33664500000000000 0.024435
56.4285710000000000 0.34961800000000000 0.024322
56.5306120000000000 0.34582300000000000 0.024580
56.6326530000000000 0.39376100000000000 0.026545
56.7346940000000000 0.37068100000000000 0.025412
56.8367350000000000 0.34721300000000000 0.024872
56.9387760000000000 0.39481400000000000 0.025730
57.0408160000000000 0.34709100000000000 0.024467
57.1428570000000000 0.37567700000000000 0.025629
57.2448980000000000 0.37372500000000000 0.026131
57.3469390000000000 0.36255500000000000 0.025836
57.4489800000000000 0.37379100000000000 0.025518
57.5510200000000000 0.36593700000000000 0.025048
57.6530610000000000 0.37928600000000000 0.026074
57.7551020000000000 0.37798000000000000 0.025772
57.8571430000000000 0.35108500000000000 0.024641
57.9591840000000000 0.36173900000000000 0.025025
58.0612240000000000 0.37847600000000000 0.025646
58.1632650000000000 0.39406500000000000 0.027289
58.2653060000000000 0.34099800000000000 0.024341
58.3673470000000000 0.37625500000000000 0.026011
58.4693880000000000 0.32738900000000000 0.023545
58.5714290000000000 0.33576200000000000 0.023855
58.6734690000000000 0.29816200000000000 0.022172
58.7755100000000000 0.32190200000000000 0.022968
58.8775510000000000 0.19887800000000000 0.017335
58.9795920000000000 0.12611800000000000 0.013279
59.0816330000000000 0.10766900000000000 0.011956
59.1836730000000000 0.15541700000000000 0.015173
59.2857140000000000 0.26111400000000000 0.021070
59.3877550000000000 0.33286700000000000 0.023696
59.4897960000000000 0.34305700000000000 0.024255
59.5918370000000000 0.35520200000000000 0.024520
59.6938780000000000 0.34599700000000000 0.024416
59.7959180000000000 0.33877700000000000 0.024236
59.8979590000000000 0.37880000000000000 0.025834
60.0000000000000000 0.36136800000000000 0.025930
