55.0000000000000000 0.19107100000000000 0.016605
55.1020410000000000 0.14895200000000000 0.014401
55.2040820000000000 0.13574700000000000 0.013816
55.3061220000000000 0.11501600000000000 0.012444
55.4081630000000000 0.07441800000000000 0.010069
55.5102040000000000 0.06856500000000000 0.009988
55.6122450000000000 0.04000100000000000 0.007469
55.7142860000000000 0.02334800000000000 0.005893
55.8163270000000000 0.00664600000000000 0.004372
55.9183670000000000 0.00116800000000000 0.003514
56.0204080000000000 -0.0032040000000000 0.002935
56.1224490000000000 -0.0053350000000000 0.002449
56.2244900000000000 0.00010800000000000 0.003264
56.3265310000000000 0.00240100000000000 0.003961
56.4285710000000000 0.00118100000000000 0.003552
56.5306120000000000 0.00011700000000000 0.003521
56.6326530000000000 -0.0020610000000000 0.003082
56.7346940000000000 0.00335400000000000 0.003905
56.8367350000000000 -0.0021500000000000 0.003215
56.9387760000000000 0.00111500000000000 0.003355
57.0408160000000000 -0.0064530000000000 0.002207
57.1428570000000000 -0.0009660000000000 0.003243
57.2448980000000000 0.00011900000000000 0.003597
57.3469390000000000 0.00591100000000000 0.004501
57.4489800000000000 -0.0052710000000000 0.002420
57.5510200000000000 -0.0009550000000000 0.003205
57.6530610000000000 0.00232700000000000 0.003838
57.7551020000000000 -0.0009690000000000 0.003254
57.8571430000000000 -0.0042590000000000 0.002687
57.9591840000000000 -0.0042170000000000 0.002661
58.0612240000000000 0.00652500000000000 0.004292
58.1632650000000000 0.00127600000000000 0.003839
58.2653060000000000 0.00011600000000000 0.003518
58.3673470000000000 -0.0043350000000000 0.002735
58.4693880000000000 0.00011500000000000 0.003467
58.5714290000000000 -0.0020590000000000 0.003078
58.6734690000000000 -0.0020770000000000 0.003105
58.7755100000000000 -0.0030750000000000 0.002817
58.8775510000000000 0.00232400000000000 0.003834
58.9795920000000000 0.00120000000000000 0.003610
59.0816330000000000 -0.0019790000000000 0.002959
59.1836730000000000 -0.0010070000000000 0.003382
59.2857140000000000 0.00482600000000000 0.004412
59.3877550000000000 0.00119800000000000 0.003602
59.4897960000000000 0.00448300000000000 0.004099
59.5918370000000000 0.00542700000000000 0.004132
59.6938780000000000 0.01543900000000000 0.005412
59.7959180000000000 0.01566200000000000 0.005490
59.8979590000000000 0.01313500000000000 0.005129
60.0000000000000000 0.02827200000000000 0.006958
