55.0000000000000000 0.44356200000000000 0.028493
55.1020410000000000 0.43387400000000000 0.028086
55.2040820000000000 0.45041400000000000 0.029085
55.3061220000000000 0.41229400000000000 0.027016
55.4081630000000000 0.38025200000000000 0.025814
55.5102040000000000 0.38227500000000000 0.026585
55.6122450000000000 0.33288100000000000 0.023355
55.7142860000000000 0.30123600000000000 0.021506
55.8163270000000000 0.26682200000000000 0.020600
55.9183670000000000 0.26660700000000000 0.020313
56.0204080000000000 0.27235800000000000 0.021028
56.1224490000000000 0.25185600000000000 0.019880
56.2244900000000000 0.21543700000000000 0.017592
56.3265310000000000 0.17351600000000000 0.016264
56.4285710000000000 0.14226600000000000 0.014073
56.5306120000000000 0.11572300000000000 0.012829
56.6326530000000000 0.08058300000000000 0.010527
56.7346940000000000 0.03900700000000000 0.007517
56.8367350000000000 0.02167100000000000 0.006189
56.9387760000000000 0.00717200000000000 0.004181
57.0408160000000000 -0.0075470000000000 0.001921
57.1428570000000000 -0.0042040000000000 0.002652
57.2448980000000000 -0.0044230000000000 0.002791
57.3469390000000000 -0.0010360000000000 0.003480
57.4489800000000000 0.00442100000000000 0.004041
57.5510200000000000 0.00011200000000000 0.003379
57.6530610000000000 -0.0009890000000000 0.003322
57.7551020000000000 0.00552700000000000 0.004208
57.8571430000000000 -0.0064450000000000 0.002204
57.9591840000000000 0.00119600000000000 0.003598
58.0612240000000000 0.00118100000000000 0.003552
58.1632650000000000 -0.0056550000000000 0.002597
58.2653060000000000 -0.0032150000000000 0.002945
58.3673470000000000 0.00123000000000000 0.003698
58.4693880000000000 0.00011500000000000 0.003467
58.5714290000000000 0.00011400000000000 0.003441
58.6734690000000000 0.00011500000000000 0.003471
58.7755100000000000 0.00648400000000000 0.004265
58.8775510000000000 0.01115800000000000 0.004970
58.9795920000000000 0.00228600000000000 0.003771
59.0816330000000000 0.00115400000000000 0.003470
59.1836730000000000 0.01699800000000000 0.005684
59.2857140000000000 0.02363600000000000 0.006531
59.3877550000000000 0.03696600000000000 0.007365
59.4897960000000000 0.03615600000000000 0.007332
59.5918370000000000 0.05114200000000000 0.008381
59.6938780000000000 0.08658500000000000 0.010950
59.7959180000000000 0.08783500000000000 0.011114
59.8979590000000000 0.08040800000000000 0.010503
60.0000000000000000 0.09629900000000000 0.011988
