55.0000000000000000 0.41916200000000000 0.027400
55.1020410000000000 0.42536900000000000 0.027705
55.2040820000000000 0.41786300000000000 0.027616
55.3061220000000000 0.36274800000000000 0.024772
55.4081630000000000 0.37702200000000000 0.025666
55.5102040000000000 0.38912000000000000 0.026905
55.6122450000000000 0.37382200000000000 0.025229
55.7142860000000000 0.28809900000000000 0.020896
55.8163270000000000 0.29186000000000000 0.021805
55.9183670000000000 0.26449100000000000 0.020212
56.0204080000000000 0.26682500000000000 0.020759
56.1224490000000000 0.25621500000000000 0.020094
56.2244900000000000 0.24634600000000000 0.019100
56.3265310000000000 0.19519000000000000 0.017417
56.4285710000000000 0.12409600000000000 0.013055
56.5306120000000000 0.10794200000000000 0.012365
56.6326530000000000 0.04796100000000000 0.008250
56.7346940000000000 0.01307800000000000 0.005107
56.8367350000000000 0.00125300000000000 0.003769
56.9387760000000000 -0.0009040000000000 0.003034
57.0408160000000000 -0.0009800000000000 0.003290
57.1428570000000000 -0.0042040000000000 0.002652
57.2448980000000000 -0.0032880000000000 0.003012
57.3469390000000000 -0.0056680000000000 0.002603
57.4489800000000000 -0.0009640000000000 0.003236
57.5510200000000000 -0.0030880000000000 0.002829
57.6530610000000000 -0.0020950000000000 0.003133
57.7551020000000000 0.00336200000000000 0.003914
57.8571430000000000 0.00448800000000000 0.004103
57.9591840000000000 0.01202300000000000 0.004997
58.0612240000000000 0.01614500000000000 0.005397
58.1632650000000000 0.01398400000000000 0.005462
58.2653060000000000 0.04231000000000000 0.007908
58.3673470000000000 0.03127600000000000 0.006997
58.4693880000000000 0.04499200000000000 0.008052
58.5714290000000000 0.07180600000000000 0.009942
58.6734690000000000 0.07134000000000000 0.009958
58.7755100000000000 0.07870100000000000 0.010273
58.8775510000000000 0.07189100000000000 0.010037
58.9795920000000000 0.04790900000000000 0.008240
59.0816330000000000 0.03874800000000000 0.007347
59.1836730000000000 0.04175600000000000 0.007926
59.2857140000000000 0.11651100000000000 0.013252
59.3877550000000000 0.16161300000000000 0.015227
59.4897960000000000 0.18687600000000000 0.016622
59.5918370000000000 0.18828800000000000 0.016479
59.6938780000000000 0.18400100000000000 0.016489
59.7959180000000000 0.20775400000000000 0.017838
59.8979590000000000 0.18348900000000000 0.016393
60.0000000000000000 0.21593200000000000 0.018743
