55.0000000000000000 0.37036100000000000 0.025191
55.1020410000000000 0.35520200000000000 0.024520
55.2040820000000000 0.35058900000000000 0.024533
55.3061220000000000 0.39859000000000000 0.026399
55.4081630000000000 0.36625300000000000 0.025171
55.5102040000000000 0.37543100000000000 0.026265
55.6122450000000000 0.34652800000000000 0.023983
55.7142860000000000 0.28708900000000000 0.020849
55.8163270000000000 0.28097400000000000 0.021283
55.9183670000000000 0.28987200000000000 0.021421
56.0204080000000000 0.32215900000000000 0.023416
56.1224490000000000 0.36846400000000000 0.025409
56.2244900000000000 0.34937400000000000 0.023912
56.3265310000000000 0.34120800000000000 0.024652
56.4285710000000000 0.33358600000000000 0.023579
56.5306120000000000 0.37694800000000000 0.026030
56.6326530000000000 0.40246000000000000 0.026942
56.7346940000000000 0.37284200000000000 0.025511
56.8367350000000000 0.40165900000000000 0.027418
56.9387760000000000 0.35746300000000000 0.024059
57.0408160000000000 0.33067300000000000 0.023699
57.1428570000000000 0.38215200000000000 0.025925
57.2448980000000000 0.35896300000000000 0.025439
57.3469390000000000 0.34750200000000000 0.025121
57.4489800000000000 0.38779100000000000 0.026158
57.5510200000000000 0.36807000000000000 0.025146
57.6530610000000000 0.37154800000000000 0.025716
57.7551020000000000 0.37364900000000000 0.025573
57.8571430000000000 0.37623300000000000 0.025805
57.9591840000000000 0.36715300000000000 0.025274
58.0612240000000000 0.35175600000000000 0.024420
58.1632650000000000 0.36864900000000000 0.026096
58.2653060000000000 0.34655000000000000 0.024601
58.3673470000000000 0.37180300000000000 0.025805
58.4693880000000000 0.41167100000000000 0.027441
58.5714290000000000 0.37160800000000000 0.025516
58.6734690000000000 0.32336500000000000 0.023367
58.7755100000000000 0.26880100000000000 0.020459
58.8775510000000000 0.21544100000000000 0.018183
58.9795920000000000 0.09353100000000000 0.011342
59.0816330000000000 0.09931500000000000 0.011460
59.1836730000000000 0.17117200000000000 0.016030
59.2857140000000000 0.27287000000000000 0.021658
59.3877550000000000 0.33178300000000000 0.023645
59.4897960000000000 0.36380800000000000 0.025219
59.5918370000000000 0.35945400000000000 0.024715
59.6938780000000000 0.38102300000000000 0.026038
59.7959180000000000 0.35765300000000000 0.025120
59.8979590000000000 0.36143900000000000 0.025035
60.0000000000000000 0.40124600000000000 0.027814
