55.0000000000000000 0.38203100000000000 0.025722
55.1020410000000000 0.35839100000000000 0.024667
55.2040820000000000 0.37771500000000000 0.025785
55.3061220000000000 0.36169400000000000 0.024724
55.4081630000000000 0.36194500000000000 0.024973
55.5102040000000000 0.36402300000000000 0.025730
55.6122450000000000 0.34442900000000000 0.023887
55.7142860000000000 0.33862400000000000 0.023218
55.8163270000000000 0.30492400000000000 0.022427
55.9183670000000000 0.30256200000000000 0.022020
56.0204080000000000 0.31441200000000000 0.023049
56.1224490000000000 0.38045200000000000 0.025961
56.2244900000000000 0.35761600000000000 0.024286
56.3265310000000000 0.36858600000000000 0.025944
56.4285710000000000 0.39344000000000000 0.026327
56.5306120000000000 0.37583600000000000 0.025979
56.6326530000000000 0.36440000000000000 0.025196
56.7346940000000000 0.39228900000000000 0.026401
56.8367350000000000 0.34607800000000000 0.024819
56.9387760000000000 0.41298400000000000 0.026536
57.0408160000000000 0.41276500000000000 0.027491
57.1428570000000000 0.39078600000000000 0.026320
57.2448980000000000 0.37826800000000000 0.026344
57.3469390000000000 0.40655700000000000 0.027901
57.4489800000000000 0.36194500000000000 0.024973
57.5510200000000000 0.37340300000000000 0.025390
57.6530610000000000 0.38370800000000000 0.026278
57.7551020000000000 0.37581500000000000 0.025672
57.8571430000000000 0.36967200000000000 0.025502
57.9591840000000000 0.35307800000000000 0.024624
58.0612240000000000 0.38488900000000000 0.025938
58.1632650000000000 0.37789100000000000 0.026531
58.2653060000000000 0.39096400000000000 0.026665
58.3673470000000000 0.37959300000000000 0.026166
58.4693880000000000 0.36241500000000000 0.025179
58.5714290000000000 0.34119300000000000 0.024108
58.6734690000000000 0.35842900000000000 0.025007
58.7755100000000000 0.28048300000000000 0.021017
58.8775510000000000 0.19887800000000000 0.017335
58.9795920000000000 0.11416900000000000 0.012586
59.0816330000000000 0.09513800000000000 0.011207
59.1836730000000000 0.14078800000000000 0.014358
59.2857140000000000 0.27169400000000000 0.021599
59.3877550000000000 0.33503400000000000 0.023797
59.4897960000000000 0.35397800000000000 0.024763
59.5918370000000000 0.34563300000000000 0.024079
59.6938780000000000 0.35475300000000000 0.024823
59.7959180000000000 0.33766700000000000 0.024184
59.8979590000000000 0.34841900000000000 0.024432
60.0000000000000000 0.34729400000000000 0.025259
