55.0000000000000000 0.40855300000000000 0.026923
55.1020410000000000 0.37433800000000000 0.025396
55.2040820000000000 0.33214300000000000 0.023674
55.3061220000000000 0.33533900000000000 0.023513
55.4081630000000000 0.29194800000000000 0.021700
55.5102040000000000 0.25222800000000000 0.020332
55.6122450000000000 0.24680200000000000 0.019290
55.7142860000000000 0.18603800000000000 0.015966
55.8163270000000000 0.13183500000000000 0.013619
55.9183670000000000 0.10269100000000000 0.011738
56.0204080000000000 0.07094300000000000 0.009985
56.1224490000000000 0.03062800000000000 0.006851
56.2244900000000000 0.01144100000000000 0.004754
56.3265310000000000 -0.0010210000000000 0.003428
56.4285710000000000 0.00225000000000000 0.003711
56.5306120000000000 -0.0009950000000000 0.003341
56.6326530000000000 -0.0009730000000000 0.003268
56.7346940000000000 -0.0009670000000000 0.003247
56.8367350000000000 -0.0021500000000000 0.003215
56.9387760000000000 0.00212500000000000 0.003505
57.0408160000000000 0.00120900000000000 0.003637
57.1428570000000000 -0.0042040000000000 0.002652
57.2448980000000000 -0.0055590000000000 0.002552
57.3469390000000000 0.00012100000000000 0.003668
57.4489800000000000 0.00442100000000000 0.004041
57.5510200000000000 0.00224500000000000 0.003703
57.6530610000000000 0.00122100000000000 0.003673
57.7551020000000000 -0.0042170000000000 0.002661
57.8571430000000000 -0.0020720000000000 0.003099
57.9591840000000000 0.00336200000000000 0.003914
58.0612240000000000 -0.0020260000000000 0.003029
58.1632650000000000 -0.0045000000000000 0.002840
58.2653060000000000 -0.0032150000000000 0.002945
58.3673470000000000 -0.0009960000000000 0.003344
58.4693880000000000 0.00668200000000000 0.004396
58.5714290000000000 0.00554500000000000 0.004222
58.6734690000000000 -0.0031720000000000 0.002906
58.7755100000000000 0.00117300000000000 0.003529
58.8775510000000000 0.00784500000000000 0.004574
58.9795920000000000 0.00989000000000000 0.004762
59.0816330000000000 0.00219800000000000 0.003625
59.1836730000000000 0.00461900000000000 0.004223
59.2857140000000000 0.02481200000000000 0.006644
59.3877550000000000 0.03588200000000000 0.007275
59.4897960000000000 0.05909200000000000 0.009091
59.5918370000000000 0.06283700000000000 0.009217
59.6938780000000000 0.06578900000000000 0.009572
59.7959180000000000 0.07340000000000000 0.010169
59.8979590000000000 0.09776900000000000 0.011596
60.0000000000000000 0.08808900000000000 0.011460
