55.0000000000000000 0.38521400000000000 0.025867
55.1020410000000000 0.40410600000000000 0.026748
55.2040820000000000 0.37771500000000000 0.025785
55.3061220000000000 0.39542700000000000 0.026256
55.4081630000000000 0.36625300000000000 0.025171
55.5102040000000000 0.35603800000000000 0.025354
55.6122450000000000 0.30978700000000000 0.022283
55.7142860000000000 0.31942500000000000 0.022342
55.8163270000000000 0.31145500000000000 0.022736
55.9183670000000000 0.29939000000000000 0.021871
56.0204080000000000 0.33875900000000000 0.024199
56.1224490000000000 0.42295300000000000 0.027900
56.2244900000000000 0.35658600000000000 0.024240
56.3265310000000000 0.34463000000000000 0.024815
56.4285710000000000 0.38702700000000000 0.026036
56.5306120000000000 0.35805100000000000 0.025152
56.6326530000000000 0.37636200000000000 0.025748
56.7346940000000000 0.35663600000000000 0.024765
56.8367350000000000 0.35175000000000000 0.025086
56.9387760000000000 0.31910200000000000 0.022317
57.0408160000000000 0.38868500000000000 0.026390
57.1428570000000000 0.39186500000000000 0.026369
57.2448980000000000 0.34647100000000000 0.024850
57.3469390000000000 0.36255500000000000 0.025836
57.4489800000000000 0.35979200000000000 0.024874
57.5510200000000000 0.35633800000000000 0.024608
57.6530610000000000 0.38039200000000000 0.026125
57.7551020000000000 0.36715300000000000 0.025274
57.8571430000000000 0.39372700000000000 0.026608
57.9591840000000000 0.36390500000000000 0.025124
58.0612240000000000 0.37527000000000000 0.025499
58.1632650000000000 0.34554400000000000 0.025002
58.2653060000000000 0.37430900000000000 0.025895
58.3673470000000000 0.37848000000000000 0.026115
58.4693880000000000 0.34709100000000000 0.024467
58.5714290000000000 0.36943600000000000 0.025416
58.6734690000000000 0.32007800000000000 0.023212
58.7755100000000000 0.26349100000000000 0.020204
58.8775510000000000 0.21102400000000000 0.017958
58.9795920000000000 0.11851400000000000 0.012840
59.0816330000000000 0.08260700000000000 0.010430
59.1836730000000000 0.15091600000000000 0.014924
59.2857140000000000 0.23760100000000000 0.019881
59.3877550000000000 0.31660800000000000 0.022934
59.4897960000000000 0.35288600000000000 0.024712
59.5918370000000000 0.33606500000000000 0.023637
59.6938780000000000 0.38211700000000000 0.026088
59.7959180000000000 0.33766700000000000 0.024184
59.8979590000000000 0.34407800000000000 0.024230
60.0000000000000000 0.37544300000000000 0.026598
