55.0000000000000000 0.07331300000000000 0.009915
55.1020410000000000 0.05114200000000000 0.008381
55.2040820000000000 0.04351600000000000 0.007896
55.3061220000000000 0.01065200000000000 0.004744
55.4081630000000000 0.00011300000000000 0.003411
55.5102040000000000 -0.0010210000000000 0.003428
55.6122450000000000 0.00011000000000000 0.003326
55.7142860000000000 0.00212700000000000 0.003508
55.8163270000000000 0.00882300000000000 0.004643
55.9183670000000000 0.00222600000000000 0.003671
56.0204080000000000 -0.0054170000000000 0.002487
56.1224490000000000 0.00556300000000000 0.004236
56.2244900000000000 -0.0060740000000000 0.002076
56.3265310000000000 0.00810500000000000 0.004725
56.4285710000000000 0.00331900000000000 0.003864
56.5306120000000000 -0.0043300000000000 0.002732
56.6326530000000000 0.00337600000000000 0.003931
56.7346940000000000 -0.0042080000000000 0.002655
56.8367350000000000 -0.0055520000000000 0.002550
56.9387760000000000 -0.0019130000000000 0.002861
57.0408160000000000 0.00777700000000000 0.004534
57.1428570000000000 0.00227200000000000 0.003747
57.2448980000000000 0.00011900000000000 0.003597
57.3469390000000000 -0.0033520000000000 0.003071
57.4489800000000000 -0.0031180000000000 0.002856
57.5510200000000000 0.00117800000000000 0.003544
57.6530610000000000 0.00453800000000000 0.004149
57.7551020000000000 0.01094100000000000 0.004873
57.8571430000000000 0.00120800000000000 0.003633
57.9591840000000000 -0.0031350000000000 0.002872
58.0612240000000000 -0.0030940000000000 0.002835
58.1632650000000000 -0.0021890000000000 0.003274
58.2653060000000000 -0.0009940000000000 0.003337
58.3673470000000000 0.00011700000000000 0.003525
58.4693880000000000 -0.0031690000000000 0.002903
58.5714290000000000 0.00663100000000000 0.004362
58.6734690000000000 0.00449800000000000 0.004112
58.7755100000000000 0.01073200000000000 0.004780
58.8775510000000000 0.00122000000000000 0.003669
58.9795920000000000 0.00337300000000000 0.003927
59.0816330000000000 0.00533100000000000 0.004058
59.1836730000000000 0.00574500000000000 0.004374
59.2857140000000000 0.02010900000000000 0.006181
59.3877550000000000 0.02829500000000000 0.006621
59.4897960000000000 0.02414200000000000 0.006272
59.5918370000000000 0.03306900000000000 0.006956
59.6938780000000000 0.04280300000000000 0.007880
59.7959180000000000 0.03786900000000000 0.007548
59.8979590000000000 0.05219700000000000 0.008557
60.0000000000000000 0.05642100000000000 0.009265
