55.0000000000000000 0.41067500000000000 0.027019
55.1020410000000000 0.35626500000000000 0.024569
55.2040820000000000 0.39290600000000000 0.026480
55.3061220000000000 0.37223500000000000 0.025205
55.4081630000000000 0.36194500000000000 0.024973
55.5102040000000000 0.37429000000000000 0.026212
55.6122450000000000 0.32133400000000000 0.022821
55.7142860000000000 0.29618300000000000 0.021272
55.8163270000000000 0.29948100000000000 0.022168
55.9183670000000000 0.30150500000000000 0.021970
56.0204080000000000 0.35314600000000000 0.024872
56.1224490000000000 0.38481100000000000 0.026161
56.2244900000000000 0.36895000000000000 0.024800
56.3265310000000000 0.37314900000000000 0.026158
56.4285710000000000 0.40733500000000000 0.026957
56.5306120000000000 0.37917100000000000 0.026133
56.6326530000000000 0.36005100000000000 0.024995
56.7346940000000000 0.36852000000000000 0.025312
56.8367350000000000 0.36989800000000000 0.025939
56.9387760000000000 0.36654800000000000 0.024468
57.0408160000000000 0.37445500000000000 0.025735
57.1428570000000000 0.39726100000000000 0.026615
57.2448980000000000 0.38508100000000000 0.026662
57.3469390000000000 0.32434300000000000 0.024013
57.4489800000000000 0.36086900000000000 0.024924
57.5510200000000000 0.37980200000000000 0.025682
57.6530610000000000 0.36933700000000000 0.025613
57.7551020000000000 0.37040100000000000 0.025424
57.8571430000000000 0.39154000000000000 0.026508
57.9591840000000000 0.34441600000000000 0.024222
58.0612240000000000 0.37954500000000000 0.025695
58.1632650000000000 0.37673600000000000 0.026477
58.2653060000000000 0.35210100000000000 0.024861
58.3673470000000000 0.37180300000000000 0.025805
58.4693880000000000 0.38102300000000000 0.026038
58.5714290000000000 0.35965900000000000 0.024965
58.6734690000000000 0.32993900000000000 0.023676
58.7755100000000000 0.27942100000000000 0.020967
58.8775510000000000 0.21433700000000000 0.018127
58.9795920000000000 0.13154900000000000 0.013587
59.0816330000000000 0.09513800000000000 0.011207
59.1836730000000000 0.16104400000000000 0.015481
59.2857140000000000 0.25288400000000000 0.020656
59.3877550000000000 0.32744700000000000 0.023442
59.4897960000000000 0.36490000000000000 0.025269
59.5918370000000000 0.34882300000000000 0.024227
59.6938780000000000 0.38321200000000000 0.026139
59.7959180000000000 0.35654300000000000 0.025069
59.8979590000000000 0.37880000000000000 0.025834
60.0000000000000000 0.37427000000000000 0.026543
