55.0000000000000000 0.25790700000000000 0.019924
55.1020410000000000 0.22337200000000000 0.018252
55.2040820000000000 0.21604100000000000 0.018061
55.3061220000000000 0.21305400000000000 0.017665
55.4081630000000000 0.15518400000000000 0.014832
55.5102040000000000 0.14613700000000000 0.014759
55.6122450000000000 0.11453300000000000 0.012389
55.7142860000000000 0.08296700000000000 0.010272
55.8163270000000000 0.07740500000000000 0.010325
55.9183670000000000 0.05298700000000000 0.008491
56.0204080000000000 0.02557000000000000 0.006459
56.1224490000000000 0.01864100000000000 0.005727
56.2244900000000000 0.01762300000000000 0.005413
56.3265310000000000 0.00126000000000000 0.003791
56.4285710000000000 0.00011200000000000 0.003386
56.5306120000000000 0.00345100000000000 0.004018
56.6326530000000000 -0.0042360000000000 0.002673
56.7346940000000000 0.00011300000000000 0.003423
56.8367350000000000 -0.0032840000000000 0.003009
56.9387760000000000 -0.0039320000000000 0.002481
57.0408160000000000 -0.0009800000000000 0.003290
57.1428570000000000 0.00227200000000000 0.003747
57.2448980000000000 -0.0010160000000000 0.003413
57.3469390000000000 -0.0045100000000000 0.002846
57.4489800000000000 0.00442100000000000 0.004041
57.5510200000000000 0.00011200000000000 0.003379
57.6530610000000000 0.00011600000000000 0.003502
57.7551020000000000 0.00227900000000000 0.003759
57.8571430000000000 -0.0009790000000000 0.003286
57.9591840000000000 0.00011400000000000 0.003430
58.0612240000000000 -0.0009570000000000 0.003212
58.1632650000000000 0.00358700000000000 0.004176
58.2653060000000000 0.00233700000000000 0.003855
58.3673470000000000 0.00456800000000000 0.004176
58.4693880000000000 0.00339900000000000 0.003957
58.5714290000000000 -0.0064030000000000 0.002190
58.6734690000000000 0.00888100000000000 0.004673
58.7755100000000000 -0.0009510000000000 0.003192
58.8775510000000000 -0.0043010000000000 0.002714
58.9795920000000000 0.00554500000000000 0.004222
59.0816330000000000 0.00011000000000000 0.003308
59.1836730000000000 0.00011800000000000 0.003565
59.2857140000000000 -0.0022280000000000 0.003332
59.3877550000000000 0.00011400000000000 0.003434
59.4897960000000000 0.00120700000000000 0.003629
59.5918370000000000 0.01074300000000000 0.004785
59.6938780000000000 0.01106000000000000 0.004927
59.7959180000000000 0.00344800000000000 0.004014
59.8979590000000000 0.00662400000000000 0.004358
60.0000000000000000 0.00481500000000000 0.004402
