55.0000000000000000 0.11256500000000000 0.012341
55.1020410000000000 0.12024700000000000 0.012800
55.2040820000000000 0.06847300000000000 0.009710
55.3061220000000000 0.04122400000000000 0.007585
55.4081630000000000 0.04426500000000000 0.007920
55.5102040000000000 0.01495000000000000 0.005518
55.6122450000000000 0.00221000000000000 0.003644
55.7142860000000000 0.00313800000000000 0.003653
55.8163270000000000 0.00011400000000000 0.003449
55.9183670000000000 0.00857100000000000 0.004510
56.0204080000000000 0.00454300000000000 0.004153
56.1224490000000000 0.00011400000000000 0.003452
56.2244900000000000 -0.0019520000000000 0.002920
56.3265310000000000 -0.0033030000000000 0.003026
56.4285710000000000 0.00225000000000000 0.003711
56.5306120000000000 -0.0032180000000000 0.002948
56.6326530000000000 -0.0020610000000000 0.003082
56.7346940000000000 -0.0020470000000000 0.003062
56.8367350000000000 0.00125300000000000 0.003769
56.9387760000000000 -0.0039320000000000 0.002481
57.0408160000000000 0.00230400000000000 0.003800
57.1428570000000000 -0.0063620000000000 0.002176
57.2448980000000000 -0.0021520000000000 0.003218
57.3469390000000000 0.00938500000000000 0.004939
57.4489800000000000 -0.0009640000000000 0.003236
57.5510200000000000 -0.0030880000000000 0.002829
57.6530610000000000 0.00232700000000000 0.003838
57.7551020000000000 0.00336200000000000 0.003914
57.8571430000000000 0.00667500000000000 0.004391
57.9591840000000000 0.00227900000000000 0.003759
58.0612240000000000 -0.0020260000000000 0.003029
58.1632650000000000 -0.0021890000000000 0.003274
58.2653060000000000 -0.0009940000000000 0.003337
58.3673470000000000 -0.0021090000000000 0.003154
58.4693880000000000 -0.0042630000000000 0.002690
58.5714290000000000 0.00120000000000000 0.003610
58.6734690000000000 0.00121100000000000 0.003641
58.7755100000000000 0.00329700000000000 0.003839
58.8775510000000000 0.00232400000000000 0.003834
58.9795920000000000 0.00337300000000000 0.003927
59.0816330000000000 0.00011000000000000 0.003308
59.1836730000000000 0.00461900000000000 0.004223
59.2857140000000000 -0.0022280000000000 0.003332
59.3877550000000000 0.01312000000000000 0.005123
59.4897960000000000 0.01758900000000000 0.005628
59.5918370000000000 0.03625800000000000 0.007222
59.6938780000000000 0.02200600000000000 0.006077
59.7959180000000000 0.02343400000000000 0.006272
59.8979590000000000 0.02724000000000000 0.006531
60.0000000000000000 0.02827200000000000 0.006958
