55.0000000000000000 0.39157900000000000 0.026156
55.1020410000000000 0.34350700000000000 0.023981
55.2040820000000000 0.39941700000000000 0.026777
55.3061220000000000 0.33006800000000000 0.023269
55.4081630000000000 0.29517900000000000 0.021854
55.5102040000000000 0.27162100000000000 0.021293
55.6122450000000000 0.26044800000000000 0.019949
55.7142860000000000 0.17088100000000000 0.015192
55.8163270000000000 0.12965800000000000 0.013495
55.9183670000000000 0.12595600000000000 0.013090
56.0204080000000000 0.08643700000000000 0.011005
56.1224490000000000 0.05133500000000000 0.008514
56.2244900000000000 0.02998600000000000 0.006562
56.3265310000000000 0.00696400000000000 0.004582
56.4285710000000000 0.00652500000000000 0.004292
56.5306120000000000 0.00011700000000000 0.003521
56.6326530000000000 0.00228900000000000 0.003775
56.7346940000000000 -0.0020470000000000 0.003062
56.8367350000000000 0.00011900000000000 0.003593
56.9387760000000000 0.00111500000000000 0.003355
57.0408160000000000 0.00011500000000000 0.003467
57.1428570000000000 -0.0009660000000000 0.003243
57.2448980000000000 0.00466100000000000 0.004262
57.3469390000000000 0.00243700000000000 0.004020
57.4489800000000000 0.00334400000000000 0.003893
57.5510200000000000 0.00117800000000000 0.003544
57.6530610000000000 -0.0020950000000000 0.003133
57.7551020000000000 -0.0053000000000000 0.002433
57.8571430000000000 -0.0009790000000000 0.003286
57.9591840000000000 0.00552700000000000 0.004208
58.0612240000000000 0.00225000000000000 0.003711
58.1632650000000000 0.01282900000000000 0.005333
58.2653060000000000 0.00899900000000000 0.004736
58.3673470000000000 0.01347100000000000 0.005261
58.4693880000000000 0.02857300000000000 0.006687
58.5714290000000000 0.04790900000000000 0.008240
58.6734690000000000 0.05161600000000000 0.008562
58.7755100000000000 0.05427400000000000 0.008605
58.8775510000000000 0.04649400000000000 0.008210
58.9795920000000000 0.03270100000000000 0.007016
59.0816330000000000 0.02099500000000000 0.005796
59.1836730000000000 0.04513200000000000 0.008195
59.2857140000000000 0.06478300000000000 0.009888
59.3877550000000000 0.10199900000000000 0.011847
59.4897960000000000 0.12462200000000000 0.013229
59.5918370000000000 0.14363600000000000 0.014111
59.6938780000000000 0.11723300000000000 0.012816
59.7959180000000000 0.13447000000000000 0.013905
59.8979590000000000 0.16721300000000000 0.015535
60.0000000000000000 0.17370800000000000 0.016499
