55.0000000000000000 0.37990900000000000 0.025626
55.1020410000000000 0.37221200000000000 0.025299
55.2040820000000000 0.35275900000000000 0.024633
55.3061220000000000 0.37118100000000000 0.025157
55.4081630000000000 0.30702400000000000 0.022414
55.5102040000000000 0.33892600000000000 0.024544
55.6122450000000000 0.32868200000000000 0.023161
55.7142860000000000 0.31942500000000000 0.022342
55.8163270000000000 0.25375900000000000 0.019963
55.9183670000000000 0.28246900000000000 0.021071
56.0204080000000000 0.33433200000000000 0.023991
56.1224490000000000 0.33468000000000000 0.023840
56.2244900000000000 0.34113200000000000 0.023536
56.3265310000000000 0.37885300000000000 0.026425
56.4285710000000000 0.37527000000000000 0.025499
56.5306120000000000 0.33581900000000000 0.024109
56.6326530000000000 0.39484800000000000 0.026595
56.7346940000000000 0.40633300000000000 0.027040
56.8367350000000000 0.38124100000000000 0.026469
56.9387760000000000 0.40389900000000000 0.026133
57.0408160000000000 0.38649600000000000 0.026290
57.1428570000000000 0.36056800000000000 0.024934
57.2448980000000000 0.36577600000000000 0.025759
57.3469390000000000 0.37066100000000000 0.026219
57.4489800000000000 0.37056000000000000 0.025369
57.5510200000000000 0.38300200000000000 0.025828
57.6530610000000000 0.34280600000000000 0.024376
57.7551020000000000 0.38122800000000000 0.025921
57.8571430000000000 0.35327200000000000 0.024742
57.9591840000000000 0.38447600000000000 0.026069
58.0612240000000000 0.34748000000000000 0.024223
58.1632650000000000 0.36980400000000000 0.026151
58.2653060000000000 0.37541900000000000 0.025947
58.3673470000000000 0.36067500000000000 0.025287
58.4693880000000000 0.37007700000000000 0.025533
58.5714290000000000 0.41179900000000000 0.027354
58.6734690000000000 0.35514200000000000 0.024854
58.7755100000000000 0.28366900000000000 0.021169
58.8775510000000000 0.21985800000000000 0.018407
58.9795920000000000 0.11308300000000000 0.012522
59.0816330000000000 0.10975800000000000 0.012078
59.1836730000000000 0.15204100000000000 0.014987
59.2857140000000000 0.23289800000000000 0.019640
59.3877550000000000 0.33503400000000000 0.023797
59.4897960000000000 0.31466000000000000 0.022922
59.5918370000000000 0.37433800000000000 0.025396
59.6938780000000000 0.35803700000000000 0.024976
59.7959180000000000 0.37097800000000000 0.025741
59.8979590000000000 0.36578000000000000 0.025235
60.0000000000000000 0.32735500000000000 0.024301
