55.0000000000000000 0.35550900000000000 0.024511
55.1020410000000000 0.35094900000000000 0.024324
55.2040820000000000 0.39616100000000000 0.026629
55.3061220000000000 0.36485600000000000 0.024868
55.4081630000000000 0.36194500000000000 0.024973
55.5102040000000000 0.33094100000000000 0.024164
55.6122450000000000 0.32868200000000000 0.023161
55.7142860000000000 0.29719400000000000 0.021319
55.8163270000000000 0.27335400000000000 0.020916
55.9183670000000000 0.32159800000000000 0.022910
56.0204080000000000 0.32658600000000000 0.023625
56.1224490000000000 0.38372100000000000 0.026111
56.2244900000000000 0.35040400000000000 0.023959
56.3265310000000000 0.42904600000000000 0.028753
56.4285710000000000 0.38168300000000000 0.025792
56.5306120000000000 0.37250200000000000 0.025824
56.6326530000000000 0.35352600000000000 0.024693
56.7346940000000000 0.35663600000000000 0.024765
56.8367350000000000 0.35855600000000000 0.025407
56.9387760000000000 0.38169000000000000 0.025145
57.0408160000000000 0.34928000000000000 0.024569
57.1428570000000000 0.38646900000000000 0.026123
57.2448980000000000 0.37599600000000000 0.026238
57.3469390000000000 0.40424100000000000 0.027793
57.4489800000000000 0.38671400000000000 0.026109
57.5510200000000000 0.35313800000000000 0.024460
57.6530610000000000 0.36933700000000000 0.025613
57.7551020000000000 0.39746900000000000 0.026663
57.8571430000000000 0.38170000000000000 0.026056
57.9591840000000000 0.37364900000000000 0.025573
58.0612240000000000 0.36885700000000000 0.025206
58.1632650000000000 0.41254900000000000 0.028151
58.2653060000000000 0.38208100000000000 0.026255
58.3673470000000000 0.38627000000000000 0.026475
58.4693880000000000 0.39415800000000000 0.026641
58.5714290000000000 0.35965900000000000 0.024965
58.6734690000000000 0.34856700000000000 0.024548
58.7755100000000000 0.26880100000000000 0.020459
58.8775510000000000 0.20329500000000000 0.017562
58.9795920000000000 0.14241100000000000 0.014195
59.0816330000000000 0.09827100000000000 0.011397
59.1836730000000000 0.14303800000000000 0.014485
59.2857140000000000 0.24700600000000000 0.020359
59.3877550000000000 0.30685300000000000 0.022473
59.4897960000000000 0.39766500000000000 0.026775
59.5918370000000000 0.36158000000000000 0.024813
59.6938780000000000 0.33833500000000000 0.024058
59.7959180000000000 0.36875700000000000 0.025637
59.8979590000000000 0.34299300000000000 0.024180
60.0000000000000000 0.36606000000000000 0.026153
