55.0000000000000000 0.35444800000000000 0.024462
55.1020410000000000 0.38178000000000000 0.025735
55.2040820000000000 0.37337500000000000 0.025585
55.3061220000000000 0.34904300000000000 0.024144
55.4081630000000000 0.34471500000000000 0.024177
55.5102040000000000 0.36402300000000000 0.025730
55.6122450000000000 0.40006500000000000 0.026416
55.7142860000000000 0.31033000000000000 0.021925
55.8163270000000000 0.31036700000000000 0.022684
55.9183670000000000 0.34169100000000000 0.023840
56.0204080000000000 0.34207900000000000 0.024355
56.1224490000000000 0.34339900000000000 0.024247
56.2244900000000000 0.38028300000000000 0.025311
56.3265310000000000 0.35375600000000000 0.025246
56.4285710000000000 0.36778800000000000 0.025157
56.5306120000000000 0.35249300000000000 0.024892
56.6326530000000000 0.31655400000000000 0.022965
56.7346940000000000 0.35447600000000000 0.024665
56.8367350000000000 0.36195800000000000 0.025567
56.9387760000000000 0.38875700000000000 0.025461
57.0408160000000000 0.34271300000000000 0.024263
57.1428570000000000 0.41560800000000000 0.027448
57.2448980000000000 0.40211500000000000 0.027453
57.3469390000000000 0.35213400000000000 0.025342
57.4489800000000000 0.35979200000000000 0.024874
57.5510200000000000 0.35527100000000000 0.024559
57.6530610000000000 0.34059500000000000 0.024273
57.7551020000000000 0.37798000000000000 0.025772
57.8571430000000000 0.32921800000000000 0.023619
57.9591840000000000 0.36498800000000000 0.025174
58.0612240000000000 0.34961800000000000 0.024322
58.1632650000000000 0.35825200000000000 0.025605
58.2653060000000000 0.37875000000000000 0.026101
58.3673470000000000 0.39294700000000000 0.026783
58.4693880000000000 0.32082200000000000 0.023236
58.5714290000000000 0.35205600000000000 0.024613
58.6734690000000000 0.35295000000000000 0.024752
58.7755100000000000 0.30915800000000000 0.022372
58.8775510000000000 0.19335600000000000 0.017049
58.9795920000000000 0.11416900000000000 0.012586
59.0816330000000000 0.10871400000000000 0.012017
59.1836730000000000 0.16104400000000000 0.015481
59.2857140000000000 0.27051900000000000 0.021541
59.3877550000000000 0.31118900000000000 0.022678
59.4897960000000000 0.39438900000000000 0.026626
59.5918370000000000 0.36795900000000000 0.025105
59.6938780000000000 0.36351000000000000 0.025230
59.7959180000000000 0.39984700000000000 0.027074
59.8979590000000000 0.34299300000000000 0.024180
60.0000000000000000 0.31679900000000000 0.023790
