55.0000000000000000 0.32898700000000000 0.023286
55.1020410000000000 0.28078100000000000 0.021042
55.2040820000000000 0.29199500000000000 0.021778
55.3061220000000000 0.24678800000000000 0.019327
55.4081630000000000 0.20795100000000000 0.017588
55.5102040000000000 0.18150100000000000 0.016692
55.6122450000000000 0.15337400000000000 0.014549
55.7142860000000000 0.11631400000000000 0.012252
55.8163270000000000 0.07305100000000000 0.010037
55.9183670000000000 0.05510200000000000 0.008644
56.0204080000000000 0.04106300000000000 0.007793
56.1224490000000000 0.01537100000000000 0.005388
56.2244900000000000 0.00629000000000000 0.004137
56.3265310000000000 0.00582300000000000 0.004434
56.4285710000000000 -0.0009570000000000 0.003212
56.5306120000000000 0.00234000000000000 0.003859
56.6326530000000000 0.00555100000000000 0.004226
56.7346940000000000 -0.0020470000000000 0.003062
56.8367350000000000 -0.0010150000000000 0.003409
56.9387760000000000 0.00717200000000000 0.004181
57.0408160000000000 -0.0020740000000000 0.003102
57.1428570000000000 -0.0009660000000000 0.003243
57.2448980000000000 0.00011900000000000 0.003597
57.3469390000000000 0.00359500000000000 0.004186
57.4489800000000000 -0.0020410000000000 0.003052
57.5510200000000000 0.00117800000000000 0.003544
57.6530610000000000 0.00011600000000000 0.003502
57.7551020000000000 0.00011400000000000 0.003430
57.8571430000000000 0.00120800000000000 0.003633
57.9591840000000000 0.00011400000000000 0.003430
58.0612240000000000 -0.0009570000000000 0.003212
58.1632650000000000 -0.0010340000000000 0.003472
58.2653060000000000 0.00788900000000000 0.004599
58.3673470000000000 -0.0043350000000000 0.002735
58.4693880000000000 0.00887100000000000 0.004668
58.5714290000000000 0.01423500000000000 0.005254
58.6734690000000000 0.01874300000000000 0.005759
58.7755100000000000 0.01710400000000000 0.005472
58.8775510000000000 0.02772200000000000 0.006647
58.9795920000000000 0.01314900000000000 0.005135
59.0816330000000000 0.01159700000000000 0.004819
59.1836730000000000 0.01924900000000000 0.005915
59.2857140000000000 0.03539200000000000 0.007601
59.3877550000000000 0.06623100000000000 0.009551
59.4897960000000000 0.06782900000000000 0.009701
59.5918370000000000 0.07240500000000000 0.009866
59.6938780000000000 0.08549100000000000 0.010880
59.7959180000000000 0.09227700000000000 0.011395
59.8979590000000000 0.11187500000000000 0.012444
60.0000000000000000 0.10450900000000000 0.012503
