55.0000000000000000 0.37248300000000000 0.025288
55.1020410000000000 0.39666400000000000 0.026411
55.2040820000000000 0.34841900000000000 0.024432
55.3061220000000000 0.37434400000000000 0.025300
55.4081630000000000 0.35010000000000000 0.024426
55.5102040000000000 0.35946000000000000 0.025515
55.6122450000000000 0.33183200000000000 0.023307
55.7142860000000000 0.29012000000000000 0.020990
55.8163270000000000 0.27008800000000000 0.020758
55.9183670000000000 0.29304500000000000 0.021571
56.0204080000000000 0.31662600000000000 0.023154
56.1224490000000000 0.34666800000000000 0.024399
56.2244900000000000 0.38337400000000000 0.025450
56.3265310000000000 0.35946000000000000 0.025515
56.4285710000000000 0.34854900000000000 0.024272
56.5306120000000000 0.35471600000000000 0.024996
56.6326530000000000 0.31981600000000000 0.023119
56.7346940000000000 0.36095800000000000 0.024964
56.8367350000000000 0.35628700000000000 0.025300
56.9387760000000000 0.36251000000000000 0.024286
57.0408160000000000 0.38321200000000000 0.026139
57.1428570000000000 0.36704300000000000 0.025232
57.2448980000000000 0.36464100000000000 0.025706
57.3469390000000000 0.35908100000000000 0.025671
57.4489800000000000 0.33933100000000000 0.023927
57.5510200000000000 0.38086900000000000 0.025731
57.6530610000000000 0.35275500000000000 0.024842
57.7551020000000000 0.36173900000000000 0.025025
57.8571430000000000 0.35217900000000000 0.024692
57.9591840000000000 0.37906300000000000 0.025821
58.0612240000000000 0.34320500000000000 0.024025
58.1632650000000000 0.38944400000000000 0.027073
58.2653060000000000 0.37430900000000000 0.025895
58.3673470000000000 0.37402900000000000 0.025908
58.4693880000000000 0.35475300000000000 0.024823
58.5714290000000000 0.37486700000000000 0.025666
58.6734690000000000 0.33980100000000000 0.024139
58.7755100000000000 0.31128200000000000 0.022472
58.8775510000000000 0.22206700000000000 0.018518
58.9795920000000000 0.11742800000000000 0.012777
59.0816330000000000 0.09931500000000000 0.011460
59.1836730000000000 0.13741200000000000 0.014167
59.2857140000000000 0.27874800000000000 0.021950
59.3877550000000000 0.31227300000000000 0.022729
59.4897960000000000 0.40094200000000000 0.026925
59.5918370000000000 0.31905500000000000 0.022846
59.6938780000000000 0.36898300000000000 0.025483
59.7959180000000000 0.39207500000000000 0.026716
59.8979590000000000 0.39290600000000000 0.026480
60.0000000000000000 0.35667700000000000 0.025707
