55.0000000000000000 0.37672700000000000 0.025481
55.1020410000000000 0.36051700000000000 0.024764
55.2040820000000000 0.36686500000000000 0.025285
55.3061220000000000 0.34798900000000000 0.024096
55.4081630000000000 0.36733000000000000 0.025221
55.5102040000000000 0.32409600000000000 0.023837
55.6122450000000000 0.29823900000000000 0.021743
55.7142860000000000 0.31033000000000000 0.021925
55.8163270000000000 0.27662000000000000 0.021073
55.9183670000000000 0.30044700000000000 0.021920
56.0204080000000000 0.34097200000000000 0.024303
56.1224490000000000 0.37609200000000000 0.025760
56.2244900000000000 0.35967700000000000 0.024380
56.3265310000000000 0.34577100000000000 0.024869
56.4285710000000000 0.36992600000000000 0.025255
56.5306120000000000 0.41029600000000000 0.027567
56.6326530000000000 0.37636200000000000 0.025748
56.7346940000000000 0.35771700000000000 0.024815
56.8367350000000000 0.38351000000000000 0.026575
56.9387760000000000 0.39279500000000000 0.025640
57.0408160000000000 0.34161800000000000 0.024212
57.1428570000000000 0.38754800000000000 0.026172
57.2448980000000000 0.41460600000000000 0.028030
57.3469390000000000 0.36023900000000000 0.025726
57.4489800000000000 0.38671400000000000 0.026109
57.5510200000000000 0.33074100000000000 0.023424
57.6530610000000000 0.32511900000000000 0.023544
57.7551020000000000 0.41262700000000000 0.027352
57.8571430000000000 0.38498000000000000 0.026207
57.9591840000000000 0.36607000000000000 0.025224
58.0612240000000000 0.35603100000000000 0.024617
58.1632650000000000 0.39059900000000000 0.027127
58.2653060000000000 0.37430900000000000 0.025895
58.3673470000000000 0.34398200000000000 0.024506
58.4693880000000000 0.31644400000000000 0.023029
58.5714290000000000 0.35422800000000000 0.024714
58.6734690000000000 0.38253600000000000 0.026120
58.7755100000000000 0.29216500000000000 0.021572
58.8775510000000000 0.17679300000000000 0.016180
58.9795920000000000 0.11851400000000000 0.012840
59.0816330000000000 0.10244800000000000 0.011647
59.1836730000000000 0.15541700000000000 0.015173
59.2857140000000000 0.24347900000000000 0.020180
59.3877550000000000 0.33937000000000000 0.023999
59.4897960000000000 0.34414900000000000 0.024306
59.5918370000000000 0.37327500000000000 0.025348
59.6938780000000000 0.36460400000000000 0.025280
59.7959180000000000 0.37319800000000000 0.025844
59.8979590000000000 0.35492900000000000 0.024734
60.0000000000000000 0.35785000000000000 0.025763
