55.0000000000000000 0.37248300000000000 0.025288
55.1020410000000000 0.35839100000000000 0.024667
55.2040820000000000 0.36903500000000000 0.025385
55.3061220000000000 0.33323100000000000 0.023416
55.4081630000000000 0.33825400000000000 0.023877
55.5102040000000000 0.34919300000000000 0.025031
55.6122450000000000 0.32448300000000000 0.022967
55.7142860000000000 0.29012000000000000 0.020990
55.8163270000000000 0.29730300000000000 0.022064
55.9183670000000000 0.30044700000000000 0.021920
56.0204080000000000 0.32769200000000000 0.023678
56.1224490000000000 0.32160300000000000 0.023226
56.2244900000000000 0.34937400000000000 0.023912
56.3265310000000000 0.37429000000000000 0.026212
56.4285710000000000 0.40305900000000000 0.026763
56.5306120000000000 0.37027800000000000 0.025721
56.6326530000000000 0.36005100000000000 0.024995
56.7346940000000000 0.38796700000000000 0.026204
56.8367350000000000 0.38010700000000000 0.026416
56.9387760000000000 0.33626400000000000 0.023100
57.0408160000000000 0.37883400000000000 0.025937
57.1428570000000000 0.36488500000000000 0.025133
57.2448980000000000 0.37826800000000000 0.026344
57.3469390000000000 0.32202700000000000 0.023902
57.4489800000000000 0.33933100000000000 0.023927
57.5510200000000000 0.33820700000000000 0.023771
57.6530610000000000 0.36381000000000000 0.025357
57.7551020000000000 0.34333300000000000 0.024172
57.8571430000000000 0.35327200000000000 0.024742
57.9591840000000000 0.39422100000000000 0.026515
58.0612240000000000 0.40199000000000000 0.026715
58.1632650000000000 0.36980400000000000 0.026151
58.2653060000000000 0.39651600000000000 0.026921
58.3673470000000000 0.36957800000000000 0.025701
58.4693880000000000 0.35913100000000000 0.025027
58.5714290000000000 0.35531500000000000 0.024764
58.6734690000000000 0.33541800000000000 0.023933
58.7755100000000000 0.29322700000000000 0.021622
58.8775510000000000 0.18231400000000000 0.016471
58.9795920000000000 0.11960000000000000 0.012903
59.0816330000000000 0.12437800000000000 0.012918
59.1836730000000000 0.14866500000000000 0.014799
59.2857140000000000 0.25288400000000000 0.020656
59.3877550000000000 0.33828600000000000 0.023949
59.4897960000000000 0.33322700000000000 0.023795
59.5918370000000000 0.37540100000000000 0.025445
59.6938780000000000 0.38102300000000000 0.026038
59.7959180000000000 0.35543300000000000 0.025017
59.8979590000000000 0.36252400000000000 0.025085
60.0000000000000000 0.36957800000000000 0.026320
