55.0000000000000000 0.36717900000000000 0.025045
55.1020410000000000 0.32756000000000000 0.023242
55.2040820000000000 0.34841900000000000 0.024432
55.3061220000000000 0.39331900000000000 0.026161
55.4081630000000000 0.37486800000000000 0.025567
55.5102040000000000 0.36972700000000000 0.025998
55.6122450000000000 0.31083600000000000 0.022332
55.7142860000000000 0.32750900000000000 0.022712
55.8163270000000000 0.30927800000000000 0.022633
55.9183670000000000 0.30362000000000000 0.022069
56.0204080000000000 0.37085300000000000 0.025696
56.1224490000000000 0.34230900000000000 0.024196
56.2244900000000000 0.34113200000000000 0.023536
56.3265310000000000 0.35147500000000000 0.025138
56.4285710000000000 0.36885700000000000 0.025206
56.5306120000000000 0.35360400000000000 0.024944
56.6326530000000000 0.33177800000000000 0.023680
56.7346940000000000 0.39769000000000000 0.026647
56.8367350000000000 0.36536100000000000 0.025726
56.9387760000000000 0.36553900000000000 0.024422
57.0408160000000000 0.32738900000000000 0.023545
57.1428570000000000 0.38539000000000000 0.026073
57.2448980000000000 0.36577600000000000 0.025759
57.3469390000000000 0.35213400000000000 0.025342
57.4489800000000000 0.35010000000000000 0.024426
57.5510200000000000 0.41286500000000000 0.027181
57.6530610000000000 0.40471200000000000 0.027244
57.7551020000000000 0.37798000000000000 0.025772
57.8571430000000000 0.35983200000000000 0.025047
57.9591840000000000 0.36282200000000000 0.025074
58.0612240000000000 0.38061400000000000 0.025743
58.1632650000000000 0.37442500000000000 0.026368
58.2653060000000000 0.36209500000000000 0.025327
58.3673470000000000 0.37514200000000000 0.025960
58.4693880000000000 0.42261600000000000 0.027939
58.5714290000000000 0.37269400000000000 0.025566
58.6734690000000000 0.32555600000000000 0.023470
58.7755100000000000 0.27623500000000000 0.020815
58.8775510000000000 0.21323300000000000 0.018071
58.9795920000000000 0.12285900000000000 0.013092
59.0816330000000000 0.10453700000000000 0.011771
59.1836730000000000 0.16217000000000000 0.015543
59.2857140000000000 0.26581600000000000 0.021306
59.3877550000000000 0.29926600000000000 0.022113
59.4897960000000000 0.37691400000000000 0.025823
59.5918370000000000 0.34776000000000000 0.024178
59.6938780000000000 0.35913100000000000 0.025027
59.7959180000000000 0.35765300000000000 0.025120
59.8979590000000000 0.34299300000000000 0.024180
60.0000000000000000 0.34612100000000000 0.025203
