55.0000000000000000 0.37566600000000000 0.025433
55.1020410000000000 0.37646400000000000 0.025493
55.2040820000000000 0.35384400000000000 0.024684
55.3061220000000000 0.37856000000000000 0.025492
55.4081630000000000 0.36733000000000000 0.025221
55.5102040000000000 0.36288200000000000 0.025676
55.6122450000000000 0.32238400000000000 0.022869
55.7142860000000000 0.31235100000000000 0.022018
55.8163270000000000 0.27444300000000000 0.020968
55.9183670000000000 0.32688500000000000 0.023155
56.0204080000000000 0.33654600000000000 0.024095
56.1224490000000000 0.34230900000000000 0.024196
56.2244900000000000 0.37307100000000000 0.024986
56.3265310000000000 0.35033400000000000 0.025085
56.4285710000000000 0.37847600000000000 0.025646
56.5306120000000000 0.34471200000000000 0.024527
56.6326530000000000 0.37418700000000000 0.025648
56.7346940000000000 0.34799300000000000 0.024365
56.8367350000000000 0.33360100000000000 0.024227
56.9387760000000000 0.35847200000000000 0.024105
57.0408160000000000 0.36898300000000000 0.025483
57.1428570000000000 0.35948900000000000 0.024884
57.2448980000000000 0.34533600000000000 0.024796
57.3469390000000000 0.37760800000000000 0.026546
57.4489800000000000 0.36302200000000000 0.025023
57.5510200000000000 0.36060400000000000 0.024804
57.6530610000000000 0.36602100000000000 0.025459
57.7551020000000000 0.36931800000000000 0.025374
57.8571430000000000 0.37732600000000000 0.025855
57.9591840000000000 0.36173900000000000 0.025025
58.0612240000000000 0.39023300000000000 0.026182
58.1632650000000000 0.34900900000000000 0.025166
58.2653060000000000 0.37652900000000000 0.025998
58.3673470000000000 0.36512600000000000 0.025494
58.4693880000000000 0.37226600000000000 0.025634
58.5714290000000000 0.35205600000000000 0.024613
58.6734690000000000 0.31788600000000000 0.023109
58.7755100000000000 0.29853800000000000 0.021873
58.8775510000000000 0.19225200000000000 0.016991
58.9795920000000000 0.12068700000000000 0.012966
59.0816330000000000 0.10140400000000000 0.011585
59.1836730000000000 0.13516100000000000 0.014039
59.2857140000000000 0.25053300000000000 0.020538
59.3877550000000000 0.35346000000000000 0.024654
59.4897960000000000 0.36271600000000000 0.025168
59.5918370000000000 0.33925400000000000 0.023785
59.6938780000000000 0.32410500000000000 0.023390
59.7959180000000000 0.32989400000000000 0.023818
59.8979590000000000 0.33756800000000000 0.023927
60.0000000000000000 0.39186300000000000 0.027373
