55.0000000000000000 0.39476200000000000 0.026300
55.1020410000000000 0.36795900000000000 0.025105
55.2040820000000000 0.38639600000000000 0.026183
55.3061220000000000 0.34377300000000000 0.023902
55.4081630000000000 0.38671400000000000 0.026109
55.5102040000000000 0.33208200000000000 0.024218
55.6122450000000000 0.31818500000000000 0.022674
55.7142860000000000 0.30426700000000000 0.021646
55.8163270000000000 0.31145500000000000 0.022736
55.9183670000000000 0.33005800000000000 0.023302
56.0204080000000000 0.34871900000000000 0.024666
56.1224490000000000 0.37173300000000000 0.025560
56.2244900000000000 0.37307100000000000 0.024986
56.3265310000000000 0.38227500000000000 0.026585
56.4285710000000000 0.34106700000000000 0.023926
56.5306120000000000 0.34137700000000000 0.024371
56.6326530000000000 0.36875000000000000 0.025397
56.7346940000000000 0.38796700000000000 0.026204
56.8367350000000000 0.37330100000000000 0.026098
56.9387760000000000 0.35645300000000000 0.024014
57.0408160000000000 0.36679300000000000 0.025382
57.1428570000000000 0.37243900000000000 0.025480
57.2448980000000000 0.36009800000000000 0.025492
57.3469390000000000 0.38803000000000000 0.027035
57.4489800000000000 0.36948400000000000 0.025320
57.5510200000000000 0.39473400000000000 0.026361
57.6530610000000000 0.39476300000000000 0.026787
57.7551020000000000 0.33792000000000000 0.023920
57.8571430000000000 0.38060600000000000 0.026006
57.9591840000000000 0.39422100000000000 0.026515
58.0612240000000000 0.37206300000000000 0.025353
58.1632650000000000 0.37327000000000000 0.026314
58.2653060000000000 0.32323200000000000 0.023503
58.3673470000000000 0.39294700000000000 0.026783
58.4693880000000000 0.36898300000000000 0.025483
58.5714290000000000 0.36291800000000000 0.025116
58.6734690000000000 0.37924900000000000 0.025969
58.7755100000000000 0.28579300000000000 0.021270
58.8775510000000000 0.19887800000000000 0.017335
58.9795920000000000 0.13154900000000000 0.013587
59.0816330000000000 0.10035900000000000 0.011522
59.1836730000000000 0.14866500000000000 0.014799
59.2857140000000000 0.25641100000000000 0.020834
59.3877550000000000 0.31010500000000000 0.022627
59.4897960000000000 0.34742500000000000 0.024458
59.5918370000000000 0.34882300000000000 0.024227
59.6938780000000000 0.36788800000000000 0.025432
59.7959180000000000 0.38541200000000000 0.026409
59.8979590000000000 0.42003300000000000 0.027714
60.0000000000000000 0.35198500000000000 0.025483
