55.0000000000000000 0.30246400000000000 0.022047
55.1020410000000000 0.29141300000000000 0.021547
55.2040820000000000 0.29959100000000000 0.022140
55.3061220000000000 0.22992100000000000 0.018502
55.4081630000000000 0.24133500000000000 0.019254
55.5102040000000000 0.17921900000000000 0.016570
55.6122450000000000 0.13867700000000000 0.013750
55.7142860000000000 0.12742900000000000 0.012875
55.8163270000000000 0.12203800000000000 0.013059
55.9183670000000000 0.08894300000000000 0.010899
56.0204080000000000 0.09750400000000000 0.011701
56.1224490000000000 0.05024500000000000 0.008433
56.2244900000000000 0.04235000000000000 0.007571
56.3265310000000000 0.01723100000000000 0.005762
56.4285710000000000 0.01186900000000000 0.004933
56.5306120000000000 0.01012100000000000 0.004874
56.6326530000000000 0.00011400000000000 0.003445
56.7346940000000000 0.00011300000000000 0.003423
56.8367350000000000 -0.0044180000000000 0.002788
56.9387760000000000 -0.0029230000000000 0.002677
57.0408160000000000 -0.0020740000000000 0.003102
57.1428570000000000 0.00119200000000000 0.003586
57.2448980000000000 0.00125500000000000 0.003774
57.3469390000000000 0.00127900000000000 0.003848
57.4489800000000000 0.00119000000000000 0.003579
57.5510200000000000 -0.0020210000000000 0.003023
57.6530610000000000 -0.0065170000000000 0.002229
57.7551020000000000 0.00444400000000000 0.004063
57.8571430000000000 0.00011500000000000 0.003464
57.9591840000000000 -0.0031350000000000 0.002872
58.0612240000000000 0.00331900000000000 0.003864
58.1632650000000000 0.00127600000000000 0.003839
58.2653060000000000 -0.0009940000000000 0.003337
58.3673470000000000 -0.0043350000000000 0.002735
58.4693880000000000 0.00120900000000000 0.003637
58.5714290000000000 0.00120000000000000 0.003610
58.6734690000000000 -0.0020770000000000 0.003105
58.7755100000000000 -0.0041370000000000 0.002610
58.8775510000000000 -0.0031970000000000 0.002929
58.9795920000000000 -0.0031450000000000 0.002881
59.0816330000000000 0.00219800000000000 0.003625
59.1836730000000000 0.00011800000000000 0.003565
59.2857140000000000 0.00365000000000000 0.004250
59.3877550000000000 0.00553300000000000 0.004213
59.4897960000000000 0.00011500000000000 0.003460
59.5918370000000000 -0.0030780000000000 0.002820
59.6938780000000000 0.00230400000000000 0.003800
59.7959180000000000 0.00344800000000000 0.004014
59.8979590000000000 0.00553900000000000 0.004217
60.0000000000000000 0.00481500000000000 0.004402
