55.0000000000000000 0.38203100000000000 0.025722
55.1020410000000000 0.37965400000000000 0.025639
55.2040820000000000 0.37337500000000000 0.025585
55.3061220000000000 0.38804800000000000 0.025922
55.4081630000000000 0.34794600000000000 0.024327
55.5102040000000000 0.35603800000000000 0.025354
55.6122450000000000 0.33813000000000000 0.023597
55.7142860000000000 0.29618300000000000 0.021272
55.8163270000000000 0.26900000000000000 0.020705
55.9183670000000000 0.30785000000000000 0.022268
56.0204080000000000 0.35425300000000000 0.024924
56.1224490000000000 0.33795000000000000 0.023992
56.2244900000000000 0.37616200000000000 0.025125
56.3265310000000000 0.36858600000000000 0.025944
56.4285710000000000 0.36778800000000000 0.025157
56.5306120000000000 0.41696500000000000 0.027873
56.6326530000000000 0.38179900000000000 0.025997
56.7346940000000000 0.39444900000000000 0.026500
56.8367350000000000 0.36309300000000000 0.025620
56.9387760000000000 0.36553900000000000 0.024422
57.0408160000000000 0.39634700000000000 0.026741
57.1428570000000000 0.38215200000000000 0.025925
57.2448980000000000 0.32830200000000000 0.023988
57.3469390000000000 0.37066100000000000 0.026219
57.4489800000000000 0.36625300000000000 0.025171
57.5510200000000000 0.37446900000000000 0.025439
57.6530610000000000 0.37597000000000000 0.025920
57.7551020000000000 0.34441600000000000 0.024222
57.8571430000000000 0.37732600000000000 0.025855
57.9591840000000000 0.37040100000000000 0.025424
58.0612240000000000 0.33893000000000000 0.023827
58.1632650000000000 0.40908300000000000 0.027990
58.2653060000000000 0.39429500000000000 0.026819
58.3673470000000000 0.39294700000000000 0.026783
58.4693880000000000 0.38321200000000000 0.026139
58.5714290000000000 0.35422800000000000 0.024714
58.6734690000000000 0.36281200000000000 0.025210
58.7755100000000000 0.33039800000000000 0.023363
58.8775510000000000 0.19446100000000000 0.017106
58.9795920000000000 0.11960000000000000 0.012903
59.0816330000000000 0.10766900000000000 0.011956
59.1836730000000000 0.15204100000000000 0.014987
59.2857140000000000 0.26346500000000000 0.021188
59.3877550000000000 0.33178300000000000 0.023645
59.4897960000000000 0.35725500000000000 0.024915
59.5918370000000000 0.33287600000000000 0.023489
59.6938780000000000 0.35913100000000000 0.025027
59.7959180000000000 0.35654300000000000 0.025069
59.8979590000000000 0.37988500000000000 0.025884
60.0000000000000000 0.35785000000000000 0.025763
