55.0000000000000000 0.18576700000000000 0.016332
55.1020410000000000 0.17234100000000000 0.015650
55.2040820000000000 0.16612800000000000 0.015477
55.3061220000000000 0.13293700000000000 0.013461
55.4081630000000000 0.08087900000000000 0.010491
55.5102040000000000 0.07312800000000000 0.010301
55.6122450000000000 0.03790100000000000 0.007301
55.7142860000000000 0.02637900000000000 0.006169
55.8163270000000000 0.02624100000000000 0.006453
55.9183670000000000 0.01385900000000000 0.005114
56.0204080000000000 0.01007600000000000 0.004852
56.1224490000000000 0.00338400000000000 0.003939
56.2244900000000000 0.00422900000000000 0.003866
56.3265310000000000 -0.0044430000000000 0.002804
56.4285710000000000 0.00438700000000000 0.004011
56.5306120000000000 -0.0065530000000000 0.002241
56.6326530000000000 0.00228900000000000 0.003775
56.7346940000000000 -0.0009670000000000 0.003247
56.8367350000000000 0.00238800000000000 0.003938
56.9387760000000000 -0.0019130000000000 0.002861
57.0408160000000000 0.00777700000000000 0.004534
57.1428570000000000 -0.0042040000000000 0.002652
57.2448980000000000 0.00125500000000000 0.003774
57.3469390000000000 -0.0068260000000000 0.002335
57.4489800000000000 0.00011300000000000 0.003411
57.5510200000000000 0.00117800000000000 0.003544
57.6530610000000000 -0.0043060000000000 0.002717
57.7551020000000000 0.00011400000000000 0.003430
57.8571430000000000 -0.0020720000000000 0.003099
57.9591840000000000 0.00336200000000000 0.003914
58.0612240000000000 -0.0009570000000000 0.003212
58.1632650000000000 0.00243200000000000 0.004011
58.2653060000000000 -0.0009940000000000 0.003337
58.3673470000000000 -0.0032220000000000 0.002952
58.4693880000000000 0.00339900000000000 0.003957
58.5714290000000000 -0.0009720000000000 0.003264
58.6734690000000000 -0.0009810000000000 0.003293
58.7755100000000000 -0.0030750000000000 0.002817
58.8775510000000000 0.00453300000000000 0.004144
58.9795920000000000 0.00337300000000000 0.003927
59.0816330000000000 -0.0009350000000000 0.003138
59.1836730000000000 0.00124300000000000 0.003740
59.2857140000000000 0.00482600000000000 0.004412
59.3877550000000000 0.00011400000000000 0.003434
59.4897960000000000 0.00229900000000000 0.003792
59.5918370000000000 0.00223800000000000 0.003691
59.6938780000000000 0.00339900000000000 0.003957
59.7959180000000000 0.00788900000000000 0.004599
59.8979590000000000 0.00445400000000000 0.004072
60.0000000000000000 0.01654300000000000 0.005801
