55.0000000000000000 0.33323000000000000 0.023483
55.1020410000000000 0.37540100000000000 0.025445
55.2040820000000000 0.41460700000000000 0.027468
55.3061220000000000 0.36907300000000000 0.025061
55.4081630000000000 0.35225300000000000 0.024526
55.5102040000000000 0.37314900000000000 0.026158
55.6122450000000000 0.36122500000000000 0.024656
55.7142860000000000 0.27092100000000000 0.020093
55.8163270000000000 0.31689800000000000 0.022993
55.9183670000000000 0.31313800000000000 0.022515
56.0204080000000000 0.35425300000000000 0.024924
56.1224490000000000 0.37936200000000000 0.025911
56.2244900000000000 0.36791900000000000 0.024753
56.3265310000000000 0.35603800000000000 0.025354
56.4285710000000000 0.36778800000000000 0.025157
56.5306120000000000 0.37806000000000000 0.026082
56.6326530000000000 0.32634100000000000 0.023425
56.7346940000000000 0.34259100000000000 0.024114
56.8367350000000000 0.34154100000000000 0.024604
56.9387760000000000 0.35645300000000000 0.024014
57.0408160000000000 0.34928000000000000 0.024569
57.1428570000000000 0.36164700000000000 0.024984
57.2448980000000000 0.36577600000000000 0.025759
57.3469390000000000 0.42624100000000000 0.028816
57.4489800000000000 0.38779100000000000 0.026158
57.5510200000000000 0.40113300000000000 0.026651
57.6530610000000000 0.35275500000000000 0.024842
57.7551020000000000 0.38014600000000000 0.025871
57.8571430000000000 0.38607300000000000 0.026257
57.9591840000000000 0.35524300000000000 0.024724
58.0612240000000000 0.35389300000000000 0.024519
58.1632650000000000 0.38251200000000000 0.026748
58.2653060000000000 0.38985400000000000 0.026614
58.3673470000000000 0.36178800000000000 0.025339
58.4693880000000000 0.35365900000000000 0.024773
58.5714290000000000 0.34879700000000000 0.024462
58.6734690000000000 0.36500400000000000 0.025311
58.7755100000000000 0.32933600000000000 0.023314
58.8775510000000000 0.22317100000000000 0.018574
58.9795920000000000 0.10439300000000000 0.012005
59.0816330000000000 0.10453700000000000 0.011771
59.1836730000000000 0.17229800000000000 0.016090
59.2857140000000000 0.22819600000000000 0.019399
59.3877550000000000 0.32636300000000000 0.023392
59.4897960000000000 0.37254500000000000 0.025622
59.5918370000000000 0.39241200000000000 0.026218
59.6938780000000000 0.37992800000000000 0.025988
59.7959180000000000 0.41428200000000000 0.027736
59.8979590000000000 0.39399100000000000 0.026530
60.0000000000000000 0.36371400000000000 0.026042
