55.0000000000000000 0.39157900000000000 0.026156
55.1020410000000000 0.39028500000000000 0.026122
55.2040820000000000 0.36143900000000000 0.025035
55.3061220000000000 0.37539800000000000 0.025348
55.4081630000000000 0.40394400000000000 0.026893
55.5102040000000000 0.33208200000000000 0.024218
55.6122450000000000 0.33288100000000000 0.023355
55.7142860000000000 0.33559300000000000 0.023080
55.8163270000000000 0.32669600000000000 0.023454
55.9183670000000000 0.28035400000000000 0.020970
56.0204080000000000 0.31662600000000000 0.023154
56.1224490000000000 0.35865600000000000 0.024955
56.2244900000000000 0.39470700000000000 0.025958
56.3265310000000000 0.36060100000000000 0.025569
56.4285710000000000 0.33144800000000000 0.023480
56.5306120000000000 0.38917600000000000 0.026596
56.6326530000000000 0.36766300000000000 0.025347
56.7346940000000000 0.36311900000000000 0.025064
56.8367350000000000 0.39031600000000000 0.026891
56.9387760000000000 0.35140600000000000 0.023786
57.0408160000000000 0.40072500000000000 0.026942
57.1428570000000000 0.37028100000000000 0.025381
57.2448980000000000 0.39189500000000000 0.026979
57.3469390000000000 0.32665900000000000 0.024125
57.4489800000000000 0.35333000000000000 0.024576
57.5510200000000000 0.35633800000000000 0.024608
57.6530610000000000 0.38591900000000000 0.026380
57.7551020000000000 0.36498800000000000 0.025174
57.8571430000000000 0.36092600000000000 0.025098
57.9591840000000000 0.38447600000000000 0.026069
58.0612240000000000 0.37420100000000000 0.025451
58.1632650000000000 0.34554400000000000 0.025002
58.2653060000000000 0.36764700000000000 0.025586
58.3673470000000000 0.37514200000000000 0.025960
58.4693880000000000 0.34709100000000000 0.024467
58.5714290000000000 0.33902100000000000 0.024007
58.6734690000000000 0.35842900000000000 0.025007
58.7755100000000000 0.30384800000000000 0.022123
58.8775510000000000 0.18783500000000000 0.016761
58.9795920000000000 0.12394500000000000 0.013154
59.0816330000000000 0.09305000000000000 0.011080
59.1836730000000000 0.15879300000000000 0.015358
59.2857140000000000 0.27051900000000000 0.021541
59.3877550000000000 0.31335700000000000 0.022780
59.4897960000000000 0.37254500000000000 0.025622
59.5918370000000000 0.34350700000000000 0.023981
59.6938780000000000 0.35803700000000000 0.024976
59.7959180000000000 0.33322500000000000 0.023975
59.8979590000000000 0.35709900000000000 0.024834
60.0000000000000000 0.38834400000000000 0.027207
