55.0000000000000000 0.33004700000000000 0.023336
55.1020410000000000 0.36689600000000000 0.025056
55.2040820000000000 0.35058900000000000 0.024533
55.3061220000000000 0.37750600000000000 0.025444
55.4081630000000000 0.35010000000000000 0.024426
55.5102040000000000 0.35375600000000000 0.025246
55.6122450000000000 0.36962300000000000 0.025038
55.7142860000000000 0.31033000000000000 0.021925
55.8163270000000000 0.28532900000000000 0.021492
55.9183670000000000 0.30785000000000000 0.022268
56.0204080000000000 0.39409300000000000 0.026769
56.1224490000000000 0.36628400000000000 0.025308
56.2244900000000000 0.34422300000000000 0.023677
56.3265310000000000 0.32865900000000000 0.024055
56.4285710000000000 0.36992600000000000 0.025255
56.5306120000000000 0.39028700000000000 0.026647
56.6326530000000000 0.37744900000000000 0.025798
56.7346940000000000 0.35339500000000000 0.024615
56.8367350000000000 0.40392700000000000 0.027523
56.9387760000000000 0.37462400000000000 0.024830
57.0408160000000000 0.35256400000000000 0.024722
57.1428570000000000 0.38539000000000000 0.026073
57.2448980000000000 0.36464100000000000 0.025706
57.3469390000000000 0.38571400000000000 0.026927
57.4489800000000000 0.39102100000000000 0.026305
57.5510200000000000 0.36913700000000000 0.025195
57.6530610000000000 0.39365700000000000 0.026736
57.7551020000000000 0.37364900000000000 0.025573
57.8571430000000000 0.38498000000000000 0.026207
57.9591840000000000 0.38339400000000000 0.026020
58.0612240000000000 0.37954500000000000 0.025695
58.1632650000000000 0.36402800000000000 0.025878
58.2653060000000000 0.36653600000000000 0.025534
58.3673470000000000 0.34843400000000000 0.024714
58.4693880000000000 0.36788800000000000 0.025432
58.5714290000000000 0.36834900000000000 0.025366
58.6734690000000000 0.34418400000000000 0.024343
58.7755100000000000 0.31446800000000000 0.022621
58.8775510000000000 0.19887800000000000 0.017335
58.9795920000000000 0.13046300000000000 0.013526
59.0816330000000000 0.08887300000000000 0.010823
59.1836730000000000 0.16104400000000000 0.015481
59.2857140000000000 0.26228900000000000 0.021129
59.3877550000000000 0.33178300000000000 0.023645
59.4897960000000000 0.37691400000000000 0.025823
59.5918370000000000 0.34669600000000000 0.024129
59.6938780000000000 0.41167100000000000 0.027441
59.7959180000000000 0.32323200000000000 0.023503
59.8979590000000000 0.36035400000000000 0.024985
60.0000000000000000 0.34494800000000000 0.025147
