55.0000000000000000 0.34065600000000000 0.023827
55.1020410000000000 0.39134800000000000 0.026170
55.2040820000000000 0.36903500000000000 0.025385
55.3061220000000000 0.35853100000000000 0.024579
55.4081630000000000 0.35333000000000000 0.024576
55.5102040000000000 0.34577100000000000 0.024869
55.6122450000000000 0.36437400000000000 0.024799
55.7142860000000000 0.28911000000000000 0.020944
55.8163270000000000 0.28315200000000000 0.021388
55.9183670000000000 0.31736800000000000 0.022713
56.0204080000000000 0.33211900000000000 0.023886
56.1224490000000000 0.36628400000000000 0.025308
56.2244900000000000 0.36688900000000000 0.024706
56.3265310000000000 0.35831900000000000 0.025461
56.4285710000000000 0.37633900000000000 0.025548
56.5306120000000000 0.35360400000000000 0.024944
56.6326530000000000 0.35461300000000000 0.024744
56.7346940000000000 0.38148500000000000 0.025907
56.8367350000000000 0.37103300000000000 0.025992
56.9387760000000000 0.38068100000000000 0.025100
57.0408160000000000 0.37007700000000000 0.025533
57.1428570000000000 0.37136000000000000 0.025431
57.2448980000000000 0.36236900000000000 0.025599
57.3469390000000000 0.38339800000000000 0.026818
57.4489800000000000 0.36625300000000000 0.025171
57.5510200000000000 0.38300200000000000 0.025828
57.6530610000000000 0.35828300000000000 0.025099
57.7551020000000000 0.37364900000000000 0.025573
57.8571430000000000 0.36639200000000000 0.025351
57.9591840000000000 0.35416000000000000 0.024674
58.0612240000000000 0.41481600000000000 0.027295
58.1632650000000000 0.37327000000000000 0.026314
58.2653060000000000 0.40206800000000000 0.027176
58.3673470000000000 0.36512600000000000 0.025494
58.4693880000000000 0.32191600000000000 0.023287
58.5714290000000000 0.36834900000000000 0.025366
58.6734690000000000 0.36281200000000000 0.025210
58.7755100000000000 0.30278600000000000 0.022073
58.8775510000000000 0.22537900000000000 0.018685
58.9795920000000000 0.12394500000000000 0.013154
59.0816330000000000 0.10453700000000000 0.011771
59.1836730000000000 0.16104400000000000 0.015481
59.2857140000000000 0.24465500000000000 0.020240
59.3877550000000000 0.28409200000000000 0.021390
59.4897960000000000 0.35397800000000000 0.024763
59.5918370000000000 0.34031800000000000 0.023834
59.6938780000000000 0.39525200000000000 0.026691
59.7959180000000000 0.33766700000000000 0.024184
59.8979590000000000 0.38422600000000000 0.026083
60.0000000000000000 0.38482600000000000 0.027041
