55.0000000000000000 0.33641300000000000 0.023631
55.1020410000000000 0.35307500000000000 0.024422
55.2040820000000000 0.34299300000000000 0.024180
55.3061220000000000 0.32585200000000000 0.023074
55.4081630000000000 0.32640800000000000 0.023325
55.5102040000000000 0.34006700000000000 0.024598
55.6122450000000000 0.33603100000000000 0.023500
55.7142860000000000 0.28102600000000000 0.020567
55.8163270000000000 0.28532900000000000 0.021492
55.9183670000000000 0.28246900000000000 0.021071
56.0204080000000000 0.34982600000000000 0.024717
56.1224490000000000 0.38045200000000000 0.025961
56.2244900000000000 0.37410100000000000 0.025032
56.3265310000000000 0.38912000000000000 0.026905
56.4285710000000000 0.37420100000000000 0.025451
56.5306120000000000 0.36694400000000000 0.025566
56.6326530000000000 0.36331300000000000 0.025146
56.7346940000000000 0.37932400000000000 0.025808
56.8367350000000000 0.38691300000000000 0.026733
56.9387760000000000 0.36553900000000000 0.024422
57.0408160000000000 0.36460400000000000 0.025280
57.1428570000000000 0.37567700000000000 0.025629
57.2448980000000000 0.35669200000000000 0.025332
57.3469390000000000 0.35676500000000000 0.025561
57.4489800000000000 0.35225300000000000 0.024526
57.5510200000000000 0.37766900000000000 0.025585
57.6530610000000000 0.34943900000000000 0.024687
57.7551020000000000 0.35199500000000000 0.024574
57.8571430000000000 0.38826000000000000 0.026358
57.9591840000000000 0.38231100000000000 0.025970
58.0612240000000000 0.36565000000000000 0.025059
58.1632650000000000 0.35132000000000000 0.025276
58.2653060000000000 0.36542600000000000 0.025483
58.3673470000000000 0.39739800000000000 0.026988
58.4693880000000000 0.35037500000000000 0.024620
58.5714290000000000 0.36617700000000000 0.025266
58.6734690000000000 0.36171700000000000 0.025159
58.7755100000000000 0.28260700000000000 0.021118
58.8775510000000000 0.22427500000000000 0.018630
58.9795920000000000 0.09135800000000000 0.011206
59.0816330000000000 0.07843000000000000 0.010163
59.1836730000000000 0.17905000000000000 0.016451
59.2857140000000000 0.24230300000000000 0.020120
59.3877550000000000 0.32094400000000000 0.023137
59.4897960000000000 0.35397800000000000 0.024763
59.5918370000000000 0.34776000000000000 0.024178
59.6938780000000000 0.36569900000000000 0.025331
59.7959180000000000 0.32989400000000000 0.023818
59.8979590000000000 0.36143900000000000 0.025035
60.0000000000000000 0.37661600000000000 0.026654
