55.0000000000000000 0.37354400000000000 0.025336
55.1020410000000000 0.33819100000000000 0.023736
55.2040820000000000 0.37337500000000000 0.025585
55.3061220000000000 0.34482700000000000 0.023951
55.4081630000000000 0.36194500000000000 0.024973
55.5102040000000000 0.38683800000000000 0.026798
55.6122450000000000 0.35807500000000000 0.024512
55.7142860000000000 0.32851900000000000 0.022758
55.8163270000000000 0.31145500000000000 0.022736
55.9183670000000000 0.30573500000000000 0.022169
56.0204080000000000 0.33433200000000000 0.023991
56.1224490000000000 0.35320700000000000 0.024703
56.2244900000000000 0.38028300000000000 0.025311
56.3265310000000000 0.38569700000000000 0.026745
56.4285710000000000 0.34961800000000000 0.024322
56.5306120000000000 0.37139000000000000 0.025773
56.6326530000000000 0.33939000000000000 0.024036
56.7346940000000000 0.36852000000000000 0.025312
56.8367350000000000 0.38237600000000000 0.026522
56.9387760000000000 0.38572800000000000 0.025326
57.0408160000000000 0.36022600000000000 0.025077
57.1428570000000000 0.40265700000000000 0.026860
57.2448980000000000 0.36804700000000000 0.025866
57.3469390000000000 0.39381900000000000 0.027306
57.4489800000000000 0.38994400000000000 0.026256
57.5510200000000000 0.39580000000000000 0.026409
57.6530610000000000 0.35717700000000000 0.025048
57.7551020000000000 0.33900200000000000 0.023970
57.8571430000000000 0.38607300000000000 0.026257
57.9591840000000000 0.37364900000000000 0.025573
58.0612240000000000 0.38061400000000000 0.025743
58.1632650000000000 0.36171700000000000 0.025769
58.2653060000000000 0.38430200000000000 0.026358
58.3673470000000000 0.38849600000000000 0.026578
58.4693880000000000 0.36132100000000000 0.025128
58.5714290000000000 0.37269400000000000 0.025566
58.6734690000000000 0.34747200000000000 0.024497
58.7755100000000000 0.29535100000000000 0.021723
58.8775510000000000 0.19556500000000000 0.017163
58.9795920000000000 0.10982400000000000 0.012330
59.0816330000000000 0.09096100000000000 0.010952
59.1836730000000000 0.15654300000000000 0.015235
59.2857140000000000 0.24700600000000000 0.020359
59.3877550000000000 0.30685300000000000 0.022473
59.4897960000000000 0.32558200000000000 0.023436
59.5918370000000000 0.31692800000000000 0.022747
59.6938780000000000 0.36679300000000000 0.025382
59.7959180000000000 0.36209500000000000 0.025327
59.8979590000000000 0.37012000000000000 0.025435
60.0000000000000000 0.36254100000000000 0.025986
