55.0000000000000000 0.37142200000000000 0.025239
55.1020410000000000 0.35732800000000000 0.024618
55.2040820000000000 0.37554500000000000 0.025685
55.3061220000000000 0.37856000000000000 0.025492
55.4081630000000000 0.36409900000000000 0.025072
55.5102040000000000 0.38227500000000000 0.026585
55.6122450000000000 0.39271700000000000 0.026085
55.7142860000000000 0.34165600000000000 0.023355
55.8163270000000000 0.28424000000000000 0.021440
55.9183670000000000 0.32371300000000000 0.023008
56.0204080000000000 0.33101200000000000 0.023834
56.1224490000000000 0.33686000000000000 0.023941
56.2244900000000000 0.35143500000000000 0.024006
56.3265310000000000 0.36060100000000000 0.025569
56.4285710000000000 0.37527000000000000 0.025499
56.5306120000000000 0.37472500000000000 0.025927
56.6326530000000000 0.38288600000000000 0.026047
56.7346940000000000 0.39553000000000000 0.026549
56.8367350000000000 0.38124100000000000 0.026469
56.9387760000000000 0.32515900000000000 0.022594
57.0408160000000000 0.36351000000000000 0.025230
57.1428570000000000 0.36488500000000000 0.025133
57.2448980000000000 0.37372500000000000 0.026131
57.3469390000000000 0.37760800000000000 0.026546
57.4489800000000000 0.38025200000000000 0.025814
57.5510200000000000 0.35633800000000000 0.024608
57.6530610000000000 0.38481400000000000 0.026329
57.7551020000000000 0.40071700000000000 0.026811
57.8571430000000000 0.36967200000000000 0.025502
57.9591840000000000 0.33142300000000000 0.023617
58.0612240000000000 0.35710000000000000 0.024666
58.1632650000000000 0.36980400000000000 0.026151
58.2653060000000000 0.37430900000000000 0.025895
58.3673470000000000 0.38627000000000000 0.026475
58.4693880000000000 0.34490200000000000 0.024365
58.5714290000000000 0.35857300000000000 0.024915
58.6734690000000000 0.35733300000000000 0.024956
58.7755100000000000 0.32402600000000000 0.023067
58.8775510000000000 0.18562700000000000 0.016645
58.9795920000000000 0.12503200000000000 0.013216
59.0816330000000000 0.10035900000000000 0.011522
59.1836730000000000 0.14754000000000000 0.014737
59.2857140000000000 0.26581600000000000 0.021306
59.3877550000000000 0.31010500000000000 0.022627
59.4897960000000000 0.36053100000000000 0.025067
59.5918370000000000 0.33606500000000000 0.023637
59.6938780000000000 0.34271300000000000 0.024263
59.7959180000000000 0.38208100000000000 0.026255
59.8979590000000000 0.34190800000000000 0.024129
60.0000000000000000 0.37896100000000000 0.026764
