55.0000000000000000 0.40961400000000000 0.026971
55.1020410000000000 0.43706400000000000 0.028229
55.2040820000000000 0.43847900000000000 0.028548
55.3061220000000000 0.39226500000000000 0.026113
55.4081630000000000 0.40502100000000000 0.026942
55.5102040000000000 0.41421600000000000 0.028069
55.6122450000000000 0.38117000000000000 0.025563
55.7142860000000000 0.33256100000000000 0.022942
55.8163270000000000 0.29730300000000000 0.022064
55.9183670000000000 0.30150500000000000 0.021970
56.0204080000000000 0.37638600000000000 0.025953
56.1224490000000000 0.39679800000000000 0.026710
56.2244900000000000 0.34937400000000000 0.023912
56.3265310000000000 0.36858600000000000 0.025944
56.4285710000000000 0.36458200000000000 0.025010
56.5306120000000000 0.28802000000000000 0.021831
56.6326530000000000 0.24369600000000000 0.019459
56.7346940000000000 0.23779500000000000 0.019109
56.8367350000000000 0.19408300000000000 0.017311
56.9387760000000000 0.14648100000000000 0.013905
57.0408160000000000 0.11942200000000000 0.012943
57.1428570000000000 0.03788500000000000 0.007421
57.2448980000000000 0.02510200000000000 0.006523
57.3469390000000000 0.00243700000000000 0.004020
57.4489800000000000 -0.0041950000000000 0.002647
57.5510200000000000 0.00437800000000000 0.004003
57.6530610000000000 0.00011600000000000 0.003502
57.7551020000000000 -0.0053000000000000 0.002433
57.8571430000000000 -0.0053520000000000 0.002457
57.9591840000000000 -0.0020520000000000 0.003068
58.0612240000000000 0.00011200000000000 0.003386
58.1632650000000000 0.00243200000000000 0.004011
58.2653060000000000 0.00011600000000000 0.003518
58.3673470000000000 0.00011700000000000 0.003525
58.4693880000000000 0.00339900000000000 0.003957
58.5714290000000000 -0.0042310000000000 0.002670
58.6734690000000000 0.00011500000000000 0.003471
58.7755100000000000 -0.0030750000000000 0.002817
58.8775510000000000 0.00674100000000000 0.004435
58.9795920000000000 0.01097600000000000 0.004889
59.0816330000000000 0.00428700000000000 0.003919
59.1836730000000000 0.01137200000000000 0.005066
59.2857140000000000 0.03304100000000000 0.007397
59.3877550000000000 0.04672100000000000 0.008139
59.4897960000000000 0.06892100000000000 0.009776
59.5918370000000000 0.05964800000000000 0.008994
59.6938780000000000 0.07673400000000000 0.010312
59.7959180000000000 0.10004900000000000 0.011878
59.8979590000000000 0.10862000000000000 0.012251
60.0000000000000000 0.13383100000000000 0.014260
