55.0000000000000000 0.39582200000000000 0.026348
55.1020410000000000 0.36051700000000000 0.024764
55.2040820000000000 0.37663000000000000 0.025735
55.3061220000000000 0.35642300000000000 0.024483
55.4081630000000000 0.36840700000000000 0.025270
55.5102040000000000 0.38227500000000000 0.026585
55.6122450000000000 0.33183200000000000 0.023307
55.7142860000000000 0.31437200000000000 0.022111
55.8163270000000000 0.25375900000000000 0.019963
55.9183670000000000 0.34803600000000000 0.024132
56.0204080000000000 0.34761200000000000 0.024614
56.1224490000000000 0.36846400000000000 0.025409
56.2244900000000000 0.39058600000000000 0.025774
56.3265310000000000 0.35717800000000000 0.025408
56.4285710000000000 0.39237100000000000 0.026279
56.5306120000000000 0.41918900000000000 0.027974
56.6326530000000000 0.36766300000000000 0.025347
56.7346940000000000 0.40525300000000000 0.026991
56.8367350000000000 0.40165900000000000 0.027418
56.9387760000000000 0.39784200000000000 0.025865
57.0408160000000000 0.36898300000000000 0.025483
57.1428570000000000 0.37243900000000000 0.025480
57.2448980000000000 0.36918300000000000 0.025919
57.3469390000000000 0.32897500000000000 0.024236
57.4489800000000000 0.36086900000000000 0.024924
57.5510200000000000 0.36060400000000000 0.024804
57.6530610000000000 0.37928600000000000 0.026074
57.7551020000000000 0.34658100000000000 0.024323
57.8571430000000000 0.40575400000000000 0.027158
57.9591840000000000 0.35957400000000000 0.024925
58.0612240000000000 0.37313200000000000 0.025402
58.1632650000000000 0.35132000000000000 0.025276
58.2653060000000000 0.36653600000000000 0.025534
58.3673470000000000 0.31282300000000000 0.023032
58.4693880000000000 0.37445500000000000 0.025735
58.5714290000000000 0.36726300000000000 0.025316
58.6734690000000000 0.33432200000000000 0.023882
58.7755100000000000 0.27198700000000000 0.020612
58.8775510000000000 0.18341800000000000 0.016530
58.9795920000000000 0.09678900000000000 0.011543
59.0816330000000000 0.09305000000000000 0.011080
59.1836730000000000 0.18242600000000000 0.016631
59.2857140000000000 0.28109900000000000 0.022066
59.3877550000000000 0.32744700000000000 0.023442
59.4897960000000000 0.34196400000000000 0.024204
59.5918370000000000 0.35945400000000000 0.024715
59.6938780000000000 0.35584800000000000 0.024874
59.7959180000000000 0.35765300000000000 0.025120
59.8979590000000000 0.38531100000000000 0.026133
60.0000000000000000 0.36371400000000000 0.026042
