55.0000000000000000 0.28230700000000000 0.021094
55.1020410000000000 0.27865500000000000 0.020940
55.2040820000000000 0.23340200000000000 0.018930
55.3061220000000000 0.20883800000000000 0.017454
55.4081630000000000 0.16164500000000000 0.015180
55.5102040000000000 0.12674400000000000 0.013650
55.6122450000000000 0.09248800000000000 0.011076
55.7142860000000000 0.05871500000000000 0.008680
55.8163270000000000 0.02079800000000000 0.005938
55.9183670000000000 0.01174400000000000 0.004880
56.0204080000000000 0.00675600000000000 0.004445
56.1224490000000000 -0.0020650000000000 0.003088
56.2244900000000000 0.00319900000000000 0.003724
56.3265310000000000 -0.0033030000000000 0.003026
56.4285710000000000 0.00118100000000000 0.003552
56.5306120000000000 0.00900900000000000 0.004741
56.6326530000000000 0.00337600000000000 0.003931
56.7346940000000000 0.00227400000000000 0.003751
56.8367350000000000 -0.0044180000000000 0.002788
56.9387760000000000 -0.0049420000000000 0.002268
57.0408160000000000 0.00449300000000000 0.004108
57.1428570000000000 0.00335100000000000 0.003901
57.2448980000000000 0.00239000000000000 0.003943
57.3469390000000000 0.00012100000000000 0.003668
57.4489800000000000 -0.0031180000000000 0.002856
57.5510200000000000 0.00224500000000000 0.003703
57.6530610000000000 0.00232700000000000 0.003838
57.7551020000000000 0.00119600000000000 0.003598
57.8571430000000000 0.00011500000000000 0.003464
57.9591840000000000 -0.0031350000000000 0.002872
58.0612240000000000 -0.0009570000000000 0.003212
58.1632650000000000 -0.0045000000000000 0.002840
58.2653060000000000 -0.0021040000000000 0.003147
58.3673470000000000 -0.0032220000000000 0.002952
58.4693880000000000 0.00449300000000000 0.004108
58.5714290000000000 0.00445900000000000 0.004077
58.6734690000000000 0.00340200000000000 0.003961
58.7755100000000000 0.00435900000000000 0.003986
58.8775510000000000 -0.0076140000000000 0.001938
58.9795920000000000 -0.0020590000000000 0.003078
59.0816330000000000 0.00637500000000000 0.004194
59.1836730000000000 0.00574500000000000 0.004374
59.2857140000000000 -0.0045790000000000 0.002890
59.3877550000000000 0.01745600000000000 0.005585
59.4897960000000000 0.00666800000000000 0.004386
59.5918370000000000 0.01605900000000000 0.005368
59.6938780000000000 0.02419500000000000 0.006286
59.7959180000000000 0.02232400000000000 0.006165
59.8979590000000000 0.03592100000000000 0.007283
60.0000000000000000 0.03765500000000000 0.007783
