55.0000000000000000 0.42234500000000000 0.027543
55.1020410000000000 0.38497000000000000 0.025880
55.2040820000000000 0.40809700000000000 0.027173
55.3061220000000000 0.40175200000000000 0.026541
55.4081630000000000 0.44055800000000000 0.028546
55.5102040000000000 0.39824600000000000 0.027329
55.6122450000000000 0.36332400000000000 0.024752
55.7142860000000000 0.30426700000000000 0.021646
55.8163270000000000 0.29077200000000000 0.021753
55.9183670000000000 0.31102200000000000 0.022416
56.0204080000000000 0.32769200000000000 0.023678
56.1224490000000000 0.34775800000000000 0.024450
56.2244900000000000 0.33392000000000000 0.023206
56.3265310000000000 0.33550400000000000 0.024381
56.4285710000000000 0.26090500000000000 0.020139
56.5306120000000000 0.23577500000000000 0.019267
56.6326530000000000 0.20020000000000000 0.017275
56.7346940000000000 0.15676700000000000 0.014942
56.8367350000000000 0.12262300000000000 0.013370
56.9387760000000000 0.05865600000000000 0.008671
57.0408160000000000 0.01215500000000000 0.005052
57.1428570000000000 -0.0020450000000000 0.003058
57.2448980000000000 -0.0044230000000000 0.002791
57.3469390000000000 -0.0010360000000000 0.003480
57.4489800000000000 -0.0041950000000000 0.002647
57.5510200000000000 -0.0041540000000000 0.002621
57.6530610000000000 -0.0032000000000000 0.002932
57.7551020000000000 0.00444400000000000 0.004063
57.8571430000000000 -0.0009790000000000 0.003286
57.9591840000000000 -0.0042170000000000 0.002661
58.0612240000000000 -0.0009570000000000 0.003212
58.1632650000000000 0.00243200000000000 0.004011
58.2653060000000000 0.01011000000000000 0.004868
58.3673470000000000 0.02348600000000000 0.006286
58.4693880000000000 0.02857300000000000 0.006687
58.5714290000000000 0.04790900000000000 0.008240
58.6734690000000000 0.07462700000000000 0.010178
58.7755100000000000 0.07657600000000000 0.010135
58.8775510000000000 0.05643200000000000 0.008955
58.9795920000000000 0.03161500000000000 0.006923
59.0816330000000000 0.03561500000000000 0.007092
59.1836730000000000 0.06088700000000000 0.009374
59.2857140000000000 0.08829600000000000 0.011488
59.3877550000000000 0.14318700000000000 0.014223
59.4897960000000000 0.17377000000000000 0.015933
59.5918370000000000 0.18935100000000000 0.016534
59.6938780000000000 0.18071800000000000 0.016317
59.7959180000000000 0.20442300000000000 0.017667
59.8979590000000000 0.22580700000000000 0.018552
60.0000000000000000 0.23235200000000000 0.019590
