55.0000000000000000 0.38309200000000000 0.025771
55.1020410000000000 0.39453800000000000 0.026315
55.2040820000000000 0.36360900000000000 0.025135
55.3061220000000000 0.35115200000000000 0.024241
55.4081630000000000 0.35440700000000000 0.024626
55.5102040000000000 0.33436300000000000 0.024327
55.6122450000000000 0.29089100000000000 0.021397
55.7142860000000000 0.21231200000000000 0.017277
55.8163270000000000 0.18191100000000000 0.016336
55.9183670000000000 0.15556700000000000 0.014720
56.0204080000000000 0.14287700000000000 0.014355
56.1224490000000000 0.06441200000000000 0.009454
56.2244900000000000 0.00010800000000000 0.003264
56.3265310000000000 0.00126000000000000 0.003791
56.4285710000000000 -0.0041630000000000 0.002627
56.5306120000000000 0.00345100000000000 0.004018
56.6326530000000000 -0.0031480000000000 0.002884
56.7346940000000000 0.00443500000000000 0.004055
56.8367350000000000 0.00352200000000000 0.004100
56.9387760000000000 -0.0019130000000000 0.002861
57.0408160000000000 -0.0031690000000000 0.002903
57.1428570000000000 0.00119200000000000 0.003586
57.2448980000000000 0.00693300000000000 0.004561
57.3469390000000000 0.02791200000000000 0.006868
57.4489800000000000 0.06257200000000000 0.009264
57.5510200000000000 0.08756900000000000 0.010862
57.6530610000000000 0.10955600000000000 0.012426
57.7551020000000000 0.14086600000000000 0.014087
57.8571430000000000 0.15646600000000000 0.015014
57.9591840000000000 0.18634000000000000 0.016524
58.0612240000000000 0.20746400000000000 0.017500
58.1632650000000000 0.19536000000000000 0.017533
58.2653060000000000 0.22885100000000000 0.018910
58.3673470000000000 0.24160200000000000 0.019568
58.4693880000000000 0.24967500000000000 0.019814
58.5714290000000000 0.25103500000000000 0.019810
58.6734690000000000 0.21488400000000000 0.018088
58.7755100000000000 0.22101000000000000 0.018125
58.8775510000000000 0.13483200000000000 0.013887
58.9795920000000000 0.07615100000000000 0.010231
59.0816330000000000 0.08365100000000000 0.010496
59.1836730000000000 0.12390700000000000 0.013391
59.2857140000000000 0.18704900000000000 0.017239
59.3877550000000000 0.24290400000000000 0.019390
59.4897960000000000 0.26551200000000000 0.020568
59.5918370000000000 0.29779200000000000 0.021848
59.6938780000000000 0.28251200000000000 0.021411
59.7959180000000000 0.27659700000000000 0.021267
59.8979590000000000 0.28874000000000000 0.021623
60.0000000000000000 0.30507000000000000 0.023220
