55.0000000000000000 0.35126500000000000 0.024316
55.1020410000000000 0.40729600000000000 0.026892
55.2040820000000000 0.33973800000000000 0.024028
55.3061220000000000 0.34061000000000000 0.023756
55.4081630000000000 0.35225300000000000 0.024526
55.5102040000000000 0.36402300000000000 0.025730
55.6122450000000000 0.33918000000000000 0.023645
55.7142860000000000 0.29719400000000000 0.021319
55.8163270000000000 0.29294900000000000 0.021857
55.9183670000000000 0.31102200000000000 0.022416
56.0204080000000000 0.32437200000000000 0.023521
56.1224490000000000 0.34775800000000000 0.024450
56.2244900000000000 0.33598100000000000 0.023300
56.3265310000000000 0.36858600000000000 0.025944
56.4285710000000000 0.35496200000000000 0.024568
56.5306120000000000 0.36027400000000000 0.025255
56.6326530000000000 0.35570100000000000 0.024794
56.7346940000000000 0.36527900000000000 0.025163
56.8367350000000000 0.33587000000000000 0.024335
56.9387760000000000 0.37866200000000000 0.025010
57.0408160000000000 0.36022600000000000 0.025077
57.1428570000000000 0.41129100000000000 0.027252
57.2448980000000000 0.38167400000000000 0.026503
57.3469390000000000 0.40887200000000000 0.028009
57.4489800000000000 0.36086900000000000 0.024924
57.5510200000000000 0.37766900000000000 0.025585
57.6530610000000000 0.37486400000000000 0.025869
57.7551020000000000 0.39097300000000000 0.026366
57.8571430000000000 0.35108500000000000 0.024641
57.9591840000000000 0.38231100000000000 0.025970
58.0612240000000000 0.37740700000000000 0.025597
58.1632650000000000 0.35478600000000000 0.025441
58.2653060000000000 0.38097100000000000 0.026204
58.3673470000000000 0.38515700000000000 0.026424
58.4693880000000000 0.38430600000000000 0.026189
58.5714290000000000 0.37486700000000000 0.025666
58.6734690000000000 0.28830000000000000 0.021700
58.7755100000000000 0.28048300000000000 0.021017
58.8775510000000000 0.19998200000000000 0.017392
58.9795920000000000 0.12611800000000000 0.013279
59.0816330000000000 0.09305000000000000 0.011080
59.1836730000000000 0.16892200000000000 0.015908
59.2857140000000000 0.25170800000000000 0.020597
59.3877550000000000 0.33503400000000000 0.023797
59.4897960000000000 0.36926900000000000 0.025471
59.5918370000000000 0.37008600000000000 0.025202
59.6938780000000000 0.36788800000000000 0.025432
59.7959180000000000 0.36431500000000000 0.025431
59.8979590000000000 0.36686500000000000 0.025285
60.0000000000000000 0.33087300000000000 0.024471
