55.0000000000000000 0.37566600000000000 0.025433
55.1020410000000000 0.40729600000000000 0.026892
55.2040820000000000 0.36143900000000000 0.025035
55.3061220000000000 0.35853100000000000 0.024579
55.4081630000000000 0.35763800000000000 0.024775
55.5102040000000000 0.38912000000000000 0.026905
55.6122450000000000 0.32763300000000000 0.023112
55.7142860000000000 0.33357200000000000 0.022988
55.8163270000000000 0.27553100000000000 0.021021
55.9183670000000000 0.30996500000000000 0.022367
56.0204080000000000 0.33433200000000000 0.023991
56.1224490000000000 0.37936200000000000 0.025911
56.2244900000000000 0.38852500000000000 0.025681
56.3265310000000000 0.37885300000000000 0.026425
56.4285710000000000 0.35282400000000000 0.024469
56.5306120000000000 0.32914900000000000 0.023795
56.6326530000000000 0.36331300000000000 0.025146
56.7346940000000000 0.35231500000000000 0.024565
56.8367350000000000 0.35288400000000000 0.025140
56.9387760000000000 0.38572800000000000 0.025326
57.0408160000000000 0.36132100000000000 0.025128
57.1428570000000000 0.38215200000000000 0.025925
57.2448980000000000 0.34874200000000000 0.024957
57.3469390000000000 0.41582000000000000 0.028332
57.4489800000000000 0.35656100000000000 0.024725
57.5510200000000000 0.36060400000000000 0.024804
57.6530610000000000 0.41023900000000000 0.027497
57.7551020000000000 0.39313800000000000 0.026465
57.8571430000000000 0.36639200000000000 0.025351
57.9591840000000000 0.35307800000000000 0.024624
58.0612240000000000 0.37206300000000000 0.025353
58.1632650000000000 0.38135700000000000 0.026694
58.2653060000000000 0.40762000000000000 0.027431
58.3673470000000000 0.38738300000000000 0.026526
58.4693880000000000 0.34818600000000000 0.024518
58.5714290000000000 0.34879700000000000 0.024462
58.6734690000000000 0.33322700000000000 0.023831
58.7755100000000000 0.27942100000000000 0.020967
58.8775510000000000 0.20439900000000000 0.017619
58.9795920000000000 0.10113400000000000 0.011808
59.0816330000000000 0.09722700000000000 0.011334
59.1836730000000000 0.16217000000000000 0.015543
59.2857140000000000 0.23289800000000000 0.019640
59.3877550000000000 0.31335700000000000 0.022780
59.4897960000000000 0.36926900000000000 0.025471
59.5918370000000000 0.35732800000000000 0.024618
59.6938780000000000 0.38430600000000000 0.026189
59.7959180000000000 0.33322500000000000 0.023975
59.8979590000000000 0.35818400000000000 0.024885
60.0000000000000000 0.37427000000000000 0.026543
