55.0000000000000000 0.40218800000000000 0.026636
55.1020410000000000 0.42643200000000000 0.027753
55.2040820000000000 0.37988500000000000 0.025884
55.3061220000000000 0.38488500000000000 0.025779
55.4081630000000000 0.35656100000000000 0.024725
55.5102040000000000 0.31953300000000000 0.023619
55.6122450000000000 0.30873700000000000 0.022234
55.7142860000000000 0.23858500000000000 0.018555
55.8163270000000000 0.19824000000000000 0.017183
55.9183670000000000 0.19363800000000000 0.016711
56.0204080000000000 0.18271800000000000 0.016511
56.1224490000000000 0.14287700000000000 0.014245
56.2244900000000000 0.11962100000000000 0.012561
56.3265310000000000 0.05715800000000000 0.009174
56.4285710000000000 0.02683300000000000 0.006432
56.5306120000000000 0.01456700000000000 0.005377
56.6326530000000000 0.00446400000000000 0.004081
56.7346940000000000 0.00011300000000000 0.003423
56.8367350000000000 -0.0010150000000000 0.003409
56.9387760000000000 0.00010600000000000 0.003198
57.0408160000000000 0.00449300000000000 0.004108
57.1428570000000000 -0.0031240000000000 0.002862
57.2448980000000000 0.00011900000000000 0.003597
57.3469390000000000 -0.0021940000000000 0.003282
57.4489800000000000 0.00442100000000000 0.004041
57.5510200000000000 -0.0020210000000000 0.003023
57.6530610000000000 0.00232700000000000 0.003838
57.7551020000000000 0.00227900000000000 0.003759
57.8571430000000000 0.00558200000000000 0.004249
57.9591840000000000 -0.0020520000000000 0.003068
58.0612240000000000 0.00545600000000000 0.004154
58.1632650000000000 0.00358700000000000 0.004176
58.2653060000000000 0.00788900000000000 0.004599
58.3673470000000000 0.01680900000000000 0.005620
58.4693880000000000 0.04608600000000000 0.008137
58.5714290000000000 0.04356400000000000 0.007905
58.6734690000000000 0.06695600000000000 0.009659
58.7755100000000000 0.04153000000000000 0.007642
58.8775510000000000 0.04318100000000000 0.007951
58.9795920000000000 0.02835600000000000 0.006636
59.0816330000000000 0.02830500000000000 0.006470
59.1836730000000000 0.04288200000000000 0.008016
59.2857140000000000 0.08712000000000000 0.011411
59.3877550000000000 0.11283800000000000 0.012494
59.4897960000000000 0.13772800000000000 0.013973
59.5918370000000000 0.13725700000000000 0.013759
59.6938780000000000 0.16539400000000000 0.015504
59.7959180000000000 0.15556700000000000 0.015080
59.8979590000000000 0.17589400000000000 0.015995
60.0000000000000000 0.17019000000000000 0.016307
