55.0000000000000000 0.36293500000000000 0.024851
55.1020410000000000 0.38390600000000000 0.025832
55.2040820000000000 0.35926900000000000 0.024935
55.3061220000000000 0.33850200000000000 0.023659
55.4081630000000000 0.35225300000000000 0.024526
55.5102040000000000 0.35033400000000000 0.025085
55.6122450000000000 0.35492600000000000 0.024368
55.7142860000000000 0.31538300000000000 0.022157
55.8163270000000000 0.30056900000000000 0.022220
55.9183670000000000 0.27612400000000000 0.020769
56.0204080000000000 0.35203900000000000 0.024821
56.1224490000000000 0.33468000000000000 0.023840
56.2244900000000000 0.34319200000000000 0.023630
56.3265310000000000 0.35489700000000000 0.025300
56.4285710000000000 0.37313200000000000 0.025402
56.5306120000000000 0.38472900000000000 0.026391
56.6326530000000000 0.40681000000000000 0.027140
56.7346940000000000 0.35771700000000000 0.024815
56.8367350000000000 0.34267500000000000 0.024658
56.9387760000000000 0.38068100000000000 0.025100
57.0408160000000000 0.37336100000000000 0.025685
57.1428570000000000 0.35409300000000000 0.024635
57.2448980000000000 0.35328500000000000 0.025172
57.3469390000000000 0.33244900000000000 0.024402
57.4489800000000000 0.35117700000000000 0.024476
57.5510200000000000 0.36167100000000000 0.024853
57.6530610000000000 0.37928600000000000 0.026074
57.7551020000000000 0.40613100000000000 0.027057
57.8571430000000000 0.40575400000000000 0.027158
57.9591840000000000 0.36715300000000000 0.025274
58.0612240000000000 0.36351300000000000 0.024961
58.1632650000000000 0.40677200000000000 0.027882
58.2653060000000000 0.33655600000000000 0.024132
58.3673470000000000 0.34509500000000000 0.024558
58.4693880000000000 0.37007700000000000 0.025533
58.5714290000000000 0.36074600000000000 0.025015
58.6734690000000000 0.39458900000000000 0.026674
58.7755100000000000 0.31340600000000000 0.022571
58.8775510000000000 0.21654500000000000 0.018239
58.9795920000000000 0.10222100000000000 0.011874
59.0816330000000000 0.09618200000000000 0.011271
59.1836730000000000 0.13178500000000000 0.013847
59.2857140000000000 0.25053300000000000 0.020538
59.3877550000000000 0.32527900000000000 0.023341
59.4897960000000000 0.39111200000000000 0.026476
59.5918370000000000 0.37433800000000000 0.025396
59.6938780000000000 0.36132100000000000 0.025128
59.7959180000000000 0.35210100000000000 0.024861
59.8979590000000000 0.36795000000000000 0.025335
60.0000000000000000 0.36606000000000000 0.026153
