55.0000000000000000 0.37672700000000000 0.025481
55.1020410000000000 0.36689600000000000 0.025056
55.2040820000000000 0.37663000000000000 0.025735
55.3061220000000000 0.41545700000000000 0.027158
55.4081630000000000 0.38132900000000000 0.025863
55.5102040000000000 0.36516400000000000 0.025784
55.6122450000000000 0.33918000000000000 0.023645
55.7142860000000000 0.31134100000000000 0.021971
55.8163270000000000 0.28424000000000000 0.021440
55.9183670000000000 0.31208000000000000 0.022466
56.0204080000000000 0.36089300000000000 0.025234
56.1224490000000000 0.35865600000000000 0.024955
56.2244900000000000 0.34731400000000000 0.023818
56.3265310000000000 0.34234800000000000 0.024706
56.4285710000000000 0.37206300000000000 0.025353
56.5306120000000000 0.37250200000000000 0.025824
56.6326530000000000 0.36875000000000000 0.025397
56.7346940000000000 0.37824400000000000 0.025759
56.8367350000000000 0.33473500000000000 0.024281
56.9387760000000000 0.33424500000000000 0.023008
57.0408160000000000 0.38649600000000000 0.026290
57.1428570000000000 0.38431100000000000 0.026024
57.2448980000000000 0.36918300000000000 0.025919
57.3469390000000000 0.38571400000000000 0.026927
57.4489800000000000 0.37917600000000000 0.025764
57.5510200000000000 0.36593700000000000 0.025048
57.6530610000000000 0.37375900000000000 0.025818
57.7551020000000000 0.34333300000000000 0.024172
57.8571430000000000 0.36529900000000000 0.025300
57.9591840000000000 0.33467200000000000 0.023769
58.0612240000000000 0.38702700000000000 0.026036
58.1632650000000000 0.36980400000000000 0.026151
58.2653060000000000 0.34321900000000000 0.024445
58.3673470000000000 0.35844900000000000 0.025183
58.4693880000000000 0.36460400000000000 0.025280
58.5714290000000000 0.34336600000000000 0.024209
58.6734690000000000 0.33432200000000000 0.023882
58.7755100000000000 0.29428900000000000 0.021672
58.8775510000000000 0.19556500000000000 0.017163
58.9795920000000000 0.13589400000000000 0.013832
59.0816330000000000 0.09827100000000000 0.011397
59.1836730000000000 0.15541700000000000 0.015173
59.2857140000000000 0.22466900000000000 0.019217
59.3877550000000000 0.29601400000000000 0.021959
59.4897960000000000 0.39766500000000000 0.026775
59.5918370000000000 0.37859100000000000 0.025590
59.6938780000000000 0.34271300000000000 0.024263
59.7959180000000000 0.36209500000000000 0.025327
59.8979590000000000 0.36903500000000000 0.025385
60.0000000000000000 0.35902200000000000 0.025819
