55.0000000000000000 0.41067500000000000 0.027019
55.1020410000000000 0.37965400000000000 0.025639
55.2040820000000000 0.34624800000000000 0.024331
55.3061220000000000 0.37329000000000000 0.025253
55.4081630000000000 0.37809900000000000 0.025715
55.5102040000000000 0.34577100000000000 0.024869
55.6122450000000000 0.30243800000000000 0.021940
55.7142860000000000 0.29113100000000000 0.021037
55.8163270000000000 0.32451900000000000 0.023351
55.9183670000000000 0.33428800000000000 0.023498
56.0204080000000000 0.33765200000000000 0.024147
56.1224490000000000 0.34230900000000000 0.024196
56.2244900000000000 0.36585900000000000 0.024660
56.3265310000000000 0.37999400000000000 0.026479
56.4285710000000000 0.33893000000000000 0.023827
56.5306120000000000 0.37583600000000000 0.025979
56.6326530000000000 0.36331300000000000 0.025146
56.7346940000000000 0.39877100000000000 0.026696
56.8367350000000000 0.35061500000000000 0.025033
56.9387760000000000 0.35746300000000000 0.024059
57.0408160000000000 0.37445500000000000 0.025735
57.1428570000000000 0.38107300000000000 0.025876
57.2448980000000000 0.35669200000000000 0.025332
57.3469390000000000 0.35560700000000000 0.025506
57.4489800000000000 0.38456000000000000 0.026010
57.5510200000000000 0.34673900000000000 0.024165
57.6530610000000000 0.39255200000000000 0.026685
57.7551020000000000 0.32709300000000000 0.023414
57.8571430000000000 0.37513900000000000 0.025754
57.9591840000000000 0.38880700000000000 0.026268
58.0612240000000000 0.35496200000000000 0.024568
58.1632650000000000 0.36518300000000000 0.025933
58.2653060000000000 0.37986100000000000 0.026152
58.3673470000000000 0.32729000000000000 0.023719
58.4693880000000000 0.37445500000000000 0.025735
58.5714290000000000 0.34771100000000000 0.024411
58.6734690000000000 0.35075900000000000 0.024650
58.7755100000000000 0.29216500000000000 0.021572
58.8775510000000000 0.18783500000000000 0.016761
58.9795920000000000 0.13372200000000000 0.013710
59.0816330000000000 0.08887300000000000 0.010823
59.1836730000000000 0.14754000000000000 0.014737
59.2857140000000000 0.24465500000000000 0.020240
59.3877550000000000 0.30902100000000000 0.022576
59.4897960000000000 0.38237500000000000 0.026075
59.5918370000000000 0.34138100000000000 0.023883
59.6938780000000000 0.34052400000000000 0.024160
59.7959180000000000 0.39207500000000000 0.026716
59.8979590000000000 0.37988500000000000 0.025884
60.0000000000000000 0.36254100000000000 0.025986
