55.0000000000000000 0.35232600000000000 0.024364
55.1020410000000000 0.36689600000000000 0.025056
55.2040820000000000 0.37012000000000000 0.025435
55.3061220000000000 0.35220600000000000 0.024289
55.4081630000000000 0.36625300000000000 0.025171
55.5102040000000000 0.36858600000000000 0.025944
55.6122450000000000 0.35807500000000000 0.024512
55.7142860000000000 0.30527800000000000 0.021692
55.8163270000000000 0.30601200000000000 0.022478
55.9183670000000000 0.33217300000000000 0.023400
56.0204080000000000 0.35425300000000000 0.024924
56.1224490000000000 0.36628400000000000 0.025308
56.2244900000000000 0.38337400000000000 0.025450
56.3265310000000000 0.39710500000000000 0.027276
56.4285710000000000 0.37633900000000000 0.025548
56.5306120000000000 0.34582300000000000 0.024580
56.6326530000000000 0.38506100000000000 0.026147
56.7346940000000000 0.35231500000000000 0.024565
56.8367350000000000 0.39031600000000000 0.026891
56.9387760000000000 0.35847200000000000 0.024105
57.0408160000000000 0.33614600000000000 0.023956
57.1428570000000000 0.37999400000000000 0.025827
57.2448980000000000 0.36691200000000000 0.025812
57.3469390000000000 0.34866000000000000 0.025176
57.4489800000000000 0.36840700000000000 0.025270
57.5510200000000000 0.35633800000000000 0.024608
57.6530610000000000 0.35386100000000000 0.024893
57.7551020000000000 0.32492700000000000 0.023313
57.8571430000000000 0.34780500000000000 0.024488
57.9591840000000000 0.37364900000000000 0.025573
58.0612240000000000 0.37206300000000000 0.025353
58.1632650000000000 0.34669900000000000 0.025057
58.2653060000000000 0.37541900000000000 0.025947
58.3673470000000000 0.37180300000000000 0.025805
58.4693880000000000 0.36351000000000000 0.025230
58.5714290000000000 0.36183200000000000 0.025066
58.6734690000000000 0.37377000000000000 0.025717
58.7755100000000000 0.28260700000000000 0.021118
58.8775510000000000 0.20992000000000000 0.017902
58.9795920000000000 0.10765200000000000 0.012201
59.0816330000000000 0.09409400000000000 0.011144
59.1836730000000000 0.15429200000000000 0.015111
59.2857140000000000 0.22114200000000000 0.019035
59.3877550000000000 0.31335700000000000 0.022780
59.4897960000000000 0.35834700000000000 0.024966
59.5918370000000000 0.31692800000000000 0.022747
59.6938780000000000 0.33395700000000000 0.023853
59.7959180000000000 0.39984700000000000 0.027074
59.8979590000000000 0.33431300000000000 0.023775
60.0000000000000000 0.37896100000000000 0.026764
