55.0000000000000000 0.34383900000000000 0.023974
55.1020410000000000 0.27546600000000000 0.020788
55.2040820000000000 0.25835900000000000 0.020157
55.3061220000000000 0.24468000000000000 0.019225
55.4081630000000000 0.21333600000000000 0.017860
55.5102040000000000 0.13929300000000000 0.014372
55.6122450000000000 0.12188100000000000 0.012811
55.7142860000000000 0.07185200000000000 0.009563
55.8163270000000000 0.03821500000000000 0.007487
55.9183670000000000 0.01703100000000000 0.005449
56.0204080000000000 0.00786300000000000 0.004584
56.1224490000000000 0.00011400000000000 0.003452
56.2244900000000000 0.00010800000000000 0.003264
56.3265310000000000 -0.0033030000000000 0.003026
56.4285710000000000 -0.0009570000000000 0.003212
56.5306120000000000 -0.0009950000000000 0.003341
56.6326530000000000 -0.0020610000000000 0.003082
56.7346940000000000 0.00011300000000000 0.003423
56.8367350000000000 -0.0021500000000000 0.003215
56.9387760000000000 0.00313400000000000 0.003649
57.0408160000000000 0.00120900000000000 0.003637
57.1428570000000000 0.00658800000000000 0.004334
57.2448980000000000 -0.0044230000000000 0.002791
57.3469390000000000 -0.0033520000000000 0.003071
57.4489800000000000 0.00119000000000000 0.003579
57.5510200000000000 0.00331200000000000 0.003855
57.6530610000000000 0.00343200000000000 0.003996
57.7551020000000000 -0.0009690000000000 0.003254
57.8571430000000000 -0.0009790000000000 0.003286
57.9591840000000000 0.00011400000000000 0.003430
58.0612240000000000 -0.0020260000000000 0.003029
58.1632650000000000 0.00243200000000000 0.004011
58.2653060000000000 -0.0043250000000000 0.002729
58.3673470000000000 0.00456800000000000 0.004176
58.4693880000000000 -0.0053580000000000 0.002460
58.5714290000000000 0.00120000000000000 0.003610
58.6734690000000000 0.00121100000000000 0.003641
58.7755100000000000 0.00011100000000000 0.003364
58.8775510000000000 0.00122000000000000 0.003669
58.9795920000000000 -0.0031450000000000 0.002881
59.0816330000000000 0.00324200000000000 0.003775
59.1836730000000000 0.00349400000000000 0.004068
59.2857140000000000 -0.0010520000000000 0.003533
59.3877550000000000 0.00878500000000000 0.004622
59.4897960000000000 0.00885200000000000 0.004658
59.5918370000000000 0.01818500000000000 0.005586
59.6938780000000000 0.02419500000000000 0.006286
59.7959180000000000 0.03564800000000000 0.007363
59.8979590000000000 0.04243100000000000 0.007811
60.0000000000000000 0.04703800000000000 0.008547
