55.0000000000000000 0.37672700000000000 0.025481
55.1020410000000000 0.40091700000000000 0.026603
55.2040820000000000 0.40484200000000000 0.027025
55.3061220000000000 0.31636400000000000 0.022633
55.4081630000000000 0.30271700000000000 0.022211
55.5102040000000000 0.31953300000000000 0.023619
55.6122450000000000 0.26464700000000000 0.020150
55.7142860000000000 0.22645900000000000 0.017969
55.8163270000000000 0.20368300000000000 0.017462
55.9183670000000000 0.19363800000000000 0.016711
56.0204080000000000 0.17275800000000000 0.015983
56.1224490000000000 0.15050600000000000 0.014665
56.2244900000000000 0.16083200000000000 0.014810
56.3265310000000000 0.13473000000000000 0.014112
56.4285710000000000 0.07920500000000000 0.010341
56.5306120000000000 0.06014300000000000 0.009256
56.6326530000000000 0.03273700000000000 0.007024
56.7346940000000000 0.02712300000000000 0.006502
56.8367350000000000 0.00352200000000000 0.004100
56.9387760000000000 0.00818200000000000 0.004304
57.0408160000000000 -0.0009800000000000 0.003290
57.1428570000000000 -0.0009660000000000 0.003243
57.2448980000000000 0.00011900000000000 0.003597
57.3469390000000000 0.00012100000000000 0.003668
57.4489800000000000 0.00119000000000000 0.003579
57.5510200000000000 0.00224500000000000 0.003703
57.6530610000000000 -0.0043060000000000 0.002717
57.7551020000000000 0.00119600000000000 0.003598
57.8571430000000000 0.00120800000000000 0.003633
57.9591840000000000 0.00119600000000000 0.003598
58.0612240000000000 0.00331900000000000 0.003864
58.1632650000000000 0.00358700000000000 0.004176
58.2653060000000000 0.00455800000000000 0.004167
58.3673470000000000 -0.0032220000000000 0.002952
58.4693880000000000 0.00120900000000000 0.003637
58.5714290000000000 0.00011400000000000 0.003441
58.6734690000000000 0.00011500000000000 0.003471
58.7755100000000000 0.00011100000000000 0.003364
58.8775510000000000 0.00453300000000000 0.004144
58.9795920000000000 -0.0020590000000000 0.003078
59.0816330000000000 -0.0009350000000000 0.003138
59.1836730000000000 0.00236900000000000 0.003907
59.2857140000000000 -0.0022280000000000 0.003332
59.3877550000000000 0.00661700000000000 0.004353
59.4897960000000000 0.00339100000000000 0.003948
59.5918370000000000 0.00436400000000000 0.003990
59.6938780000000000 0.00230400000000000 0.003800
59.7959180000000000 0.00566800000000000 0.004316
59.8979590000000000 0.01422000000000000 0.005248
60.0000000000000000 0.02240800000000000 0.006401
