55.0000000000000000 0.37672700000000000 0.025481
55.1020410000000000 0.35201200000000000 0.024373
55.2040820000000000 0.34950400000000000 0.024483
55.3061220000000000 0.39015600000000000 0.026018
55.4081630000000000 0.36840700000000000 0.025270
55.5102040000000000 0.35603800000000000 0.025354
55.6122450000000000 0.32238400000000000 0.022869
55.7142860000000000 0.31033000000000000 0.021925
55.8163270000000000 0.31036700000000000 0.022684
55.9183670000000000 0.29621700000000000 0.021721
56.0204080000000000 0.33875900000000000 0.024199
56.1224490000000000 0.34230900000000000 0.024196
56.2244900000000000 0.38234300000000000 0.025403
56.3265310000000000 0.35489700000000000 0.025300
56.4285710000000000 0.38595800000000000 0.025987
56.5306120000000000 0.38250600000000000 0.026288
56.6326530000000000 0.34808900000000000 0.024441
56.7346940000000000 0.36311900000000000 0.025064
56.8367350000000000 0.34154100000000000 0.024604
56.9387760000000000 0.36957600000000000 0.024603
57.0408160000000000 0.35475300000000000 0.024823
57.1428570000000000 0.39942000000000000 0.026713
57.2448980000000000 0.36236900000000000 0.025599
57.3469390000000000 0.39150300000000000 0.027198
57.4489800000000000 0.40179000000000000 0.026795
57.5510200000000000 0.35207200000000000 0.024411
57.6530610000000000 0.37597000000000000 0.025920
57.7551020000000000 0.36823600000000000 0.025324
57.8571430000000000 0.37951300000000000 0.025956
57.9591840000000000 0.38014600000000000 0.025871
58.0612240000000000 0.34641200000000000 0.024174
58.1632650000000000 0.37904600000000000 0.026586
58.2653060000000000 0.34321900000000000 0.024445
58.3673470000000000 0.35733600000000000 0.025131
58.4693880000000000 0.36241500000000000 0.025179
58.5714290000000000 0.35422800000000000 0.024714
58.6734690000000000 0.35952500000000000 0.025057
58.7755100000000000 0.30066200000000000 0.021973
58.8775510000000000 0.19004400000000000 0.016876
58.9795920000000000 0.11199700000000000 0.012458
59.0816330000000000 0.10035900000000000 0.011522
59.1836730000000000 0.15541700000000000 0.015173
59.2857140000000000 0.25758700000000000 0.020893
59.3877550000000000 0.33828600000000000 0.023949
59.4897960000000000 0.37254500000000000 0.025622
59.5918370000000000 0.38815900000000000 0.026025
59.6938780000000000 0.35803700000000000 0.024976
59.7959180000000000 0.34432900000000000 0.024497
59.8979590000000000 0.38422600000000000 0.026083
60.0000000000000000 0.36254100000000000 0.025986
