55.0000000000000000 0.37036100000000000 0.025191
55.1020410000000000 0.34031800000000000 0.023834
55.2040820000000000 0.33973800000000000 0.024028
55.3061220000000000 0.38804800000000000 0.025922
55.4081630000000000 0.35440700000000000 0.024626
55.5102040000000000 0.36744500000000000 0.025891
55.6122450000000000 0.30138900000000000 0.021890
55.7142860000000000 0.29012000000000000 0.020990
55.8163270000000000 0.28750600000000000 0.021596
55.9183670000000000 0.31736800000000000 0.022713
56.0204080000000000 0.32769200000000000 0.023678
56.1224490000000000 0.37500300000000000 0.025710
56.2244900000000000 0.39573700000000000 0.026004
56.3265310000000000 0.38683800000000000 0.026798
56.4285710000000000 0.33037900000000000 0.023430
56.5306120000000000 0.35693900000000000 0.025100
56.6326530000000000 0.40137300000000000 0.026893
56.7346940000000000 0.37932400000000000 0.025808
56.8367350000000000 0.33813800000000000 0.024443
56.9387760000000000 0.37563300000000000 0.024875
57.0408160000000000 0.38977900000000000 0.026440
57.1428570000000000 0.38862800000000000 0.026221
57.2448980000000000 0.35555600000000000 0.025279
57.3469390000000000 0.36950300000000000 0.026164
57.4489800000000000 0.38456000000000000 0.026010
57.5510200000000000 0.37660200000000000 0.025536
57.6530610000000000 0.36270500000000000 0.025305
57.7551020000000000 0.39205500000000000 0.026416
57.8571430000000000 0.38279300000000000 0.026107
57.9591840000000000 0.37581500000000000 0.025672
58.0612240000000000 0.39344000000000000 0.026327
58.1632650000000000 0.37558000000000000 0.026423
58.2653060000000000 0.40206800000000000 0.027176
58.3673470000000000 0.38070600000000000 0.026218
58.4693880000000000 0.37773900000000000 0.025887
58.5714290000000000 0.36291800000000000 0.025116
58.6734690000000000 0.32007800000000000 0.023212
58.7755100000000000 0.27623500000000000 0.020815
58.8775510000000000 0.19556500000000000 0.017163
58.9795920000000000 0.14132500000000000 0.014135
59.0816330000000000 0.08887300000000000 0.010823
59.1836730000000000 0.16329500000000000 0.015604
59.2857140000000000 0.24583000000000000 0.020300
59.3877550000000000 0.34587300000000000 0.024302
59.4897960000000000 0.33978000000000000 0.024102
59.5918370000000000 0.35626500000000000 0.024569
59.6938780000000000 0.35037500000000000 0.024620
59.7959180000000000 0.35654300000000000 0.025069
59.8979590000000000 0.35709900000000000 0.024834
60.0000000000000000 0.40007300000000000 0.027758
