55.0000000000000000 0.40006600000000000 0.026540
55.1020410000000000 0.36902200000000000 0.025153
55.2040820000000000 0.38531100000000000 0.026133
55.3061220000000000 0.35220600000000000 0.024289
55.4081630000000000 0.35010000000000000 0.024426
55.5102040000000000 0.33322200000000000 0.024273
55.6122450000000000 0.32763300000000000 0.023112
55.7142860000000000 0.31033000000000000 0.021925
55.8163270000000000 0.32887300000000000 0.023556
55.9183670000000000 0.31313800000000000 0.022515
56.0204080000000000 0.37417300000000000 0.025850
56.1224490000000000 0.38372100000000000 0.026111
56.2244900000000000 0.35452600000000000 0.024146
56.3265310000000000 0.36972700000000000 0.025998
56.4285710000000000 0.32610400000000000 0.023231
56.5306120000000000 0.34804600000000000 0.024684
56.6326530000000000 0.33504000000000000 0.023833
56.7346940000000000 0.36852000000000000 0.025312
56.8367350000000000 0.33587000000000000 0.024335
56.9387760000000000 0.35241500000000000 0.023831
57.0408160000000000 0.34818600000000000 0.024518
57.1428570000000000 0.39078600000000000 0.026320
57.2448980000000000 0.36009800000000000 0.025492
57.3469390000000000 0.37645000000000000 0.026491
57.4489800000000000 0.35440700000000000 0.024626
57.5510200000000000 0.35740500000000000 0.024657
57.6530610000000000 0.37928600000000000 0.026074
57.7551020000000000 0.34983000000000000 0.024474
57.8571430000000000 0.42543400000000000 0.028053
57.9591840000000000 0.34225100000000000 0.024122
58.0612240000000000 0.37740700000000000 0.025597
58.1632650000000000 0.37904600000000000 0.026586
58.2653060000000000 0.35654300000000000 0.025069
58.3673470000000000 0.31282300000000000 0.023032
58.4693880000000000 0.38868500000000000 0.026390
58.5714290000000000 0.36291800000000000 0.025116
58.6734690000000000 0.32884400000000000 0.023625
58.7755100000000000 0.28791700000000000 0.021371
58.8775510000000000 0.16795900000000000 0.015709
58.9795920000000000 0.13480800000000000 0.013771
59.0816330000000000 0.09827100000000000 0.011397
59.1836730000000000 0.16104400000000000 0.015481
59.2857140000000000 0.26816700000000000 0.021423
59.3877550000000000 0.34695700000000000 0.024352
59.4897960000000000 0.33978000000000000 0.024102
59.5918370000000000 0.41580100000000000 0.027275
59.6938780000000000 0.39853600000000000 0.026841
59.7959180000000000 0.35876400000000000 0.025172
59.8979590000000000 0.40267200000000000 0.026926
60.0000000000000000 0.36488700000000000 0.026098
