55.0000000000000000 0.40218800000000000 0.026636
55.1020410000000000 0.39134800000000000 0.026170
55.2040820000000000 0.38639600000000000 0.026183
55.3061220000000000 0.36169400000000000 0.024724
55.4081630000000000 0.34579200000000000 0.024227
55.5102040000000000 0.36972700000000000 0.025998
55.6122450000000000 0.35597600000000000 0.024416
55.7142860000000000 0.28911000000000000 0.020944
55.8163270000000000 0.29403800000000000 0.021909
55.9183670000000000 0.33534500000000000 0.023547
56.0204080000000000 0.32326600000000000 0.023469
56.1224490000000000 0.37173300000000000 0.025560
56.2244900000000000 0.38646400000000000 0.025589
56.3265310000000000 0.38227500000000000 0.026585
56.4285710000000000 0.37099400000000000 0.025304
56.5306120000000000 0.37472500000000000 0.025927
56.6326530000000000 0.38288600000000000 0.026047
56.7346940000000000 0.42253900000000000 0.027775
56.8367350000000000 0.37670400000000000 0.026257
56.9387760000000000 0.38169000000000000 0.025145
57.0408160000000000 0.38430600000000000 0.026189
57.1428570000000000 0.35841000000000000 0.024834
57.2448980000000000 0.36464100000000000 0.025706
57.3469390000000000 0.38687200000000000 0.026981
57.4489800000000000 0.37809900000000000 0.025715
57.5510200000000000 0.37873500000000000 0.025633
57.6530610000000000 0.32069700000000000 0.023335
57.7551020000000000 0.39097300000000000 0.026366
57.8571430000000000 0.38060600000000000 0.026006
57.9591840000000000 0.37364900000000000 0.025573
58.0612240000000000 0.38809600000000000 0.026084
58.1632650000000000 0.36749400000000000 0.026042
58.2653060000000000 0.34543900000000000 0.024549
58.3673470000000000 0.39739800000000000 0.026988
58.4693880000000000 0.38540100000000000 0.026239
58.5714290000000000 0.36400400000000000 0.025166
58.6734690000000000 0.37705700000000000 0.025868
58.7755100000000000 0.29641300000000000 0.021773
58.8775510000000000 0.19556500000000000 0.017163
58.9795920000000000 0.12829000000000000 0.013402
59.0816330000000000 0.09305000000000000 0.011080
59.1836730000000000 0.15991900000000000 0.015420
59.2857140000000000 0.21291300000000000 0.018607
59.3877550000000000 0.29926600000000000 0.022113
59.4897960000000000 0.38565100000000000 0.026225
59.5918370000000000 0.34988600000000000 0.024275
59.6938780000000000 0.36132100000000000 0.025128
59.7959180000000000 0.38541200000000000 0.026409
59.8979590000000000 0.37771500000000000 0.025785
60.0000000000000000 0.35902200000000000 0.025819
