55.0000000000000000 0.39582200000000000 0.026348
55.1020410000000000 0.36689600000000000 0.025056
55.2040820000000000 0.36578000000000000 0.025235
55.3061220000000000 0.36591000000000000 0.024916
55.4081630000000000 0.41363600000000000 0.027332
55.5102040000000000 0.34348900000000000 0.024760
55.6122450000000000 0.35492600000000000 0.024368
55.7142860000000000 0.29820400000000000 0.021366
55.8163270000000000 0.29948100000000000 0.022168
55.9183670000000000 0.31631000000000000 0.022663
56.0204080000000000 0.35314600000000000 0.024872
56.1224490000000000 0.37391300000000000 0.025660
56.2244900000000000 0.41840300000000000 0.027016
56.3265310000000000 0.39368300000000000 0.027117
56.4285710000000000 0.37633900000000000 0.025548
56.5306120000000000 0.34915800000000000 0.024736
56.6326530000000000 0.36875000000000000 0.025397
56.7346940000000000 0.39553000000000000 0.026549
56.8367350000000000 0.36195800000000000 0.025567
56.9387760000000000 0.39784200000000000 0.025865
57.0408160000000000 0.37555000000000000 0.025786
57.1428570000000000 0.40481600000000000 0.026958
57.2448980000000000 0.36350500000000000 0.025653
57.3469390000000000 0.35676500000000000 0.025561
57.4489800000000000 0.34686900000000000 0.024277
57.5510200000000000 0.37873500000000000 0.025633
57.6530610000000000 0.33617400000000000 0.024065
57.7551020000000000 0.37364900000000000 0.025573
57.8571430000000000 0.36201900000000000 0.025148
57.9591840000000000 0.36931800000000000 0.025374
58.0612240000000000 0.38168300000000000 0.025792
58.1632650000000000 0.38251200000000000 0.026748
58.2653060000000000 0.39429500000000000 0.026819
58.3673470000000000 0.35622400000000000 0.025079
58.4693880000000000 0.32520000000000000 0.023442
58.5714290000000000 0.34336600000000000 0.024209
58.6734690000000000 0.37486600000000000 0.025767
58.7755100000000000 0.31659200000000000 0.022720
58.8775510000000000 0.19225200000000000 0.016991
58.9795920000000000 0.12829000000000000 0.013402
59.0816330000000000 0.09513800000000000 0.011207
59.1836730000000000 0.16217000000000000 0.015543
59.2857140000000000 0.23054700000000000 0.019520
59.3877550000000000 0.28951100000000000 0.021649
59.4897960000000000 0.30046200000000000 0.022248
59.5918370000000000 0.35307500000000000 0.024422
59.6938780000000000 0.35694200000000000 0.024925
59.7959180000000000 0.37541900000000000 0.025947
59.8979590000000000 0.38965100000000000 0.026332
60.0000000000000000 0.33087300000000000 0.024471
