55.0000000000000000 0.32156000000000000 0.022941
55.1020410000000000 0.38390600000000000 0.025832
55.2040820000000000 0.32997300000000000 0.023572
55.3061220000000000 0.27735900000000000 0.020797
55.4081630000000000 0.27364100000000000 0.020825
55.5102040000000000 0.26135400000000000 0.020785
55.6122450000000000 0.20901100000000000 0.017428
55.7142860000000000 0.14763900000000000 0.013973
55.8163270000000000 0.11659500000000000 0.012743
55.9183670000000000 0.10586300000000000 0.011927
56.0204080000000000 0.06319700000000000 0.009450
56.1224490000000000 0.02409000000000000 0.006258
56.2244900000000000 0.02277400000000000 0.005914
56.3265310000000000 0.00468300000000000 0.004281
56.4285710000000000 0.00225000000000000 0.003711
56.5306120000000000 0.00234000000000000 0.003859
56.6326530000000000 -0.0031480000000000 0.002884
56.7346940000000000 0.00119400000000000 0.003590
56.8367350000000000 0.00011900000000000 0.003593
56.9387760000000000 0.00111500000000000 0.003355
57.0408160000000000 0.00230400000000000 0.003800
57.1428570000000000 -0.0020450000000000 0.003058
57.2448980000000000 0.00011900000000000 0.003597
57.3469390000000000 -0.0010360000000000 0.003480
57.4489800000000000 -0.0020410000000000 0.003052
57.5510200000000000 -0.0009550000000000 0.003205
57.6530610000000000 -0.0020950000000000 0.003133
57.7551020000000000 -0.0042170000000000 0.002661
57.8571430000000000 0.00448800000000000 0.004103
57.9591840000000000 -0.0009690000000000 0.003254
58.0612240000000000 0.00759400000000000 0.004427
58.1632650000000000 0.00012100000000000 0.003660
58.2653060000000000 0.01122000000000000 0.004998
58.3673470000000000 0.01458400000000000 0.005383
58.4693880000000000 0.01981700000000000 0.005862
58.5714290000000000 0.02835600000000000 0.006636
58.6734690000000000 0.02750900000000000 0.006596
58.7755100000000000 0.03091000000000000 0.006767
58.8775510000000000 0.01115800000000000 0.004970
58.9795920000000000 0.00880400000000000 0.004632
59.0816330000000000 0.01159700000000000 0.004819
59.1836730000000000 0.02825200000000000 0.006776
59.2857140000000000 0.04244600000000000 0.008191
59.3877550000000000 0.08574100000000000 0.010839
59.4897960000000000 0.10824000000000000 0.012270
59.5918370000000000 0.12131000000000000 0.012861
59.6938780000000000 0.11066600000000000 0.012429
59.7959180000000000 0.12558700000000000 0.013397
59.8979590000000000 0.11513000000000000 0.012636
60.0000000000000000 0.15377000000000000 0.015397
