55.0000000000000000 0.37672700000000000 0.025481
55.1020410000000000 0.31905500000000000 0.022846
55.2040820000000000 0.38639600000000000 0.026183
55.3061220000000000 0.35220600000000000 0.024289
55.4081630000000000 0.35225300000000000 0.024526
55.5102040000000000 0.32751900000000000 0.024001
55.6122450000000000 0.36332400000000000 0.024752
55.7142860000000000 0.29820400000000000 0.021366
55.8163270000000000 0.30601200000000000 0.022478
55.9183670000000000 0.31208000000000000 0.022466
56.0204080000000000 0.37085300000000000 0.025696
56.1224490000000000 0.35211700000000000 0.024652
56.2244900000000000 0.34319200000000000 0.023630
56.3265310000000000 0.35375600000000000 0.025246
56.4285710000000000 0.38382000000000000 0.025890
56.5306120000000000 0.35805100000000000 0.025152
56.6326530000000000 0.35678800000000000 0.024844
56.7346940000000000 0.34691300000000000 0.024314
56.8367350000000000 0.35855600000000000 0.025407
56.9387760000000000 0.37260500000000000 0.024739
57.0408160000000000 0.38321200000000000 0.026139
57.1428570000000000 0.37351900000000000 0.025530
57.2448980000000000 0.37145400000000000 0.026025
57.3469390000000000 0.36371300000000000 0.025890
57.4489800000000000 0.33502300000000000 0.023727
57.5510200000000000 0.35740500000000000 0.024657
57.6530610000000000 0.35828300000000000 0.025099
57.7551020000000000 0.35740900000000000 0.024825
57.8571430000000000 0.38498000000000000 0.026207
57.9591840000000000 0.36282200000000000 0.025074
58.0612240000000000 0.38916500000000000 0.026133
58.1632650000000000 0.33514600000000000 0.024506
58.2653060000000000 0.37319800000000000 0.025844
58.3673470000000000 0.37959300000000000 0.026166
58.4693880000000000 0.38321200000000000 0.026139
58.5714290000000000 0.37378100000000000 0.025616
58.6734690000000000 0.34199300000000000 0.024241
58.7755100000000000 0.26880100000000000 0.020459
58.8775510000000000 0.19114800000000000 0.016934
58.9795920000000000 0.11851400000000000 0.012840
59.0816330000000000 0.11289100000000000 0.012261
59.1836730000000000 0.15991900000000000 0.015420
59.2857140000000000 0.24935700000000000 0.020478
59.3877550000000000 0.31335700000000000 0.022780
59.4897960000000000 0.33978000000000000 0.024102
59.5918370000000000 0.37114900000000000 0.025251
59.6938780000000000 0.38321200000000000 0.026139
59.7959180000000000 0.39096400000000000 0.026665
59.8979590000000000 0.37988500000000000 0.025884
60.0000000000000000 0.34494800000000000 0.025147
