55.0000000000000000 0.39051800000000000 0.026108
55.1020410000000000 0.37114900000000000 0.025251
55.2040820000000000 0.39616100000000000 0.026629
55.3061220000000000 0.38172300000000000 0.025636
55.4081630000000000 0.38348300000000000 0.025961
55.5102040000000000 0.40737200000000000 0.027753
55.6122450000000000 0.35072700000000000 0.024176
55.7142860000000000 0.31639300000000000 0.022204
55.8163270000000000 0.27662000000000000 0.021073
55.9183670000000000 0.28987200000000000 0.021421
56.0204080000000000 0.28895900000000000 0.021832
56.1224490000000000 0.34012900000000000 0.024094
56.2244900000000000 0.38543400000000000 0.025542
56.3265310000000000 0.35946000000000000 0.025515
56.4285710000000000 0.37954500000000000 0.025695
56.5306120000000000 0.40140300000000000 0.027159
56.6326530000000000 0.35570100000000000 0.024794
56.7346940000000000 0.37392200000000000 0.025561
56.8367350000000000 0.36309300000000000 0.025620
56.9387760000000000 0.34736800000000000 0.023603
57.0408160000000000 0.37664400000000000 0.025836
57.1428570000000000 0.38323200000000000 0.025975
57.2448980000000000 0.35669200000000000 0.025332
57.3469390000000000 0.38339800000000000 0.026818
57.4489800000000000 0.34471500000000000 0.024177
57.5510200000000000 0.36807000000000000 0.025146
57.6530610000000000 0.39807900000000000 0.026939
57.7551020000000000 0.32492700000000000 0.023313
57.8571430000000000 0.38826000000000000 0.026358
57.9591840000000000 0.35849100000000000 0.024875
58.0612240000000000 0.33358600000000000 0.023579
58.1632650000000000 0.37673600000000000 0.026477
58.2653060000000000 0.36986700000000000 0.025689
58.3673470000000000 0.35065900000000000 0.024819
58.4693880000000000 0.39306300000000000 0.026591
58.5714290000000000 0.35097000000000000 0.024563
58.6734690000000000 0.35733300000000000 0.024956
58.7755100000000000 0.27835900000000000 0.020916
58.8775510000000000 0.18562700000000000 0.016645
58.9795920000000000 0.12720400000000000 0.013341
59.0816330000000000 0.10035900000000000 0.011522
59.1836730000000000 0.17229800000000000 0.016090
59.2857140000000000 0.24465500000000000 0.020240
59.3877550000000000 0.32961500000000000 0.023544
59.4897960000000000 0.36053100000000000 0.025067
59.5918370000000000 0.36370700000000000 0.024910
59.6938780000000000 0.39306300000000000 0.026591
59.7959180000000000 0.38874300000000000 0.026563
59.8979590000000000 0.36686500000000000 0.025285
60.0000000000000000 0.37896100000000000 0.026764
