55.0000000000000000 0.29397700000000000 0.021647
55.1020410000000000 0.30310700000000000 0.022099
55.2040820000000000 0.24316800000000000 0.019413
55.3061220000000000 0.20778400000000000 0.017401
55.4081630000000000 0.16272200000000000 0.015238
55.5102040000000000 0.10392900000000000 0.012287
55.6122450000000000 0.06834400000000000 0.009528
55.7142860000000000 0.02334800000000000 0.005893
55.8163270000000000 0.00991200000000000 0.004773
55.9183670000000000 0.00116800000000000 0.003514
56.0204080000000000 0.00343600000000000 0.004000
56.1224490000000000 0.00120400000000000 0.003621
56.2244900000000000 -0.0060740000000000 0.002076
56.3265310000000000 0.00240100000000000 0.003961
56.4285710000000000 0.00225000000000000 0.003711
56.5306120000000000 -0.0021070000000000 0.003150
56.6326530000000000 0.00228900000000000 0.003775
56.7346940000000000 -0.0009670000000000 0.003247
56.8367350000000000 -0.0021500000000000 0.003215
56.9387760000000000 -0.0019130000000000 0.002861
57.0408160000000000 -0.0053580000000000 0.002460
57.1428570000000000 0.00011300000000000 0.003419
57.2448980000000000 0.00011900000000000 0.003597
57.3469390000000000 0.00127900000000000 0.003848
57.4489800000000000 0.00119000000000000 0.003579
57.5510200000000000 -0.0084200000000000 0.001545
57.6530610000000000 0.00564300000000000 0.004296
57.7551020000000000 -0.0074650000000000 0.001900
57.8571430000000000 0.00558200000000000 0.004249
57.9591840000000000 0.01418900000000000 0.005237
58.0612240000000000 0.01400700000000000 0.005169
58.1632650000000000 0.02438200000000000 0.006528
58.2653060000000000 0.02676500000000000 0.006584
58.3673470000000000 0.04240400000000000 0.007926
58.4693880000000000 0.04937000000000000 0.008388
58.5714290000000000 0.05442600000000000 0.008726
58.6734690000000000 0.06038200000000000 0.009199
58.7755100000000000 0.07232800000000000 0.009855
58.8775510000000000 0.04980600000000000 0.008463
58.9795920000000000 0.03487400000000000 0.007201
59.0816330000000000 0.02621600000000000 0.006283
59.1836730000000000 0.04400700000000000 0.008106
59.2857140000000000 0.07301200000000000 0.010465
59.3877550000000000 0.13343200000000000 0.013679
59.4897960000000000 0.14100500000000000 0.014156
59.5918370000000000 0.14363600000000000 0.014111
59.6938780000000000 0.15335400000000000 0.014853
59.7959180000000000 0.18443700000000000 0.016628
59.8979590000000000 0.20410500000000000 0.017456
60.0000000000000000 0.18895600000000000 0.017322
