55.0000000000000000 0.39688300000000000 0.026396
55.1020410000000000 0.35520200000000000 0.024520
55.2040820000000000 0.34733400000000000 0.024382
55.3061220000000000 0.33639300000000000 0.023562
55.4081630000000000 0.27471800000000000 0.020876
55.5102040000000000 0.29101400000000000 0.022242
55.6122450000000000 0.25624900000000000 0.019747
55.7142860000000000 0.18199600000000000 0.015761
55.8163270000000000 0.17102500000000000 0.015762
55.9183670000000000 0.15345200000000000 0.014606
56.0204080000000000 0.14951700000000000 0.014723
56.1224490000000000 0.10800400000000000 0.012242
56.2244900000000000 0.07841000000000000 0.010089
56.3265310000000000 0.05259500000000000 0.008835
56.4285710000000000 0.02576400000000000 0.006335
56.5306120000000000 0.00900900000000000 0.004741
56.6326530000000000 0.00663900000000000 0.004367
56.7346940000000000 0.00011300000000000 0.003423
56.8367350000000000 0.00579000000000000 0.004409
56.9387760000000000 -0.0079700000000000 0.001461
57.0408160000000000 0.00120900000000000 0.003637
57.1428570000000000 -0.0031240000000000 0.002862
57.2448980000000000 0.00125500000000000 0.003774
57.3469390000000000 0.00127900000000000 0.003848
57.4489800000000000 0.00980500000000000 0.004721
57.5510200000000000 -0.0052210000000000 0.002397
57.6530610000000000 0.00011600000000000 0.003502
57.7551020000000000 -0.0031350000000000 0.002872
57.8571430000000000 0.00120800000000000 0.003633
57.9591840000000000 -0.0042170000000000 0.002661
58.0612240000000000 -0.0020260000000000 0.003029
58.1632650000000000 0.01051900000000000 0.005066
58.2653060000000000 -0.0021040000000000 0.003147
58.3673470000000000 0.00123000000000000 0.003698
58.4693880000000000 0.00011500000000000 0.003467
58.5714290000000000 -0.0053170000000000 0.002441
58.6734690000000000 0.00340200000000000 0.003961
58.7755100000000000 0.00011100000000000 0.003364
58.8775510000000000 0.00563700000000000 0.004292
58.9795920000000000 0.00445900000000000 0.004077
59.0816330000000000 0.00428700000000000 0.003919
59.1836730000000000 0.00574500000000000 0.004374
59.2857140000000000 0.00952800000000000 0.005015
59.3877550000000000 0.01745600000000000 0.005585
59.4897960000000000 0.01540500000000000 0.005400
59.5918370000000000 0.02456400000000000 0.006203
59.6938780000000000 0.03404600000000000 0.007164
59.7959180000000000 0.02898600000000000 0.006785
59.8979590000000000 0.04134600000000000 0.007725
60.0000000000000000 0.05642100000000000 0.009265
