55.0000000000000000 0.40324900000000000 0.026684
55.1020410000000000 0.42962200000000000 0.027896
55.2040820000000000 0.38422600000000000 0.026083
55.3061220000000000 0.39226500000000000 0.026113
55.4081630000000000 0.35979200000000000 0.024874
55.5102040000000000 0.35375600000000000 0.025246
55.6122450000000000 0.35177700000000000 0.024224
55.7142860000000000 0.32346700000000000 0.022527
55.8163270000000000 0.26791100000000000 0.020652
55.9183670000000000 0.33005800000000000 0.023302
56.0204080000000000 0.34539900000000000 0.024510
56.1224490000000000 0.39135000000000000 0.026461
56.2244900000000000 0.38131300000000000 0.025357
56.3265310000000000 0.38341600000000000 0.026639
56.4285710000000000 0.38382000000000000 0.025890
56.5306120000000000 0.40585000000000000 0.027363
56.6326530000000000 0.35678800000000000 0.024844
56.7346940000000000 0.44198600000000000 0.028651
56.8367350000000000 0.34154100000000000 0.024604
56.9387760000000000 0.34837700000000000 0.023649
57.0408160000000000 0.36460400000000000 0.025280
57.1428570000000000 0.33250900000000000 0.023633
57.2448980000000000 0.34874200000000000 0.024957
57.3469390000000000 0.36139700000000000 0.025781
57.4489800000000000 0.36625300000000000 0.025171
57.5510200000000000 0.37660200000000000 0.025536
57.6530610000000000 0.34943900000000000 0.024687
57.7551020000000000 0.33575400000000000 0.023819
57.8571430000000000 0.36967200000000000 0.025502
57.9591840000000000 0.36607000000000000 0.025224
58.0612240000000000 0.36137500000000000 0.024863
58.1632650000000000 0.36171700000000000 0.025769
58.2653060000000000 0.34099800000000000 0.024341
58.3673470000000000 0.36067500000000000 0.025287
58.4693880000000000 0.31534900000000000 0.022977
58.5714290000000000 0.35640100000000000 0.024814
58.6734690000000000 0.34966300000000000 0.024599
58.7755100000000000 0.27942100000000000 0.020967
58.8775510000000000 0.17900100000000000 0.016297
58.9795920000000000 0.11742800000000000 0.012777
59.0816330000000000 0.09096100000000000 0.010952
59.1836730000000000 0.17229800000000000 0.016090
59.2857140000000000 0.28227500000000000 0.022124
59.3877550000000000 0.30251800000000000 0.022268
59.4897960000000000 0.35507100000000000 0.024814
59.5918370000000000 0.33712800000000000 0.023686
59.6938780000000000 0.32301100000000000 0.023339
59.7959180000000000 0.36098400000000000 0.025276
59.8979590000000000 0.38205600000000000 0.025984
60.0000000000000000 0.34729400000000000 0.025259
