55.0000000000000000 0.28549000000000000 0.021245
55.1020410000000000 0.22443500000000000 0.018305
55.2040820000000000 0.20193500000000000 0.017345
55.3061220000000000 0.15823700000000000 0.014840
55.4081630000000000 0.14441500000000000 0.014245
55.5102040000000000 0.10278800000000000 0.012217
55.6122450000000000 0.07464200000000000 0.009945
55.7142860000000000 0.06477800000000000 0.009094
55.8163270000000000 0.03930400000000000 0.007576
55.9183670000000000 0.01068600000000000 0.004760
56.0204080000000000 0.01229000000000000 0.005108
56.1224490000000000 -0.0009750000000000 0.003275
56.2244900000000000 0.00113800000000000 0.003424
56.3265310000000000 0.00240100000000000 0.003961
56.4285710000000000 0.00011200000000000 0.003386
56.5306120000000000 0.00122800000000000 0.003694
56.6326530000000000 0.00120200000000000 0.003614
56.7346940000000000 0.00011300000000000 0.003423
56.8367350000000000 0.00011900000000000 0.003593
56.9387760000000000 0.00616300000000000 0.004054
57.0408160000000000 -0.0009800000000000 0.003290
57.1428570000000000 0.00658800000000000 0.004334
57.2448980000000000 -0.0021520000000000 0.003218
57.3469390000000000 0.00012100000000000 0.003668
57.4489800000000000 0.00011300000000000 0.003411
57.5510200000000000 0.00224500000000000 0.003703
57.6530610000000000 -0.0054110000000000 0.002485
57.7551020000000000 -0.0009690000000000 0.003254
57.8571430000000000 -0.0020720000000000 0.003099
57.9591840000000000 -0.0020520000000000 0.003068
58.0612240000000000 -0.0041630000000000 0.002627
58.1632650000000000 0.00243200000000000 0.004011
58.2653060000000000 -0.0032150000000000 0.002945
58.3673470000000000 0.00345500000000000 0.004023
58.4693880000000000 0.00011500000000000 0.003467
58.5714290000000000 0.00011400000000000 0.003441
58.6734690000000000 0.00888100000000000 0.004673
58.7755100000000000 0.00754600000000000 0.004399
58.8775510000000000 0.01005400000000000 0.004841
58.9795920000000000 0.01206300000000000 0.005013
59.0816330000000000 0.00741900000000000 0.004325
59.1836730000000000 0.00461900000000000 0.004223
59.2857140000000000 0.02598700000000000 0.006755
59.3877550000000000 0.03154600000000000 0.006907
59.4897960000000000 0.05035400000000000 0.008451
59.5918370000000000 0.05220600000000000 0.008459
59.6938780000000000 0.06359900000000000 0.009420
59.7959180000000000 0.06895900000000000 0.009867
59.8979590000000000 0.08366400000000000 0.010713
60.0000000000000000 0.09043400000000000 0.011612
