55.0000000000000000 0.22714100000000000 0.018420
55.1020410000000000 0.16064600000000000 0.015031
55.2040820000000000 0.09559900000000000 0.011463
55.3061220000000000 0.05387400000000000 0.008540
55.4081630000000000 0.03026600000000000 0.006769
55.5102040000000000 -0.0021620000000000 0.003233
55.6122450000000000 0.00116000000000000 0.003488
55.7142860000000000 0.00010600000000000 0.003201
55.8163270000000000 -0.0020630000000000 0.003085
55.9183670000000000 0.00222600000000000 0.003671
56.0204080000000000 0.00011600000000000 0.003506
56.1224490000000000 0.00011400000000000 0.003452
56.2244900000000000 0.00319900000000000 0.003724
56.3265310000000000 0.00468300000000000 0.004281
56.4285710000000000 -0.0041630000000000 0.002627
56.5306120000000000 0.00234000000000000 0.003859
56.6326530000000000 0.00011400000000000 0.003445
56.7346940000000000 0.00119400000000000 0.003590
56.8367350000000000 0.01599900000000000 0.005609
56.9387760000000000 0.01423900000000000 0.004989
57.0408160000000000 0.02966800000000000 0.006785
57.1428570000000000 0.04544000000000000 0.008021
57.2448980000000000 0.06598300000000000 0.009783
57.3469390000000000 0.09507200000000000 0.011829
57.4489800000000000 0.09057100000000000 0.011106
57.5510200000000000 0.11209900000000000 0.012348
57.6530610000000000 0.10071200000000000 0.011891
57.7551020000000000 0.11379800000000000 0.012544
57.8571430000000000 0.14115900000000000 0.014172
57.9591840000000000 0.15169300000000000 0.014682
58.0612240000000000 0.16257400000000000 0.015173
58.1632650000000000 0.15839200000000000 0.015538
58.2653060000000000 0.17555400000000000 0.016158
58.3673470000000000 0.20265300000000000 0.017595
58.4693880000000000 0.18947400000000000 0.016775
58.5714290000000000 0.19781000000000000 0.017143
58.6734690000000000 0.22036300000000000 0.018365
58.7755100000000000 0.17428200000000000 0.015744
58.8775510000000000 0.10722600000000000 0.012279
58.9795920000000000 0.06311600000000000 0.009347
59.0816330000000000 0.06067700000000000 0.008977
59.1836730000000000 0.09464800000000000 0.011625
59.2857140000000000 0.16823900000000000 0.016218
59.3877550000000000 0.18437400000000000 0.016430
59.4897960000000000 0.23165500000000000 0.018902
59.5918370000000000 0.25314000000000000 0.019713
59.6938780000000000 0.27813400000000000 0.021200
59.7959180000000000 0.24439600000000000 0.019686
59.8979590000000000 0.25727300000000000 0.020104
60.0000000000000000 0.24525400000000000 0.020248
