55.0000000000000000 0.38415300000000000 0.025819
55.1020410000000000 0.34138100000000000 0.023883
55.2040820000000000 0.37120500000000000 0.025485
55.3061220000000000 0.32901400000000000 0.023221
55.4081630000000000 0.36733000000000000 0.025221
55.5102040000000000 0.35489700000000000 0.025300
55.6122450000000000 0.34967700000000000 0.024128
55.7142860000000000 0.33559300000000000 0.023080
55.8163270000000000 0.28532900000000000 0.021492
55.9183670000000000 0.29939000000000000 0.021871
56.0204080000000000 0.35314600000000000 0.024872
56.1224490000000000 0.36955400000000000 0.025459
56.2244900000000000 0.39367600000000000 0.025912
56.3265310000000000 0.36516400000000000 0.025784
56.4285710000000000 0.33786100000000000 0.023778
56.5306120000000000 0.34248800000000000 0.024423
56.6326530000000000 0.38179900000000000 0.025997
56.7346940000000000 0.40309200000000000 0.026893
56.8367350000000000 0.37670400000000000 0.026257
56.9387760000000000 0.37462400000000000 0.024830
57.0408160000000000 0.34928000000000000 0.024569
57.1428570000000000 0.36272700000000000 0.025034
57.2448980000000000 0.40211500000000000 0.027453
57.3469390000000000 0.37992400000000000 0.026655
57.4489800000000000 0.35010000000000000 0.024426
57.5510200000000000 0.39686700000000000 0.026458
57.6530610000000000 0.39807900000000000 0.026939
57.7551020000000000 0.36715300000000000 0.025274
57.8571430000000000 0.36092600000000000 0.025098
57.9591840000000000 0.37148400000000000 0.025473
58.0612240000000000 0.35068700000000000 0.024371
58.1632650000000000 0.32243900000000000 0.023896
58.2653060000000000 0.40095700000000000 0.027125
58.3673470000000000 0.33285400000000000 0.023982
58.4693880000000000 0.36679300000000000 0.025382
58.5714290000000000 0.34988300000000000 0.024512
58.6734690000000000 0.35842900000000000 0.025007
58.7755100000000000 0.27729700000000000 0.020865
58.8775510000000000 0.20219000000000000 0.017506
58.9795920000000000 0.11851400000000000 0.012840
59.0816330000000000 0.10558100000000000 0.011833
59.1836730000000000 0.16779600000000000 0.015848
59.2857140000000000 0.22819600000000000 0.019399
59.3877550000000000 0.33395000000000000 0.023747
59.4897960000000000 0.39111200000000000 0.026476
59.5918370000000000 0.34882300000000000 0.024227
59.6938780000000000 0.34928000000000000 0.024569
59.7959180000000000 0.36653600000000000 0.025534
59.8979590000000000 0.35167400000000000 0.024583
60.0000000000000000 0.38248000000000000 0.026931
