55.0000000000000000 0.37248300000000000 0.025288
55.1020410000000000 0.37221200000000000 0.025299
55.2040820000000000 0.37446000000000000 0.025635
55.3061220000000000 0.38699400000000000 0.025875
55.4081630000000000 0.36948400000000000 0.025320
55.5102040000000000 0.35489700000000000 0.025300
55.6122450000000000 0.35177700000000000 0.024224
55.7142860000000000 0.31841400000000000 0.022296
55.8163270000000000 0.32125300000000000 0.023198
55.9183670000000000 0.30044700000000000 0.021920
56.0204080000000000 0.35757300000000000 0.025079
56.1224490000000000 0.36628400000000000 0.025308
56.2244900000000000 0.36482800000000000 0.024613
56.3265310000000000 0.36630400000000000 0.025837
56.4285710000000000 0.38702700000000000 0.026036
56.5306120000000000 0.36027400000000000 0.025255
56.6326530000000000 0.36657500000000000 0.025297
56.7346940000000000 0.33610900000000000 0.023812
56.8367350000000000 0.35969000000000000 0.025460
56.9387760000000000 0.40087000000000000 0.025999
57.0408160000000000 0.37992800000000000 0.025988
57.1428570000000000 0.40697400000000000 0.027056
57.2448980000000000 0.37599600000000000 0.026238
57.3469390000000000 0.34634400000000000 0.025066
57.4489800000000000 0.39532900000000000 0.026501
57.5510200000000000 0.37020300000000000 0.025244
57.6530610000000000 0.37265400000000000 0.025767
57.7551020000000000 0.34874700000000000 0.024423
57.8571430000000000 0.35655200000000000 0.024895
57.9591840000000000 0.36282200000000000 0.025074
58.0612240000000000 0.37099400000000000 0.025304
58.1632650000000000 0.37211500000000000 0.026260
58.2653060000000000 0.36653600000000000 0.025534
58.3673470000000000 0.36846500000000000 0.025650
58.4693880000000000 0.31644400000000000 0.023029
58.5714290000000000 0.34010700000000000 0.024057
58.6734690000000000 0.33761000000000000 0.024036
58.7755100000000000 0.30066200000000000 0.021973
58.8775510000000000 0.22206700000000000 0.018518
58.9795920000000000 0.11634200000000000 0.012714
59.0816330000000000 0.10662500000000000 0.011895
59.1836730000000000 0.14528900000000000 0.014611
59.2857140000000000 0.28109900000000000 0.022066
59.3877550000000000 0.29601400000000000 0.021959
59.4897960000000000 0.36599200000000000 0.025320
59.5918370000000000 0.34031800000000000 0.023834
59.6938780000000000 0.38430600000000000 0.026189
59.7959180000000000 0.38208100000000000 0.026255
59.8979590000000000 0.37337500000000000 0.025585
60.0000000000000000 0.37192400000000000 0.026431
