55.0000000000000000 0.33004700000000000 0.023336
55.1020410000000000 0.30523400000000000 0.022199
55.2040820000000000 0.29199500000000000 0.021778
55.3061220000000000 0.26576300000000000 0.020243
55.4081630000000000 0.26394900000000000 0.020357
55.5102040000000000 0.19062700000000000 0.017177
55.6122450000000000 0.16282200000000000 0.015053
55.7142860000000000 0.14460800000000000 0.013811
55.8163270000000000 0.12857000000000000 0.013433
55.9183670000000000 0.10269100000000000 0.011738
56.0204080000000000 0.09086400000000000 0.011286
56.1224490000000000 0.07095100000000000 0.009902
56.2244900000000000 0.03925900000000000 0.007329
56.3265310000000000 0.01266800000000000 0.005266
56.4285710000000000 0.00973200000000000 0.004686
56.5306120000000000 0.00789800000000000 0.004604
56.6326530000000000 0.00011400000000000 0.003445
56.7346940000000000 0.00011300000000000 0.003423
56.8367350000000000 0.00465600000000000 0.004257
56.9387760000000000 0.00111500000000000 0.003355
57.0408160000000000 0.00339900000000000 0.003957
57.1428570000000000 0.00011300000000000 0.003419
57.2448980000000000 0.00125500000000000 0.003774
57.3469390000000000 0.00243700000000000 0.004020
57.4489800000000000 -0.0020410000000000 0.003052
57.5510200000000000 -0.0020210000000000 0.003023
57.6530610000000000 -0.0009890000000000 0.003322
57.7551020000000000 0.00011400000000000 0.003430
57.8571430000000000 -0.0009790000000000 0.003286
57.9591840000000000 0.00661000000000000 0.004348
58.0612240000000000 0.00545600000000000 0.004154
58.1632650000000000 0.00012100000000000 0.003660
58.2653060000000000 -0.0032150000000000 0.002945
58.3673470000000000 -0.0009960000000000 0.003344
58.4693880000000000 0.00120900000000000 0.003637
58.5714290000000000 0.00011400000000000 0.003441
58.6734690000000000 0.00230600000000000 0.003804
58.7755100000000000 0.00329700000000000 0.003839
58.8775510000000000 0.00011600000000000 0.003498
58.9795920000000000 -0.0053170000000000 0.002441
59.0816330000000000 0.00533100000000000 0.004058
59.1836730000000000 -0.0032580000000000 0.002985
59.2857140000000000 0.00012300000000000 0.003724
59.3877550000000000 -0.0042220000000000 0.002664
59.4897960000000000 -0.0020700000000000 0.003095
59.5918370000000000 0.00330100000000000 0.003843
59.6938780000000000 -0.0020740000000000 0.003102
59.7959180000000000 -0.0021040000000000 0.003147
59.8979590000000000 0.00445400000000000 0.004072
60.0000000000000000 -0.0022230000000000 0.003324
