55.0000000000000000 0.38097000000000000 0.025674
55.1020410000000000 0.36477000000000000 0.024959
55.2040820000000000 0.36686500000000000 0.025285
55.3061220000000000 0.37961500000000000 0.025540
55.4081630000000000 0.35440700000000000 0.024626
55.5102040000000000 0.34120800000000000 0.024652
55.6122450000000000 0.37067200000000000 0.025086
55.7142860000000000 0.27395200000000000 0.020235
55.8163270000000000 0.27879700000000000 0.021178
55.9183670000000000 0.34274800000000000 0.023889
56.0204080000000000 0.33765200000000000 0.024147
56.1224490000000000 0.34557800000000000 0.024348
56.2244900000000000 0.33804100000000000 0.023395
56.3265310000000000 0.35375600000000000 0.025246
56.4285710000000000 0.36671900000000000 0.025108
56.5306120000000000 0.41140700000000000 0.027618
56.6326530000000000 0.37744900000000000 0.025798
56.7346940000000000 0.36527900000000000 0.025163
56.8367350000000000 0.38577900000000000 0.026680
56.9387760000000000 0.35948200000000000 0.024150
57.0408160000000000 0.36132100000000000 0.025128
57.1428570000000000 0.36704300000000000 0.025232
57.2448980000000000 0.37599600000000000 0.026238
57.3469390000000000 0.34287000000000000 0.024901
57.4489800000000000 0.38240600000000000 0.025912
57.5510200000000000 0.36913700000000000 0.025195
57.6530610000000000 0.33175200000000000 0.023857
57.7551020000000000 0.38772400000000000 0.026218
57.8571430000000000 0.37841900000000000 0.025905
57.9591840000000000 0.38664200000000000 0.026169
58.0612240000000000 0.38488900000000000 0.025938
58.1632650000000000 0.40561700000000000 0.027828
58.2653060000000000 0.37208800000000000 0.025792
58.3673470000000000 0.37736700000000000 0.026063
58.4693880000000000 0.36679300000000000 0.025382
58.5714290000000000 0.37160800000000000 0.025516
58.6734690000000000 0.35514200000000000 0.024854
58.7755100000000000 0.31659200000000000 0.022720
58.8775510000000000 0.19335600000000000 0.017049
58.9795920000000000 0.10330700000000000 0.011940
59.0816330000000000 0.10349200000000000 0.011709
59.1836730000000000 0.15091600000000000 0.014924
59.2857140000000000 0.23289800000000000 0.019640
59.3877550000000000 0.33069900000000000 0.023595
59.4897960000000000 0.36162400000000000 0.025117
59.5918370000000000 0.39560100000000000 0.026363
59.6938780000000000 0.36132100000000000 0.025128
59.7959180000000000 0.32212200000000000 0.023450
59.8979590000000000 0.31695200000000000 0.022961
60.0000000000000000 0.32149000000000000 0.024018
