55.0000000000000000 0.37354400000000000 0.025336
55.1020410000000000 0.37965400000000000 0.025639
55.2040820000000000 0.36469500000000000 0.025185
55.3061220000000000 0.35220600000000000 0.024289
55.4081630000000000 0.36194500000000000 0.024973
55.5102040000000000 0.37314900000000000 0.026158
55.6122450000000000 0.36017500000000000 0.024608
55.7142860000000000 0.30830900000000000 0.021832
55.8163270000000000 0.28424000000000000 0.021440
55.9183670000000000 0.34486300000000000 0.023986
56.0204080000000000 0.33322600000000000 0.023939
56.1224490000000000 0.36737400000000000 0.025359
56.2244900000000000 0.37719200000000000 0.025171
56.3265310000000000 0.37657100000000000 0.026319
56.4285710000000000 0.36565000000000000 0.025059
56.5306120000000000 0.37806000000000000 0.026082
56.6326530000000000 0.33612700000000000 0.023884
56.7346940000000000 0.35231500000000000 0.024565
56.8367350000000000 0.34948100000000000 0.024979
56.9387760000000000 0.38976600000000000 0.025506
57.0408160000000000 0.38102300000000000 0.026038
57.1428570000000000 0.36488500000000000 0.025133
57.2448980000000000 0.35442000000000000 0.025225
57.3469390000000000 0.39497700000000000 0.027361
57.4489800000000000 0.34040800000000000 0.023977
57.5510200000000000 0.38300200000000000 0.025828
57.6530610000000000 0.38260300000000000 0.026227
57.7551020000000000 0.32492700000000000 0.023313
57.8571430000000000 0.38716600000000000 0.026308
57.9591840000000000 0.34008500000000000 0.024021
58.0612240000000000 0.37954500000000000 0.025695
58.1632650000000000 0.34669900000000000 0.025057
58.2653060000000000 0.38208100000000000 0.026255
58.3673470000000000 0.39851100000000000 0.027040
58.4693880000000000 0.37226600000000000 0.025634
58.5714290000000000 0.32815900000000000 0.023499
58.6734690000000000 0.38363200000000000 0.026171
58.7755100000000000 0.26667700000000000 0.020357
58.8775510000000000 0.19777300000000000 0.017278
58.9795920000000000 0.10113400000000000 0.011808
59.0816330000000000 0.09200500000000000 0.011016
59.1836730000000000 0.15879300000000000 0.015358
59.2857140000000000 0.27522100000000000 0.021775
59.3877550000000000 0.35129300000000000 0.024553
59.4897960000000000 0.36271600000000000 0.025168
59.5918370000000000 0.38071700000000000 0.025687
59.6938780000000000 0.36022600000000000 0.025077
59.7959180000000000 0.35654300000000000 0.025069
59.8979590000000000 0.34082300000000000 0.024079
60.0000000000000000 0.31914500000000000 0.023904
