55.0000000000000000 0.42977100000000000 0.027877
55.1020410000000000 0.40198000000000000 0.026651
55.2040820000000000 0.39290600000000000 0.026480
55.3061220000000000 0.44708200000000000 0.028571
55.4081630000000000 0.39963600000000000 0.026697
55.5102040000000000 0.34463000000000000 0.024815
55.6122450000000000 0.32973200000000000 0.023210
55.7142860000000000 0.24970000000000000 0.019088
55.8163270000000000 0.24613900000000000 0.019589
55.9183670000000000 0.24757100000000000 0.019394
56.0204080000000000 0.25243800000000000 0.020053
56.1224490000000000 0.23333000000000000 0.018965
56.2244900000000000 0.19792300000000000 0.016718
56.3265310000000000 0.18720500000000000 0.016996
56.4285710000000000 0.14333500000000000 0.014132
56.5306120000000000 0.12683900000000000 0.013477
56.6326530000000000 0.07188400000000000 0.009953
56.7346940000000000 0.02496200000000000 0.006304
56.8367350000000000 0.01146200000000000 0.005106
56.9387760000000000 -0.0009040000000000 0.003034
57.0408160000000000 0.00230400000000000 0.003800
57.1428570000000000 -0.0009660000000000 0.003243
57.2448980000000000 -0.0021520000000000 0.003218
57.3469390000000000 0.00938500000000000 0.004939
57.4489800000000000 0.00765100000000000 0.004460
57.5510200000000000 0.00224500000000000 0.003703
57.6530610000000000 0.00011600000000000 0.003502
57.7551020000000000 0.00227900000000000 0.003759
57.8571430000000000 0.00230100000000000 0.003796
57.9591840000000000 0.00227900000000000 0.003759
58.0612240000000000 0.00866300000000000 0.004558
58.1632650000000000 -0.0021890000000000 0.003274
58.2653060000000000 -0.0021040000000000 0.003147
58.3673470000000000 -0.0021090000000000 0.003154
58.4693880000000000 -0.0042630000000000 0.002690
58.5714290000000000 -0.0020590000000000 0.003078
58.6734690000000000 -0.0042680000000000 0.002693
58.7755100000000000 -0.0051990000000000 0.002387
58.8775510000000000 -0.0009880000000000 0.003319
58.9795920000000000 -0.0009720000000000 0.003264
59.0816330000000000 -0.0030230000000000 0.002770
59.1836730000000000 0.00124300000000000 0.003740
59.2857140000000000 -0.0034040000000000 0.003118
59.3877550000000000 -0.0009700000000000 0.003257
59.4897960000000000 -0.0064380000000000 0.002202
59.5918370000000000 0.00542700000000000 0.004132
59.6938780000000000 0.00230400000000000 0.003800
59.7959180000000000 0.01122000000000000 0.004998
59.8979590000000000 0.00770900000000000 0.004494
60.0000000000000000 0.01654300000000000 0.005801
