55.0000000000000000 0.41704000000000000 0.027305
55.1020410000000000 0.38497000000000000 0.025880
55.2040820000000000 0.41894800000000000 0.027665
55.3061220000000000 0.39542700000000000 0.026256
55.4081630000000000 0.36625300000000000 0.025171
55.5102040000000000 0.35489700000000000 0.025300
55.6122450000000000 0.32868200000000000 0.023161
55.7142860000000000 0.34165600000000000 0.023355
55.8163270000000000 0.29839200000000000 0.022116
55.9183670000000000 0.33957600000000000 0.023743
56.0204080000000000 0.40848000000000000 0.027430
56.1224490000000000 0.37391300000000000 0.025660
56.2244900000000000 0.36173800000000000 0.024473
56.3265310000000000 0.36516400000000000 0.025784
56.4285710000000000 0.36885700000000000 0.025206
56.5306120000000000 0.33359600000000000 0.024004
56.6326530000000000 0.34265200000000000 0.024188
56.7346940000000000 0.36311900000000000 0.025064
56.8367350000000000 0.31545200000000000 0.023361
56.9387760000000000 0.35241500000000000 0.023831
57.0408160000000000 0.26390500000000000 0.020510
57.1428570000000000 0.24833100000000000 0.019617
57.2448980000000000 0.22950600000000000 0.019146
57.3469390000000000 0.14254700000000000 0.014667
57.4489800000000000 0.07011000000000000 0.009781
57.5510200000000000 0.02037600000000000 0.005817
57.6530610000000000 0.00122100000000000 0.003673
57.7551020000000000 -0.0020520000000000 0.003068
57.8571430000000000 -0.0042590000000000 0.002687
57.9591840000000000 0.00227900000000000 0.003759
58.0612240000000000 -0.0009570000000000 0.003212
58.1632650000000000 0.00127600000000000 0.003839
58.2653060000000000 0.00011600000000000 0.003518
58.3673470000000000 -0.0021090000000000 0.003154
58.4693880000000000 0.00558800000000000 0.004254
58.5714290000000000 0.01423500000000000 0.005254
58.6734690000000000 0.02422200000000000 0.006293
58.7755100000000000 0.03622000000000000 0.007214
58.8775510000000000 0.02551300000000000 0.006445
58.9795920000000000 0.02835600000000000 0.006636
59.0816330000000000 0.04083600000000000 0.007513
59.1836730000000000 0.05413500000000000 0.008882
59.2857140000000000 0.09770100000000000 0.012092
59.3877550000000000 0.15294200000000000 0.014758
59.4897960000000000 0.19015300000000000 0.016792
59.5918370000000000 0.17978300000000000 0.016039
59.6938780000000000 0.22231100000000000 0.018453
59.7959180000000000 0.23107200000000000 0.019021
59.8979590000000000 0.21278600000000000 0.017897
60.0000000000000000 0.24173500000000000 0.020069
