55.0000000000000000 0.38839600000000000 0.026011
55.1020410000000000 0.37327500000000000 0.025348
55.2040820000000000 0.33865300000000000 0.023978
55.3061220000000000 0.40069800000000000 0.026494
55.4081630000000000 0.36086900000000000 0.024924
55.5102040000000000 0.38683800000000000 0.026798
55.6122450000000000 0.35702600000000000 0.024464
55.7142860000000000 0.30224600000000000 0.021552
55.8163270000000000 0.29730300000000000 0.022064
55.9183670000000000 0.29727500000000000 0.021771
56.0204080000000000 0.33986600000000000 0.024251
56.1224490000000000 0.37718200000000000 0.025811
56.2244900000000000 0.39058600000000000 0.025774
56.3265310000000000 0.39710500000000000 0.027276
56.4285710000000000 0.36137500000000000 0.024863
56.5306120000000000 0.36027400000000000 0.025255
56.6326530000000000 0.36766300000000000 0.025347
56.7346940000000000 0.37500300000000000 0.025610
56.8367350000000000 0.35742100000000000 0.025354
56.9387760000000000 0.32415000000000000 0.022548
57.0408160000000000 0.35803700000000000 0.024976
57.1428570000000000 0.35948900000000000 0.024884
57.2448980000000000 0.36804700000000000 0.025866
57.3469390000000000 0.37760800000000000 0.026546
57.4489800000000000 0.36948400000000000 0.025320
57.5510200000000000 0.36273700000000000 0.024902
57.6530610000000000 0.36602100000000000 0.025459
57.7551020000000000 0.34658100000000000 0.024323
57.8571430000000000 0.38279300000000000 0.026107
57.9591840000000000 0.34549900000000000 0.024273
58.0612240000000000 0.37313200000000000 0.025402
58.1632650000000000 0.36287300000000000 0.025823
58.2653060000000000 0.33100500000000000 0.023870
58.3673470000000000 0.38738300000000000 0.026526
58.4693880000000000 0.35365900000000000 0.024773
58.5714290000000000 0.36400400000000000 0.025166
58.6734690000000000 0.34308900000000000 0.024292
58.7755100000000000 0.29641300000000000 0.021773
58.8775510000000000 0.23200500000000000 0.019018
58.9795920000000000 0.11308300000000000 0.012522
59.0816330000000000 0.09722700000000000 0.011334
59.1836730000000000 0.16442000000000000 0.015665
59.2857140000000000 0.24347900000000000 0.020180
59.3877550000000000 0.27325300000000000 0.020869
59.4897960000000000 0.35616300000000000 0.024864
59.5918370000000000 0.35945400000000000 0.024715
59.6938780000000000 0.33833500000000000 0.024058
59.7959180000000000 0.34210800000000000 0.024393
59.8979590000000000 0.35926900000000000 0.024935
60.0000000000000000 0.37075100000000000 0.026376
