55.0000000000000000 0.30246400000000000 0.022047
55.1020410000000000 0.24569800000000000 0.019351
55.2040820000000000 0.19542500000000000 0.017011
55.3061220000000000 0.20251300000000000 0.017136
55.4081630000000000 0.16272200000000000 0.015238
55.5102040000000000 0.11875900000000000 0.013181
55.6122450000000000 0.07989100000000000 0.010286
55.7142860000000000 0.03648400000000000 0.007024
55.8163270000000000 0.01970900000000000 0.005830
55.9183670000000000 0.00857100000000000 0.004510
56.0204080000000000 0.00011600000000000 0.003506
56.1224490000000000 -0.0053350000000000 0.002449
56.2244900000000000 0.00010800000000000 0.003264
56.3265310000000000 0.00582300000000000 0.004434
56.4285710000000000 -0.0020260000000000 0.003029
56.5306120000000000 -0.0065530000000000 0.002241
56.6326530000000000 0.00011400000000000 0.003445
56.7346940000000000 0.00659600000000000 0.004339
56.8367350000000000 -0.0021500000000000 0.003215
56.9387760000000000 -0.0009040000000000 0.003034
57.0408160000000000 -0.0020740000000000 0.003102
57.1428570000000000 0.00011300000000000 0.003419
57.2448980000000000 -0.0010160000000000 0.003413
57.3469390000000000 0.00359500000000000 0.004186
57.4489800000000000 -0.0009640000000000 0.003236
57.5510200000000000 -0.0030880000000000 0.002829
57.6530610000000000 -0.0032000000000000 0.002932
57.7551020000000000 -0.0020520000000000 0.003068
57.8571430000000000 0.00448800000000000 0.004103
57.9591840000000000 0.01310600000000000 0.005118
58.0612240000000000 0.00652500000000000 0.004292
58.1632650000000000 0.01745000000000000 0.005835
58.2653060000000000 0.01788200000000000 0.005723
58.3673470000000000 0.02571200000000000 0.006496
58.4693880000000000 0.03514100000000000 0.007256
58.5714290000000000 0.02944200000000000 0.006733
58.6734690000000000 0.04832900000000000 0.008314
58.7755100000000000 0.05639800000000000 0.008758
58.8775510000000000 0.03655600000000000 0.007414
58.9795920000000000 0.02835600000000000 0.006636
59.0816330000000000 0.01786200000000000 0.005487
59.1836730000000000 0.03613000000000000 0.007463
59.2857140000000000 0.07066100000000000 0.010302
59.3877550000000000 0.09983100000000000 0.011716
59.4897960000000000 0.09731800000000000 0.011608
59.5918370000000000 0.11386800000000000 0.012431
59.6938780000000000 0.16101600000000000 0.015268
59.7959180000000000 0.12114600000000000 0.013139
59.8979590000000000 0.14985200000000000 0.014597
60.0000000000000000 0.15142400000000000 0.015265
