55.0000000000000000 0.33853500000000000 0.023729
55.1020410000000000 0.36051700000000000 0.024764
55.2040820000000000 0.36143900000000000 0.025035
55.3061220000000000 0.34166400000000000 0.023805
55.4081630000000000 0.36948400000000000 0.025320
55.5102040000000000 0.35375600000000000 0.025246
55.6122450000000000 0.33078200000000000 0.023258
55.7142860000000000 0.31336200000000000 0.022064
55.8163270000000000 0.30927800000000000 0.022633
55.9183670000000000 0.33640300000000000 0.023596
56.0204080000000000 0.33765200000000000 0.024147
56.1224490000000000 0.36846400000000000 0.025409
56.2244900000000000 0.40294900000000000 0.026327
56.3265310000000000 0.38341600000000000 0.026639
56.4285710000000000 0.40947200000000000 0.027054
56.5306120000000000 0.36805500000000000 0.025618
56.6326530000000000 0.37310000000000000 0.025598
56.7346940000000000 0.40417300000000000 0.026942
56.8367350000000000 0.37103300000000000 0.025992
56.9387760000000000 0.35241500000000000 0.023831
57.0408160000000000 0.35694200000000000 0.024925
57.1428570000000000 0.41021200000000000 0.027203
57.2448980000000000 0.34874200000000000 0.024957
57.3469390000000000 0.34518600000000000 0.025011
57.4489800000000000 0.39317500000000000 0.026403
57.5510200000000000 0.37233600000000000 0.025341
57.6530610000000000 0.40250100000000000 0.027142
57.7551020000000000 0.35199500000000000 0.024574
57.8571430000000000 0.36529900000000000 0.025300
57.9591840000000000 0.36173900000000000 0.025025
58.0612240000000000 0.36992600000000000 0.025255
58.1632650000000000 0.36980400000000000 0.026151
58.2653060000000000 0.35654300000000000 0.025069
58.3673470000000000 0.39072100000000000 0.026681
58.4693880000000000 0.35694200000000000 0.024925
58.5714290000000000 0.37486700000000000 0.025666
58.6734690000000000 0.30583300000000000 0.022537
58.7755100000000000 0.28791700000000000 0.021371
58.8775510000000000 0.19335600000000000 0.017049
58.9795920000000000 0.11742800000000000 0.012777
59.0816330000000000 0.08365100000000000 0.010496
59.1836730000000000 0.14303800000000000 0.014485
59.2857140000000000 0.22114200000000000 0.019035
59.3877550000000000 0.31552400000000000 0.022882
59.4897960000000000 0.35179400000000000 0.024661
59.5918370000000000 0.34988600000000000 0.024275
59.6938780000000000 0.34380800000000000 0.024314
59.7959180000000000 0.40762000000000000 0.027431
59.8979590000000000 0.34190800000000000 0.024129
60.0000000000000000 0.38717100000000000 0.027152
