55.0000000000000000 0.40006600000000000 0.026540
55.1020410000000000 0.41580100000000000 0.027275
55.2040820000000000 0.41569200000000000 0.027518
55.3061220000000000 0.37539800000000000 0.025348
55.4081630000000000 0.38348300000000000 0.025961
55.5102040000000000 0.38113400000000000 0.026532
55.6122450000000000 0.31923500000000000 0.022723
55.7142860000000000 0.30628800000000000 0.021739
55.8163270000000000 0.28097400000000000 0.021283
55.9183670000000000 0.31313800000000000 0.022515
56.0204080000000000 0.32326600000000000 0.023469
56.1224490000000000 0.33141100000000000 0.023686
56.2244900000000000 0.31537500000000000 0.022353
56.3265310000000000 0.32295500000000000 0.023782
56.4285710000000000 0.25556100000000000 0.019880
56.5306120000000000 0.23688700000000000 0.019323
56.6326530000000000 0.18388800000000000 0.016431
56.7346940000000000 0.10490900000000000 0.012003
56.8367350000000000 0.01826800000000000 0.005847
56.9387760000000000 0.00212500000000000 0.003505
57.0408160000000000 -0.0020740000000000 0.003102
57.1428570000000000 0.00227200000000000 0.003747
57.2448980000000000 0.00011900000000000 0.003597
57.3469390000000000 -0.0045100000000000 0.002846
57.4489800000000000 0.00442100000000000 0.004041
57.5510200000000000 0.00971100000000000 0.004676
57.6530610000000000 -0.0032000000000000 0.002932
57.7551020000000000 0.00011400000000000 0.003430
57.8571430000000000 0.02088900000000000 0.005964
57.9591840000000000 0.03367800000000000 0.007085
58.0612240000000000 0.08561800000000000 0.010751
58.1632650000000000 0.09947300000000000 0.012092
58.2653060000000000 0.11781500000000000 0.012944
58.3673470000000000 0.15368800000000000 0.014994
58.4693880000000000 0.15882600000000000 0.015150
58.5714290000000000 0.19129200000000000 0.016807
58.6734690000000000 0.22036300000000000 0.018365
58.7755100000000000 0.16791000000000000 0.015409
58.8775510000000000 0.11606000000000000 0.012805
58.9795920000000000 0.08049600000000000 0.010515
59.0816330000000000 0.06903100000000000 0.009547
59.1836730000000000 0.11040300000000000 0.012592
59.2857140000000000 0.18940000000000000 0.017365
59.3877550000000000 0.21905900000000000 0.018204
59.4897960000000000 0.29063200000000000 0.021779
59.5918370000000000 0.29035000000000000 0.021496
59.6938780000000000 0.25514800000000000 0.020083
59.7959180000000000 0.29658300000000000 0.022232
59.8979590000000000 0.27463400000000000 0.020946
60.0000000000000000 0.27340300000000000 0.021660
