55.0000000000000000 0.45735400000000000 0.029108
55.1020410000000000 0.44663200000000000 0.028657
55.2040820000000000 0.44932900000000000 0.029036
55.3061220000000000 0.42072800000000000 0.027394
55.4081630000000000 0.38671400000000000 0.026109
55.5102040000000000 0.37200800000000000 0.026105
55.6122450000000000 0.35912500000000000 0.024560
55.7142860000000000 0.31538300000000000 0.022157
55.8163270000000000 0.30818900000000000 0.022581
55.9183670000000000 0.32477000000000000 0.023057
56.0204080000000000 0.32215900000000000 0.023416
56.1224490000000000 0.32160300000000000 0.023226
56.2244900000000000 0.30713300000000000 0.021971
56.3265310000000000 0.30242200000000000 0.022795
56.4285710000000000 0.24701100000000000 0.019464
56.5306120000000000 0.21354300000000000 0.018144
56.6326530000000000 0.18497600000000000 0.016488
56.7346940000000000 0.12327600000000000 0.013079
56.8367350000000000 0.08859400000000000 0.011289
56.9387760000000000 0.03947600000000000 0.007258
57.0408160000000000 0.01762800000000000 0.005641
57.1428570000000000 -0.0009660000000000 0.003243
57.2448980000000000 -0.0010160000000000 0.003413
57.3469390000000000 0.00127900000000000 0.003848
57.4489800000000000 -0.0041950000000000 0.002647
57.5510200000000000 0.00331200000000000 0.003855
57.6530610000000000 -0.0043060000000000 0.002717
57.7551020000000000 -0.0020520000000000 0.003068
57.8571430000000000 0.00120800000000000 0.003633
57.9591840000000000 -0.0031350000000000 0.002872
58.0612240000000000 0.00225000000000000 0.003711
58.1632650000000000 -0.0010340000000000 0.003472
58.2653060000000000 0.00122700000000000 0.003690
58.3673470000000000 0.00011700000000000 0.003525
58.4693880000000000 -0.0009800000000000 0.003290
58.5714290000000000 0.00120000000000000 0.003610
58.6734690000000000 -0.0064600000000000 0.002209
58.7755100000000000 0.00223500000000000 0.003687
58.8775510000000000 -0.0020930000000000 0.003129
58.9795920000000000 -0.0031450000000000 0.002881
59.0816330000000000 0.00115400000000000 0.003470
59.1836730000000000 -0.0032580000000000 0.002985
59.2857140000000000 -0.0069300000000000 0.002371
59.3877550000000000 0.00336500000000000 0.003918
59.4897960000000000 0.00885200000000000 0.004658
59.5918370000000000 0.01393200000000000 0.005141
59.6938780000000000 0.01653300000000000 0.005527
59.7959180000000000 0.01677200000000000 0.005607
59.8979590000000000 0.01747500000000000 0.005592
60.0000000000000000 0.03882800000000000 0.007882
