55.0000000000000000 0.35232600000000000 0.024364
55.1020410000000000 0.38390600000000000 0.025832
55.2040820000000000 0.35818400000000000 0.024885
55.3061220000000000 0.35958500000000000 0.024627
55.4081630000000000 0.39640600000000000 0.026550
55.5102040000000000 0.32067400000000000 0.023673
55.6122450000000000 0.30768700000000000 0.022185
55.7142860000000000 0.31740400000000000 0.022250
55.8163270000000000 0.28097400000000000 0.021283
55.9183670000000000 0.27612400000000000 0.020769
56.0204080000000000 0.35757300000000000 0.025079
56.1224490000000000 0.33795000000000000 0.023992
56.2244900000000000 0.38852500000000000 0.025681
56.3265310000000000 0.33892600000000000 0.024544
56.4285710000000000 0.34213600000000000 0.023976
56.5306120000000000 0.34915800000000000 0.024736
56.6326530000000000 0.35461300000000000 0.024744
56.7346940000000000 0.38904700000000000 0.026253
56.8367350000000000 0.36082400000000000 0.025513
56.9387760000000000 0.39683300000000000 0.025820
57.0408160000000000 0.36132100000000000 0.025128
57.1428570000000000 0.35301400000000000 0.024585
57.2448980000000000 0.36123400000000000 0.025546
57.3469390000000000 0.36834500000000000 0.026109
57.4489800000000000 0.40825100000000000 0.027088
57.5510200000000000 0.36273700000000000 0.024902
57.6530610000000000 0.36270500000000000 0.025305
57.7551020000000000 0.38122800000000000 0.025921
57.8571430000000000 0.35217900000000000 0.024692
57.9591840000000000 0.36607000000000000 0.025224
58.0612240000000000 0.35068700000000000 0.024371
58.1632650000000000 0.36056200000000000 0.025714
58.2653060000000000 0.36431500000000000 0.025431
58.3673470000000000 0.38960900000000000 0.026629
58.4693880000000000 0.38759000000000000 0.026340
58.5714290000000000 0.38898800000000000 0.026314
58.6734690000000000 0.34199300000000000 0.024241
58.7755100000000000 0.28579300000000000 0.021270
58.8775510000000000 0.18783500000000000 0.016761
58.9795920000000000 0.11742800000000000 0.012777
59.0816330000000000 0.10453700000000000 0.011771
59.1836730000000000 0.16554600000000000 0.015726
59.2857140000000000 0.27169400000000000 0.021599
59.3877550000000000 0.32527900000000000 0.023341
59.4897960000000000 0.32667400000000000 0.023488
59.5918370000000000 0.38497000000000000 0.025880
59.6938780000000000 0.38321200000000000 0.026139
59.7959180000000000 0.35876400000000000 0.025172
59.8979590000000000 0.37337500000000000 0.025585
60.0000000000000000 0.32149000000000000 0.024018
