55.0000000000000000 0.35126500000000000 0.024316
55.1020410000000000 0.34988600000000000 0.024275
55.2040820000000000 0.37446000000000000 0.025635
55.3061220000000000 0.33428500000000000 0.023465
55.4081630000000000 0.38240600000000000 0.025912
55.5102040000000000 0.35375600000000000 0.025246
55.6122450000000000 0.34127900000000000 0.023742
55.7142860000000000 0.27799400000000000 0.020425
55.8163270000000000 0.26355700000000000 0.020441
55.9183670000000000 0.32688500000000000 0.023155
56.0204080000000000 0.33765200000000000 0.024147
56.1224490000000000 0.37391300000000000 0.025660
56.2244900000000000 0.35761600000000000 0.024286
56.3265310000000000 0.36174100000000000 0.025623
56.4285710000000000 0.37420100000000000 0.025451
56.5306120000000000 0.38472900000000000 0.026391
56.6326530000000000 0.39484800000000000 0.026595
56.7346940000000000 0.35879700000000000 0.024864
56.8367350000000000 0.36763000000000000 0.025833
56.9387760000000000 0.37462400000000000 0.024830
57.0408160000000000 0.36460400000000000 0.025280
57.1428570000000000 0.35301400000000000 0.024585
57.2448980000000000 0.35214900000000000 0.025118
57.3469390000000000 0.37413400000000000 0.026382
57.4489800000000000 0.35225300000000000 0.024526
57.5510200000000000 0.37660200000000000 0.025536
57.6530610000000000 0.38481400000000000 0.026329
57.7551020000000000 0.36823600000000000 0.025324
57.8571430000000000 0.36311200000000000 0.025199
57.9591840000000000 0.34549900000000000 0.024273
58.0612240000000000 0.36244400000000000 0.024912
58.1632650000000000 0.37327000000000000 0.026314
58.2653060000000000 0.38652300000000000 0.026460
58.3673470000000000 0.41854200000000000 0.027959
58.4693880000000000 0.37883400000000000 0.025937
58.5714290000000000 0.34988300000000000 0.024512
58.6734690000000000 0.34637600000000000 0.024446
58.7755100000000000 0.27411100000000000 0.020713
58.8775510000000000 0.17679300000000000 0.016180
58.9795920000000000 0.11960000000000000 0.012903
59.0816330000000000 0.07112000000000000 0.009686
59.1836730000000000 0.16442000000000000 0.015665
59.2857140000000000 0.27522100000000000 0.021775
59.3877550000000000 0.33828600000000000 0.023949
59.4897960000000000 0.32012100000000000 0.023179
59.5918370000000000 0.33925400000000000 0.023785
59.6938780000000000 0.38540100000000000 0.026239
59.7959180000000000 0.37319800000000000 0.025844
59.8979590000000000 0.39724600000000000 0.026679
60.0000000000000000 0.33087300000000000 0.024471
