55.0000000000000000 0.20910600000000000 0.017521
55.1020410000000000 0.22549800000000000 0.018358
55.2040820000000000 0.17589400000000000 0.015995
55.3061220000000000 0.11501600000000000 0.012444
55.4081630000000000 0.07872500000000000 0.010351
55.5102040000000000 0.06742500000000000 0.009908
55.6122450000000000 0.03475200000000000 0.007043
55.7142860000000000 0.01829500000000000 0.005409
55.8163270000000000 0.00664600000000000 0.004372
55.9183670000000000 0.00222600000000000 0.003671
56.0204080000000000 -0.0020970000000000 0.003136
56.1224490000000000 -0.0042450000000000 0.002679
56.2244900000000000 0.00422900000000000 0.003866
56.3265310000000000 0.00696400000000000 0.004582
56.4285710000000000 0.00011200000000000 0.003386
56.5306120000000000 0.00345100000000000 0.004018
56.6326530000000000 0.00120200000000000 0.003614
56.7346940000000000 -0.0009670000000000 0.003247
56.8367350000000000 -0.0055520000000000 0.002550
56.9387760000000000 0.00010600000000000 0.003198
57.0408160000000000 -0.0031690000000000 0.002903
57.1428570000000000 0.00550900000000000 0.004194
57.2448980000000000 -0.0078300000000000 0.001994
57.3469390000000000 0.00475300000000000 0.004346
57.4489800000000000 -0.0031180000000000 0.002856
57.5510200000000000 -0.0052210000000000 0.002397
57.6530610000000000 0.00343200000000000 0.003996
57.7551020000000000 0.00011400000000000 0.003430
57.8571430000000000 0.00011500000000000 0.003464
57.9591840000000000 0.00119600000000000 0.003598
58.0612240000000000 -0.0073700000000000 0.001876
58.1632650000000000 0.00474200000000000 0.004336
58.2653060000000000 0.00344800000000000 0.004014
58.3673470000000000 0.00456800000000000 0.004176
58.4693880000000000 0.00777700000000000 0.004534
58.5714290000000000 0.00011400000000000 0.003441
58.6734690000000000 0.00559400000000000 0.004259
58.7755100000000000 0.01179400000000000 0.004901
58.8775510000000000 0.00784500000000000 0.004574
58.9795920000000000 0.00554500000000000 0.004222
59.0816330000000000 0.00637500000000000 0.004194
59.1836730000000000 0.01024600000000000 0.004934
59.2857140000000000 0.02363600000000000 0.006531
59.3877550000000000 0.04455300000000000 0.007972
59.4897960000000000 0.04707800000000000 0.008203
59.5918370000000000 0.05433200000000000 0.008614
59.6938780000000000 0.06359900000000000 0.009420
59.7959180000000000 0.06895900000000000 0.009867
59.8979590000000000 0.06521800000000000 0.009487
60.0000000000000000 0.06345800000000000 0.009780
