55.0000000000000000 0.36293500000000000 0.024851
55.1020410000000000 0.37646400000000000 0.025493
55.2040820000000000 0.40592700000000000 0.027074
55.3061220000000000 0.39121100000000000 0.026065
55.4081630000000000 0.35440700000000000 0.024626
55.5102040000000000 0.35033400000000000 0.025085
55.6122450000000000 0.34023000000000000 0.023694
55.7142860000000000 0.29921500000000000 0.021412
55.8163270000000000 0.28206300000000000 0.021335
55.9183670000000000 0.29621700000000000 0.021721
56.0204080000000000 0.33433200000000000 0.023991
56.1224490000000000 0.35538600000000000 0.024804
56.2244900000000000 0.37101000000000000 0.024893
56.3265310000000000 0.38569700000000000 0.026745
56.4285710000000000 0.40519700000000000 0.026860
56.5306120000000000 0.38139400000000000 0.026236
56.6326530000000000 0.39158600000000000 0.026446
56.7346940000000000 0.36527900000000000 0.025163
56.8367350000000000 0.34948100000000000 0.024979
56.9387760000000000 0.33828300000000000 0.023192
57.0408160000000000 0.39744100000000000 0.026791
57.1428570000000000 0.33790500000000000 0.023884
57.2448980000000000 0.37031800000000000 0.025972
57.3469390000000000 0.38339800000000000 0.026818
57.4489800000000000 0.37917600000000000 0.025764
57.5510200000000000 0.37873500000000000 0.025633
57.6530610000000000 0.30411600000000000 0.022547
57.7551020000000000 0.38231100000000000 0.025970
57.8571430000000000 0.35655200000000000 0.024895
57.9591840000000000 0.37040100000000000 0.025424
58.0612240000000000 0.38809600000000000 0.026084
58.1632650000000000 0.35132000000000000 0.025276
58.2653060000000000 0.37097800000000000 0.025741
58.3673470000000000 0.33841800000000000 0.024244
58.4693880000000000 0.37773900000000000 0.025887
58.5714290000000000 0.37052200000000000 0.025466
58.6734690000000000 0.34418400000000000 0.024343
58.7755100000000000 0.29853800000000000 0.021873
58.8775510000000000 0.21323300000000000 0.018071
58.9795920000000000 0.11308300000000000 0.012522
59.0816330000000000 0.10244800000000000 0.011647
59.1836730000000000 0.14979100000000000 0.014862
59.2857140000000000 0.27522100000000000 0.021775
59.3877550000000000 0.30468600000000000 0.022371
59.4897960000000000 0.33322700000000000 0.023795
59.5918370000000000 0.36264400000000000 0.024862
59.6938780000000000 0.34490200000000000 0.024365
59.7959180000000000 0.37208800000000000 0.025792
59.8979590000000000 0.35709900000000000 0.024834
60.0000000000000000 0.36606000000000000 0.026153
