55.0000000000000000 0.38309200000000000 0.025771
55.1020410000000000 0.34563300000000000 0.024079
55.2040820000000000 0.37337500000000000 0.025585
55.3061220000000000 0.38172300000000000 0.025636
55.4081630000000000 0.35979200000000000 0.024874
55.5102040000000000 0.35147500000000000 0.025138
55.6122450000000000 0.34023000000000000 0.023694
55.7142860000000000 0.31942500000000000 0.022342
55.8163270000000000 0.30165800000000000 0.022272
55.9183670000000000 0.32159800000000000 0.022910
56.0204080000000000 0.36199900000000000 0.025285
56.1224490000000000 0.34448800000000000 0.024297
56.2244900000000000 0.35864700000000000 0.024333
56.3265310000000000 0.35603800000000000 0.025354
56.4285710000000000 0.37099400000000000 0.025304
56.5306120000000000 0.34804600000000000 0.024684
56.6326530000000000 0.34917600000000000 0.024491
56.7346940000000000 0.34151100000000000 0.024064
56.8367350000000000 0.38804700000000000 0.026786
56.9387760000000000 0.39885100000000000 0.025910
57.0408160000000000 0.39415800000000000 0.026641
57.1428570000000000 0.39402400000000000 0.026467
57.2448980000000000 0.37713200000000000 0.026291
57.3469390000000000 0.35560700000000000 0.025506
57.4489800000000000 0.31779300000000000 0.022921
57.5510200000000000 0.39153400000000000 0.026216
57.6530610000000000 0.33949000000000000 0.024221
57.7551020000000000 0.39205500000000000 0.026416
57.8571430000000000 0.36748600000000000 0.025401
57.9591840000000000 0.37040100000000000 0.025424
58.0612240000000000 0.36992600000000000 0.025255
58.1632650000000000 0.41832500000000000 0.028419
58.2653060000000000 0.34988100000000000 0.024757
58.3673470000000000 0.39962400000000000 0.027091
58.4693880000000000 0.35475300000000000 0.024823
58.5714290000000000 0.36617700000000000 0.025266
58.6734690000000000 0.35952500000000000 0.025057
58.7755100000000000 0.30703400000000000 0.022273
58.8775510000000000 0.21875400000000000 0.018351
58.9795920000000000 0.13046300000000000 0.013526
59.0816330000000000 0.10558100000000000 0.011833
59.1836730000000000 0.15766800000000000 0.015297
59.2857140000000000 0.30108500000000000 0.023050
59.3877550000000000 0.28734300000000000 0.021545
59.4897960000000000 0.36490000000000000 0.025269
59.5918370000000000 0.35520200000000000 0.024520
59.6938780000000000 0.40400900000000000 0.027092
59.7959180000000000 0.33322500000000000 0.023975
59.8979590000000000 0.36903500000000000 0.025385
60.0000000000000000 0.36019500000000000 0.025875
