55.0000000000000000 0.27594200000000000 0.020790
55.1020410000000000 0.25632900000000000 0.019868
55.2040820000000000 0.21278600000000000 0.017897
55.3061220000000000 0.20040400000000000 0.017029
55.4081630000000000 0.15087600000000000 0.014598
55.5102040000000000 0.11875900000000000 0.013181
55.6122450000000000 0.07569200000000000 0.010014
55.7142860000000000 0.05063100000000000 0.008105
55.8163270000000000 0.01100000000000000 0.004900
55.9183670000000000 0.00539900000000000 0.004110
56.0204080000000000 0.00011600000000000 0.003506
56.1224490000000000 0.00447300000000000 0.004090
56.2244900000000000 0.00422900000000000 0.003866
56.3265310000000000 -0.0021620000000000 0.003233
56.4285710000000000 0.00011200000000000 0.003386
56.5306120000000000 -0.0021070000000000 0.003150
56.6326530000000000 -0.0042360000000000 0.002673
56.7346940000000000 0.00119400000000000 0.003590
56.8367350000000000 0.00579000000000000 0.004409
56.9387760000000000 0.00313400000000000 0.003649
57.0408160000000000 0.00230400000000000 0.003800
57.1428570000000000 0.00335100000000000 0.003901
57.2448980000000000 -0.0044230000000000 0.002791
57.3469390000000000 0.00706900000000000 0.004651
57.4489800000000000 0.00011300000000000 0.003411
57.5510200000000000 -0.0009550000000000 0.003205
57.6530610000000000 0.00343200000000000 0.003996
57.7551020000000000 -0.0031350000000000 0.002872
57.8571430000000000 0.00339500000000000 0.003952
57.9591840000000000 -0.0020520000000000 0.003068
58.0612240000000000 -0.0020260000000000 0.003029
58.1632650000000000 0.00012100000000000 0.003660
58.2653060000000000 0.00455800000000000 0.004167
58.3673470000000000 0.00568100000000000 0.004325
58.4693880000000000 0.00120900000000000 0.003637
58.5714290000000000 -0.0009720000000000 0.003264
58.6734690000000000 0.00230600000000000 0.003804
58.7755100000000000 -0.0062610000000000 0.002141
58.8775510000000000 -0.0020930000000000 0.003129
58.9795920000000000 0.00663100000000000 0.004362
59.0816330000000000 0.00011000000000000 0.003308
59.1836730000000000 0.00349400000000000 0.004068
59.2857140000000000 0.00365000000000000 0.004250
59.3877550000000000 0.00770100000000000 0.004489
59.4897960000000000 0.00339100000000000 0.003948
59.5918370000000000 0.00223800000000000 0.003691
59.6938780000000000 0.00996600000000000 0.004799
59.7959180000000000 0.01899300000000000 0.005836
59.8979590000000000 0.01530500000000000 0.005365
60.0000000000000000 0.02358100000000000 0.006515
