55.0000000000000000 0.37884800000000000 0.025578
55.1020410000000000 0.40304300000000000 0.026700
55.2040820000000000 0.35275900000000000 0.024633
55.3061220000000000 0.37329000000000000 0.025253
55.4081630000000000 0.37056000000000000 0.025369
55.5102040000000000 0.32637800000000000 0.023946
55.6122450000000000 0.37487100000000000 0.025277
55.7142860000000000 0.31942500000000000 0.022342
55.8163270000000000 0.31907600000000000 0.023095
55.9183670000000000 0.33428800000000000 0.023498
56.0204080000000000 0.33654600000000000 0.024095
56.1224490000000000 0.38372100000000000 0.026111
56.2244900000000000 0.36173800000000000 0.024473
56.3265310000000000 0.36972700000000000 0.025998
56.4285710000000000 0.36137500000000000 0.024863
56.5306120000000000 0.37917100000000000 0.026133
56.6326530000000000 0.36548800000000000 0.025247
56.7346940000000000 0.36095800000000000 0.024964
56.8367350000000000 0.38804700000000000 0.026786
56.9387760000000000 0.34635800000000000 0.023558
57.0408160000000000 0.36679300000000000 0.025382
57.1428570000000000 0.31955800000000000 0.023027
57.2448980000000000 0.36918300000000000 0.025919
57.3469390000000000 0.37413400000000000 0.026382
57.4489800000000000 0.37486800000000000 0.025567
57.5510200000000000 0.38620100000000000 0.025973
57.6530610000000000 0.34612300000000000 0.024532
57.7551020000000000 0.37040100000000000 0.025424
57.8571430000000000 0.39044600000000000 0.026458
57.9591840000000000 0.37473200000000000 0.025623
58.0612240000000000 0.37954500000000000 0.025695
58.1632650000000000 0.34323300000000000 0.024892
58.2653060000000000 0.37652900000000000 0.025998
58.3673470000000000 0.40185000000000000 0.027193
58.4693880000000000 0.34380800000000000 0.024314
58.5714290000000000 0.37812600000000000 0.025816
58.6734690000000000 0.34089700000000000 0.024190
58.7755100000000000 0.33783200000000000 0.023708
58.8775510000000000 0.19004400000000000 0.016876
58.9795920000000000 0.11851400000000000 0.012840
59.0816330000000000 0.11289100000000000 0.012261
59.1836730000000000 0.15654300000000000 0.015235
59.2857140000000000 0.26111400000000000 0.021070
59.3877550000000000 0.32419500000000000 0.023290
59.4897960000000000 0.41404800000000000 0.027523
59.5918370000000000 0.36158000000000000 0.024813
59.6938780000000000 0.37883400000000000 0.025937
59.7959180000000000 0.34655000000000000 0.024601
59.8979590000000000 0.33539800000000000 0.023826
60.0000000000000000 0.36136800000000000 0.025930
