55.0000000000000000 0.41385800000000000 0.027162
55.1020410000000000 0.37540100000000000 0.025445
55.2040820000000000 0.35926900000000000 0.024935
55.3061220000000000 0.31320100000000000 0.022486
55.4081630000000000 0.35871500000000000 0.024824
55.5102040000000000 0.29671800000000000 0.022519
55.6122450000000000 0.30978700000000000 0.022283
55.7142860000000000 0.21837500000000000 0.017575
55.8163270000000000 0.19932900000000000 0.017239
55.9183670000000000 0.23170800000000000 0.018618
56.0204080000000000 0.20263800000000000 0.017547
56.1224490000000000 0.16685200000000000 0.015549
56.2244900000000000 0.13198400000000000 0.013254
56.3265310000000000 0.10164800000000000 0.012146
56.4285710000000000 0.07279200000000000 0.009920
56.5306120000000000 0.04013400000000000 0.007738
56.6326530000000000 0.01533800000000000 0.005376
56.7346940000000000 0.00443500000000000 0.004055
56.8367350000000000 0.00238800000000000 0.003938
56.9387760000000000 -0.0039320000000000 0.002481
57.0408160000000000 -0.0031690000000000 0.002903
57.1428570000000000 -0.0042040000000000 0.002652
57.2448980000000000 -0.0044230000000000 0.002791
57.3469390000000000 -0.0033520000000000 0.003071
57.4489800000000000 0.00226700000000000 0.003739
57.5510200000000000 0.00011200000000000 0.003379
57.6530610000000000 -0.0043060000000000 0.002717
57.7551020000000000 0.00227900000000000 0.003759
57.8571430000000000 0.00339500000000000 0.003952
57.9591840000000000 0.00011400000000000 0.003430
58.0612240000000000 -0.0030940000000000 0.002835
58.1632650000000000 0.01282900000000000 0.005333
58.2653060000000000 -0.0009940000000000 0.003337
58.3673470000000000 0.00234200000000000 0.003864
58.4693880000000000 -0.0031690000000000 0.002903
58.5714290000000000 0.00120000000000000 0.003610
58.6734690000000000 -0.0042680000000000 0.002693
58.7755100000000000 0.00542100000000000 0.004127
58.8775510000000000 -0.0065100000000000 0.002226
58.9795920000000000 0.00445900000000000 0.004077
59.0816330000000000 -0.0030230000000000 0.002770
59.1836730000000000 -0.0010070000000000 0.003382
59.2857140000000000 0.00012300000000000 0.003724
59.3877550000000000 0.00986900000000000 0.004752
59.4897960000000000 0.01431300000000000 0.005282
59.5918370000000000 0.01605900000000000 0.005368
59.6938780000000000 0.02200600000000000 0.006077
59.7959180000000000 0.03120700000000000 0.006982
59.8979590000000000 0.02941100000000000 0.006725
60.0000000000000000 0.02123500000000000 0.006285
