55.0000000000000000 0.41491800000000000 0.027210
55.1020410000000000 0.36051700000000000 0.024764
55.2040820000000000 0.37012000000000000 0.025435
55.3061220000000000 0.36907300000000000 0.025061
55.4081630000000000 0.37163700000000000 0.025419
55.5102040000000000 0.33322200000000000 0.024273
55.6122450000000000 0.31083600000000000 0.022332
55.7142860000000000 0.30325700000000000 0.021599
55.8163270000000000 0.27335400000000000 0.020916
55.9183670000000000 0.30573500000000000 0.022169
56.0204080000000000 0.33543900000000000 0.024043
56.1224490000000000 0.35756600000000000 0.024905
56.2244900000000000 0.37822200000000000 0.025218
56.3265310000000000 0.33550400000000000 0.024381
56.4285710000000000 0.37099400000000000 0.025304
56.5306120000000000 0.41363100000000000 0.027720
56.6326530000000000 0.38723600000000000 0.026247
56.7346940000000000 0.35231500000000000 0.024565
56.8367350000000000 0.37670400000000000 0.026257
56.9387760000000000 0.36352000000000000 0.024332
57.0408160000000000 0.37336100000000000 0.025685
57.1428570000000000 0.37351900000000000 0.025530
57.2448980000000000 0.35101400000000000 0.025065
57.3469390000000000 0.37066100000000000 0.026219
57.4489800000000000 0.39532900000000000 0.026501
57.5510200000000000 0.36273700000000000 0.024902
57.6530610000000000 0.38923500000000000 0.026533
57.7551020000000000 0.32817500000000000 0.023465
57.8571430000000000 0.34999200000000000 0.024590
57.9591840000000000 0.38447600000000000 0.026069
58.0612240000000000 0.39450900000000000 0.026376
58.1632650000000000 0.40792800000000000 0.027936
58.2653060000000000 0.34877000000000000 0.024705
58.3673470000000000 0.36401300000000000 0.025442
58.4693880000000000 0.36351000000000000 0.025230
58.5714290000000000 0.36726300000000000 0.025316
58.6734690000000000 0.35514200000000000 0.024854
58.7755100000000000 0.29747600000000000 0.021823
58.8775510000000000 0.20439900000000000 0.017619
58.9795920000000000 0.12068700000000000 0.012966
59.0816330000000000 0.09827100000000000 0.011397
59.1836730000000000 0.17567400000000000 0.016271
59.2857140000000000 0.22114200000000000 0.019035
59.3877550000000000 0.34262200000000000 0.024151
59.4897960000000000 0.34633300000000000 0.024407
59.5918370000000000 0.31480200000000000 0.022648
59.6938780000000000 0.37773900000000000 0.025887
59.7959180000000000 0.35210100000000000 0.024861
59.8979590000000000 0.37446000000000000 0.025635
60.0000000000000000 0.37075100000000000 0.026376
