55.0000000000000000 0.43825800000000000 0.028256
55.1020410000000000 0.43919000000000000 0.028324
55.2040820000000000 0.43847900000000000 0.028548
55.3061220000000000 0.45446100000000000 0.028899
55.4081630000000000 0.40825100000000000 0.027088
55.5102040000000000 0.39482400000000000 0.027170
55.6122450000000000 0.38326900000000000 0.025658
55.7142860000000000 0.34266600000000000 0.023401
55.8163270000000000 0.28968300000000000 0.021701
55.9183670000000000 0.31419500000000000 0.022564
56.0204080000000000 0.32326600000000000 0.023469
56.1224490000000000 0.33250100000000000 0.023737
56.2244900000000000 0.31022300000000000 0.022114
56.3265310000000000 0.26705800000000000 0.021068
56.4285710000000000 0.23097800000000000 0.018676
56.5306120000000000 0.21687800000000000 0.018314
56.6326530000000000 0.19585000000000000 0.017051
56.7346940000000000 0.14272300000000000 0.014174
56.8367350000000000 0.10560800000000000 0.012353
56.9387760000000000 0.07379800000000000 0.009684
57.0408160000000000 0.04061400000000000 0.007706
57.1428570000000000 0.01953900000000000 0.005779
57.2448980000000000 0.00466100000000000 0.004262
57.3469390000000000 -0.0021940000000000 0.003282
57.4489800000000000 -0.0041950000000000 0.002647
57.5510200000000000 0.00437800000000000 0.004003
57.6530610000000000 -0.0009890000000000 0.003322
57.7551020000000000 -0.0042170000000000 0.002661
57.8571430000000000 0.00011500000000000 0.003464
57.9591840000000000 -0.0031350000000000 0.002872
58.0612240000000000 -0.0009570000000000 0.003212
58.1632650000000000 0.00243200000000000 0.004011
58.2653060000000000 -0.0009940000000000 0.003337
58.3673470000000000 0.00345500000000000 0.004023
58.4693880000000000 0.00449300000000000 0.004108
58.5714290000000000 -0.0031450000000000 0.002881
58.6734690000000000 -0.0009810000000000 0.003293
58.7755100000000000 0.00117300000000000 0.003529
58.8775510000000000 0.00232400000000000 0.003834
58.9795920000000000 0.00011400000000000 0.003441
59.0816330000000000 0.00324200000000000 0.003775
59.1836730000000000 0.00799600000000000 0.004662
59.2857140000000000 0.02481200000000000 0.006644
59.3877550000000000 0.02829500000000000 0.006621
59.4897960000000000 0.04161700000000000 0.007776
59.5918370000000000 0.06071100000000000 0.009069
59.6938780000000000 0.08330200000000000 0.010740
59.7959180000000000 0.08561400000000000 0.010972
59.8979590000000000 0.07715300000000000 0.010291
60.0000000000000000 0.09747200000000000 0.012062
