55.0000000000000000 0.37036100000000000 0.025191
55.1020410000000000 0.34138100000000000 0.023883
55.2040820000000000 0.38422600000000000 0.026083
55.3061220000000000 0.33955600000000000 0.023708
55.4081630000000000 0.43086600000000000 0.028110
55.5102040000000000 0.35261500000000000 0.025192
55.6122450000000000 0.35492600000000000 0.024368
55.7142860000000000 0.31740400000000000 0.022250
55.8163270000000000 0.26464500000000000 0.020494
55.9183670000000000 0.29621700000000000 0.021721
56.0204080000000000 0.37306600000000000 0.025799
56.1224490000000000 0.33686000000000000 0.023941
56.2244900000000000 0.36688900000000000 0.024706
56.3265310000000000 0.35033400000000000 0.025085
56.4285710000000000 0.38916500000000000 0.026133
56.5306120000000000 0.36916700000000000 0.025669
56.6326530000000000 0.32960300000000000 0.023578
56.7346940000000000 0.38904700000000000 0.026253
56.8367350000000000 0.39031600000000000 0.026891
56.9387760000000000 0.37058600000000000 0.024649
57.0408160000000000 0.37992800000000000 0.025988
57.1428570000000000 0.36380600000000000 0.025083
57.2448980000000000 0.40779300000000000 0.027716
57.3469390000000000 0.39613500000000000 0.027415
57.4489800000000000 0.36625300000000000 0.025171
57.5510200000000000 0.37340300000000000 0.025390
57.6530610000000000 0.33838500000000000 0.024169
57.7551020000000000 0.37473200000000000 0.025623
57.8571430000000000 0.35873900000000000 0.024996
57.9591840000000000 0.36607000000000000 0.025224
58.0612240000000000 0.36671900000000000 0.025108
58.1632650000000000 0.34554400000000000 0.025002
58.2653060000000000 0.35543300000000000 0.025017
58.3673470000000000 0.35511100000000000 0.025027
58.4693880000000000 0.36132100000000000 0.025128
58.5714290000000000 0.35531500000000000 0.024764
58.6734690000000000 0.34637600000000000 0.024446
58.7755100000000000 0.31022000000000000 0.022422
58.8775510000000000 0.20219000000000000 0.017506
58.9795920000000000 0.11634200000000000 0.012714
59.0816330000000000 0.10035900000000000 0.011522
59.1836730000000000 0.14528900000000000 0.014611
59.2857140000000000 0.23760100000000000 0.019881
59.3877550000000000 0.30576900000000000 0.022422
59.4897960000000000 0.34087200000000000 0.024153
59.5918370000000000 0.37221200000000000 0.025299
59.6938780000000000 0.34161800000000000 0.024212
59.7959180000000000 0.34432900000000000 0.024497
59.8979590000000000 0.36469500000000000 0.025185
60.0000000000000000 0.34494800000000000 0.025147
