55.0000000000000000 0.36717900000000000 0.025045
55.1020410000000000 0.36689600000000000 0.025056
55.2040820000000000 0.36903500000000000 0.025385
55.3061220000000000 0.38594000000000000 0.025827
55.4081630000000000 0.38240600000000000 0.025912
55.5102040000000000 0.41649800000000000 0.028175
55.6122450000000000 0.31503600000000000 0.022528
55.7142860000000000 0.30527800000000000 0.021692
55.8163270000000000 0.28206300000000000 0.021335
55.9183670000000000 0.31102200000000000 0.022416
56.0204080000000000 0.35314600000000000 0.024872
56.1224490000000000 0.36083500000000000 0.025056
56.2244900000000000 0.37410100000000000 0.025032
56.3265310000000000 0.33664500000000000 0.024435
56.4285710000000000 0.36992600000000000 0.025255
56.5306120000000000 0.34915800000000000 0.024736
56.6326530000000000 0.37962400000000000 0.025898
56.7346940000000000 0.34691300000000000 0.024314
56.8367350000000000 0.38691300000000000 0.026733
56.9387760000000000 0.37159500000000000 0.024694
57.0408160000000000 0.34599700000000000 0.024416
57.1428570000000000 0.34653900000000000 0.024285
57.2448980000000000 0.38394500000000000 0.026609
57.3469390000000000 0.38803000000000000 0.027035
57.4489800000000000 0.36302200000000000 0.025023
57.5510200000000000 0.35420500000000000 0.024509
57.6530610000000000 0.35607200000000000 0.024996
57.7551020000000000 0.34658100000000000 0.024323
57.8571430000000000 0.37951300000000000 0.025956
57.9591840000000000 0.37798000000000000 0.025772
58.0612240000000000 0.36137500000000000 0.024863
58.1632650000000000 0.36056200000000000 0.025714
58.2653060000000000 0.37875000000000000 0.026101
58.3673470000000000 0.36401300000000000 0.025442
58.4693880000000000 0.40838700000000000 0.027291
58.5714290000000000 0.33033100000000000 0.023601
58.6734690000000000 0.34747200000000000 0.024497
58.7755100000000000 0.29428900000000000 0.021672
58.8775510000000000 0.22758800000000000 0.018796
58.9795920000000000 0.11742800000000000 0.012777
59.0816330000000000 0.10871400000000000 0.012017
59.1836730000000000 0.13741200000000000 0.014167
59.2857140000000000 0.24347900000000000 0.020180
59.3877550000000000 0.35346000000000000 0.024654
59.4897960000000000 0.33213500000000000 0.023744
59.5918370000000000 0.37540100000000000 0.025445
59.6938780000000000 0.37117200000000000 0.025584
59.7959180000000000 0.33877700000000000 0.024236
59.8979590000000000 0.35275900000000000 0.024633
60.0000000000000000 0.34025600000000000 0.024922
