55.0000000000000000 0.11893100000000000 0.012710
55.1020410000000000 0.10217300000000000 0.011739
55.2040820000000000 0.06304700000000000 0.009336
55.3061220000000000 0.03595300000000000 0.007160
55.4081630000000000 0.03672700000000000 0.007317
55.5102040000000000 0.01723100000000000 0.005762
55.6122450000000000 0.00955800000000000 0.004602
55.7142860000000000 0.00616900000000000 0.004058
55.8163270000000000 0.00338000000000000 0.003935
55.9183670000000000 0.00434100000000000 0.003969
56.0204080000000000 0.00343600000000000 0.004000
56.1224490000000000 0.00774300000000000 0.004514
56.2244900000000000 -0.0029830000000000 0.002733
56.3265310000000000 -0.0010210000000000 0.003428
56.4285710000000000 0.00011200000000000 0.003386
56.5306120000000000 -0.0076650000000000 0.001951
56.6326530000000000 -0.0009730000000000 0.003268
56.7346940000000000 0.00011300000000000 0.003423
56.8367350000000000 0.00011900000000000 0.003593
56.9387760000000000 -0.0029230000000000 0.002677
57.0408160000000000 -0.0042630000000000 0.002690
57.1428570000000000 0.00227200000000000 0.003747
57.2448980000000000 0.00011900000000000 0.003597
57.3469390000000000 0.00475300000000000 0.004346
57.4489800000000000 0.00011300000000000 0.003411
57.5510200000000000 0.00757800000000000 0.004418
57.6530610000000000 0.00453800000000000 0.004149
57.7551020000000000 0.00011400000000000 0.003430
57.8571430000000000 -0.0031650000000000 0.002900
57.9591840000000000 -0.0020520000000000 0.003068
58.0612240000000000 0.00331900000000000 0.003864
58.1632650000000000 -0.0033450000000000 0.003064
58.2653060000000000 0.01455100000000000 0.005371
58.3673470000000000 0.00901900000000000 0.004746
58.4693880000000000 0.00011500000000000 0.003467
58.5714290000000000 0.01749400000000000 0.005598
58.6734690000000000 0.00669000000000000 0.004401
58.7755100000000000 0.01710400000000000 0.005472
58.8775510000000000 0.00895000000000000 0.004709
58.9795920000000000 0.00554500000000000 0.004222
59.0816330000000000 0.00011000000000000 0.003308
59.1836730000000000 0.01812400000000000 0.005800
59.2857140000000000 0.02363600000000000 0.006531
59.3877550000000000 0.03479800000000000 0.007185
59.4897960000000000 0.07219800000000000 0.009997
59.5918370000000000 0.05326900000000000 0.008537
59.6938780000000000 0.05812700000000000 0.009033
59.7959180000000000 0.05785500000000000 0.009086
59.8979590000000000 0.07606800000000000 0.010219
60.0000000000000000 0.07753300000000000 0.010760
