55.0000000000000000 0.27700300000000000 0.020841
55.1020410000000000 0.31161300000000000 0.022498
55.2040820000000000 0.22906200000000000 0.018714
55.3061220000000000 0.20778400000000000 0.017401
55.4081630000000000 0.18318300000000000 0.016317
55.5102040000000000 0.17921900000000000 0.016570
55.6122450000000000 0.09668700000000000 0.011332
55.7142860000000000 0.08498800000000000 0.010398
55.8163270000000000 0.04583600000000000 0.008092
55.9183670000000000 0.02549100000000000 0.006267
56.0204080000000000 0.00786300000000000 0.004584
56.1224490000000000 0.00774300000000000 0.004514
56.2244900000000000 0.00010800000000000 0.003264
56.3265310000000000 -0.0021620000000000 0.003233
56.4285710000000000 0.00225000000000000 0.003711
56.5306120000000000 0.00234000000000000 0.003859
56.6326530000000000 0.00337600000000000 0.003931
56.7346940000000000 0.00443500000000000 0.004055
56.8367350000000000 0.00011900000000000 0.003593
56.9387760000000000 -0.0029230000000000 0.002677
57.0408160000000000 -0.0042630000000000 0.002690
57.1428570000000000 -0.0020450000000000 0.003058
57.2448980000000000 -0.0066940000000000 0.002290
57.3469390000000000 -0.0033520000000000 0.003071
57.4489800000000000 0.00011300000000000 0.003411
57.5510200000000000 -0.0020210000000000 0.003023
57.6530610000000000 -0.0032000000000000 0.002932
57.7551020000000000 0.00444400000000000 0.004063
57.8571430000000000 -0.0009790000000000 0.003286
57.9591840000000000 -0.0053000000000000 0.002433
58.0612240000000000 -0.0030940000000000 0.002835
58.1632650000000000 -0.0021890000000000 0.003274
58.2653060000000000 0.00011600000000000 0.003518
58.3673470000000000 -0.0032220000000000 0.002952
58.4693880000000000 0.00011500000000000 0.003467
58.5714290000000000 0.00554500000000000 0.004222
58.6734690000000000 0.01655100000000000 0.005533
58.7755100000000000 0.01179400000000000 0.004901
58.8775510000000000 0.01336700000000000 0.005220
58.9795920000000000 0.00554500000000000 0.004222
59.0816330000000000 0.01472900000000000 0.005162
59.1836730000000000 0.01362200000000000 0.005320
59.2857140000000000 0.03656800000000000 0.007702
59.3877550000000000 0.04997200000000000 0.008386
59.4897960000000000 0.03943300000000000 0.007601
59.5918370000000000 0.05220600000000000 0.008459
59.6938780000000000 0.05593800000000000 0.008874
59.7959180000000000 0.07340000000000000 0.010169
59.8979590000000000 0.09017400000000000 0.011126
60.0000000000000000 0.08339700000000000 0.011152
