55.0000000000000000 0.35550900000000000 0.024511
55.1020410000000000 0.37752800000000000 0.025542
55.2040820000000000 0.34733400000000000 0.024382
55.3061220000000000 0.37961500000000000 0.025540
55.4081630000000000 0.33179300000000000 0.023576
55.5102040000000000 0.32865900000000000 0.024055
55.6122450000000000 0.30663700000000000 0.022136
55.7142860000000000 0.29719400000000000 0.021319
55.8163270000000000 0.31472100000000000 0.022890
55.9183670000000000 0.31102200000000000 0.022416
56.0204080000000000 0.36642600000000000 0.025491
56.1224490000000000 0.40006800000000000 0.026859
56.2244900000000000 0.36070700000000000 0.024427
56.3265310000000000 0.37999400000000000 0.026479
56.4285710000000000 0.38809600000000000 0.026084
56.5306120000000000 0.36694400000000000 0.025566
56.6326530000000000 0.36548800000000000 0.025247
56.7346940000000000 0.34259100000000000 0.024114
56.8367350000000000 0.36876400000000000 0.025886
56.9387760000000000 0.38976600000000000 0.025506
57.0408160000000000 0.40291400000000000 0.027042
57.1428570000000000 0.36380600000000000 0.025083
57.2448980000000000 0.36009800000000000 0.025492
57.3469390000000000 0.43434700000000000 0.029191
57.4489800000000000 0.38563700000000000 0.026060
57.5510200000000000 0.38193500000000000 0.025779
57.6530610000000000 0.34833400000000000 0.024635
57.7551020000000000 0.38555900000000000 0.026119
57.8571430000000000 0.41340700000000000 0.027507
57.9591840000000000 0.37581500000000000 0.025672
58.0612240000000000 0.37633900000000000 0.025548
58.1632650000000000 0.40446200000000000 0.027775
58.2653060000000000 0.38985400000000000 0.026614
58.3673470000000000 0.34509500000000000 0.024558
58.4693880000000000 0.38211700000000000 0.026088
58.5714290000000000 0.38355700000000000 0.026065
58.6734690000000000 0.32555600000000000 0.023470
58.7755100000000000 0.29004100000000000 0.021471
58.8775510000000000 0.21765000000000000 0.018295
58.9795920000000000 0.11091000000000000 0.012394
59.0816330000000000 0.10349200000000000 0.011709
59.1836730000000000 0.15316700000000000 0.015049
59.2857140000000000 0.25170800000000000 0.020597
59.3877550000000000 0.34262200000000000 0.024151
59.4897960000000000 0.36599200000000000 0.025320
59.5918370000000000 0.37433800000000000 0.025396
59.6938780000000000 0.36898300000000000 0.025483
59.7959180000000000 0.33211500000000000 0.023922
59.8979590000000000 0.37880000000000000 0.025834
60.0000000000000000 0.37192400000000000 0.026431
