55.0000000000000000 0.34914300000000000 0.024218
55.1020410000000000 0.38603300000000000 0.025929
55.2040820000000000 0.37663000000000000 0.025735
55.3061220000000000 0.38066900000000000 0.025588
55.4081630000000000 0.38563700000000000 0.026060
55.5102040000000000 0.36060100000000000 0.025569
55.6122450000000000 0.35072700000000000 0.024176
55.7142860000000000 0.34367700000000000 0.023447
55.8163270000000000 0.28097400000000000 0.021283
55.9183670000000000 0.33534500000000000 0.023547
56.0204080000000000 0.34761200000000000 0.024614
56.1224490000000000 0.35102700000000000 0.024602
56.2244900000000000 0.36688900000000000 0.024706
56.3265310000000000 0.36858600000000000 0.025944
56.4285710000000000 0.37954500000000000 0.025695
56.5306120000000000 0.40251500000000000 0.027210
56.6326530000000000 0.36222500000000000 0.025096
56.7346940000000000 0.35123400000000000 0.024515
56.8367350000000000 0.37557000000000000 0.026204
56.9387760000000000 0.36654800000000000 0.024468
57.0408160000000000 0.38759000000000000 0.026340
57.1428570000000000 0.38431100000000000 0.026024
57.2448980000000000 0.37940300000000000 0.026397
57.3469390000000000 0.38455600000000000 0.026872
57.4489800000000000 0.37917600000000000 0.025764
57.5510200000000000 0.32647500000000000 0.023226
57.6530610000000000 0.37265400000000000 0.025767
57.7551020000000000 0.33142300000000000 0.023617
57.8571430000000000 0.37623300000000000 0.025805
57.9591840000000000 0.37364900000000000 0.025573
58.0612240000000000 0.36137500000000000 0.024863
58.1632650000000000 0.36980400000000000 0.026151
58.2653060000000000 0.38985400000000000 0.026614
58.3673470000000000 0.35177200000000000 0.024871
58.4693880000000000 0.31425400000000000 0.022925
58.5714290000000000 0.34988300000000000 0.024512
58.6734690000000000 0.37924900000000000 0.025969
58.7755100000000000 0.32296400000000000 0.023017
58.8775510000000000 0.20219000000000000 0.017506
58.9795920000000000 0.11199700000000000 0.012458
59.0816330000000000 0.09513800000000000 0.011207
59.1836730000000000 0.15429200000000000 0.015111
59.2857140000000000 0.25641100000000000 0.020834
59.3877550000000000 0.33395000000000000 0.023747
59.4897960000000000 0.35288600000000000 0.024712
59.5918370000000000 0.40198000000000000 0.026651
59.6938780000000000 0.35584800000000000 0.024874
59.7959180000000000 0.37764000000000000 0.026049
59.8979590000000000 0.36795000000000000 0.025335
60.0000000000000000 0.39186300000000000 0.027373
