55.0000000000000000 0.24199400000000000 0.019151
55.1020410000000000 0.24144500000000000 0.019143
55.2040820000000000 0.19000000000000000 0.016731
55.3061220000000000 0.18142900000000000 0.016058
55.4081630000000000 0.17241400000000000 0.015752
55.5102040000000000 0.12332200000000000 0.013450
55.6122450000000000 0.07044300000000000 0.009668
55.7142860000000000 0.03850500000000000 0.007186
55.8163270000000000 0.02406400000000000 0.006251
55.9183670000000000 0.01068600000000000 0.004760
56.0204080000000000 0.00343600000000000 0.004000
56.1224490000000000 -0.0053350000000000 0.002449
56.2244900000000000 0.00216900000000000 0.003577
56.3265310000000000 -0.0010210000000000 0.003428
56.4285710000000000 0.00652500000000000 0.004292
56.5306120000000000 0.00456300000000000 0.004172
56.6326530000000000 -0.0031480000000000 0.002884
56.7346940000000000 -0.0031280000000000 0.002865
56.8367350000000000 -0.0021500000000000 0.003215
56.9387760000000000 0.00818200000000000 0.004304
57.0408160000000000 0.00011500000000000 0.003467
57.1428570000000000 0.00550900000000000 0.004194
57.2448980000000000 0.00125500000000000 0.003774
57.3469390000000000 0.00475300000000000 0.004346
57.4489800000000000 0.00011300000000000 0.003411
57.5510200000000000 0.00544500000000000 0.004145
57.6530610000000000 0.00011600000000000 0.003502
57.7551020000000000 -0.0053000000000000 0.002433
57.8571430000000000 0.00448800000000000 0.004103
57.9591840000000000 0.00011400000000000 0.003430
58.0612240000000000 -0.0030940000000000 0.002835
58.1632650000000000 0.00127600000000000 0.003839
58.2653060000000000 -0.0009940000000000 0.003337
58.3673470000000000 -0.0032220000000000 0.002952
58.4693880000000000 0.00339900000000000 0.003957
58.5714290000000000 0.00011400000000000 0.003441
58.6734690000000000 0.00230600000000000 0.003804
58.7755100000000000 -0.0030750000000000 0.002817
58.8775510000000000 0.00122000000000000 0.003669
58.9795920000000000 0.00120000000000000 0.003610
59.0816330000000000 0.00533100000000000 0.004058
59.1836730000000000 0.00349400000000000 0.004068
59.2857140000000000 0.00365000000000000 0.004250
59.3877550000000000 0.01312000000000000 0.005123
59.4897960000000000 0.03069500000000000 0.006866
59.5918370000000000 0.03413200000000000 0.007045
59.6938780000000000 0.04389700000000000 0.007967
59.7959180000000000 0.05230400000000000 0.008678
59.8979590000000000 0.05762200000000000 0.008952
60.0000000000000000 0.06580400000000000 0.009947
