55.0000000000000000 0.42128400000000000 0.027496
55.1020410000000000 0.36689600000000000 0.025056
55.2040820000000000 0.40375700000000000 0.026975
55.3061220000000000 0.37118100000000000 0.025157
55.4081630000000000 0.35656100000000000 0.024725
55.5102040000000000 0.32181500000000000 0.023728
55.6122450000000000 0.29194100000000000 0.021446
55.7142860000000000 0.24363700000000000 0.018798
55.8163270000000000 0.24505000000000000 0.019536
55.9183670000000000 0.21161500000000000 0.017620
56.0204080000000000 0.20706500000000000 0.017775
56.1224490000000000 0.18428900000000000 0.016469
56.2244900000000000 0.12992400000000000 0.013140
56.3265310000000000 0.11761800000000000 0.013114
56.4285710000000000 0.07920500000000000 0.010341
56.5306120000000000 0.04458000000000000 0.008093
56.6326530000000000 0.02295000000000000 0.006141
56.7346940000000000 0.01848000000000000 0.005677
56.8367350000000000 0.00238800000000000 0.003938
56.9387760000000000 -0.0009040000000000 0.003034
57.0408160000000000 0.00339900000000000 0.003957
57.1428570000000000 -0.0042040000000000 0.002652
57.2448980000000000 0.00011900000000000 0.003597
57.3469390000000000 -0.0010360000000000 0.003480
57.4489800000000000 0.00765100000000000 0.004460
57.5510200000000000 0.00437800000000000 0.004003
57.6530610000000000 0.00896000000000000 0.004715
57.7551020000000000 -0.0009690000000000 0.003254
57.8571430000000000 0.00448800000000000 0.004103
57.9591840000000000 0.00227900000000000 0.003759
58.0612240000000000 0.00118100000000000 0.003552
58.1632650000000000 -0.0021890000000000 0.003274
58.2653060000000000 0.01122000000000000 0.004998
58.3673470000000000 -0.0021090000000000 0.003154
58.4693880000000000 -0.0064530000000000 0.002207
58.5714290000000000 -0.0042310000000000 0.002670
58.6734690000000000 0.00230600000000000 0.003804
58.7755100000000000 0.00223500000000000 0.003687
58.8775510000000000 -0.0009880000000000 0.003319
58.9795920000000000 -0.0009720000000000 0.003264
59.0816330000000000 -0.0019790000000000 0.002959
59.1836730000000000 -0.0010070000000000 0.003382
59.2857140000000000 0.01070400000000000 0.005155
59.3877550000000000 0.01962400000000000 0.005805
59.4897960000000000 0.01649700000000000 0.005515
59.5918370000000000 0.02456400000000000 0.006203
59.6938780000000000 0.02747900000000000 0.006589
59.7959180000000000 0.03009600000000000 0.006884
59.8979590000000000 0.03700600000000000 0.007373
60.0000000000000000 0.05876700000000000 0.009439
