55.0000000000000000 0.24835900000000000 0.019461
55.1020410000000000 0.20742500000000000 0.017454
55.2040820000000000 0.20953100000000000 0.017732
55.3061220000000000 0.12977400000000000 0.013284
55.4081630000000000 0.10887800000000000 0.012219
55.5102040000000000 0.09936600000000000 0.012005
55.6122450000000000 0.07254300000000000 0.009807
55.7142860000000000 0.04355800000000000 0.007579
55.8163270000000000 0.00882300000000000 0.004643
55.9183670000000000 0.01174400000000000 0.004880
56.0204080000000000 0.01229000000000000 0.005108
56.1224490000000000 0.00011400000000000 0.003452
56.2244900000000000 0.00629000000000000 0.004137
56.3265310000000000 -0.0033030000000000 0.003026
56.4285710000000000 0.00225000000000000 0.003711
56.5306120000000000 0.00122800000000000 0.003694
56.6326530000000000 0.00446400000000000 0.004081
56.7346940000000000 0.00335400000000000 0.003905
56.8367350000000000 -0.0021500000000000 0.003215
56.9387760000000000 0.00212500000000000 0.003505
57.0408160000000000 0.00558800000000000 0.004254
57.1428570000000000 -0.0052830000000000 0.002425
57.2448980000000000 -0.0078300000000000 0.001994
57.3469390000000000 -0.0045100000000000 0.002846
57.4489800000000000 0.00657400000000000 0.004325
57.5510200000000000 -0.0041540000000000 0.002621
57.6530610000000000 -0.0009890000000000 0.003322
57.7551020000000000 0.00011400000000000 0.003430
57.8571430000000000 0.00120800000000000 0.003633
57.9591840000000000 0.00444400000000000 0.004063
58.0612240000000000 -0.0020260000000000 0.003029
58.1632650000000000 0.00474200000000000 0.004336
58.2653060000000000 0.00011600000000000 0.003518
58.3673470000000000 0.00123000000000000 0.003698
58.4693880000000000 0.00120900000000000 0.003637
58.5714290000000000 0.00011400000000000 0.003441
58.6734690000000000 0.00011500000000000 0.003471
58.7755100000000000 0.00223500000000000 0.003687
58.8775510000000000 0.00342900000000000 0.003992
58.9795920000000000 0.00011400000000000 0.003441
59.0816330000000000 -0.0030230000000000 0.002770
59.1836730000000000 0.00011800000000000 0.003565
59.2857140000000000 0.01540700000000000 0.005688
59.3877550000000000 0.01962400000000000 0.005805
59.4897960000000000 0.02523500000000000 0.006374
59.5918370000000000 0.03944800000000000 0.007481
59.6938780000000000 0.02310100000000000 0.006182
59.7959180000000000 0.04009000000000000 0.007729
59.8979590000000000 0.04568600000000000 0.008065
60.0000000000000000 0.04703800000000000 0.008547
