55.0000000000000000 0.40643100000000000 0.026827
55.1020410000000000 0.38815900000000000 0.026025
55.2040820000000000 0.35709900000000000 0.024834
55.3061220000000000 0.35009800000000000 0.024193
55.4081630000000000 0.38132900000000000 0.025863
55.5102040000000000 0.39824600000000000 0.027329
55.6122450000000000 0.32448300000000000 0.022967
55.7142860000000000 0.29416200000000000 0.021178
55.8163270000000000 0.27008800000000000 0.020758
55.9183670000000000 0.29833200000000000 0.021821
56.0204080000000000 0.34761200000000000 0.024614
56.1224490000000000 0.36846400000000000 0.025409
56.2244900000000000 0.37204000000000000 0.024939
56.3265310000000000 0.36858600000000000 0.025944
56.4285710000000000 0.36992600000000000 0.025255
56.5306120000000000 0.39251000000000000 0.026750
56.6326530000000000 0.39593500000000000 0.026644
56.7346940000000000 0.36636000000000000 0.025213
56.8367350000000000 0.35061500000000000 0.025033
56.9387760000000000 0.36856700000000000 0.024558
57.0408160000000000 0.40072500000000000 0.026942
57.1428570000000000 0.39510300000000000 0.026517
57.2448980000000000 0.37940300000000000 0.026397
57.3469390000000000 0.37413400000000000 0.026382
57.4489800000000000 0.35979200000000000 0.024874
57.5510200000000000 0.37980200000000000 0.025682
57.6530610000000000 0.34391200000000000 0.024428
57.7551020000000000 0.36823600000000000 0.025324
57.8571430000000000 0.37732600000000000 0.025855
57.9591840000000000 0.34549900000000000 0.024273
58.0612240000000000 0.34320500000000000 0.024025
58.1632650000000000 0.37558000000000000 0.026423
58.2653060000000000 0.40095700000000000 0.027125
58.3673470000000000 0.36623900000000000 0.025546
58.4693880000000000 0.38211700000000000 0.026088
58.5714290000000000 0.38572900000000000 0.026165
58.6734690000000000 0.35295000000000000 0.024752
58.7755100000000000 0.26667700000000000 0.020357
58.8775510000000000 0.23752600000000000 0.019294
58.9795920000000000 0.09787600000000000 0.011610
59.0816330000000000 0.10349200000000000 0.011709
59.1836730000000000 0.16329500000000000 0.015604
59.2857140000000000 0.26111400000000000 0.021070
59.3877550000000000 0.31444100000000000 0.022831
59.4897960000000000 0.36053100000000000 0.025067
59.5918370000000000 0.33925400000000000 0.023785
59.6938780000000000 0.36898300000000000 0.025483
59.7959180000000000 0.38430200000000000 0.026358
59.8979590000000000 0.37229000000000000 0.025535
60.0000000000000000 0.34377500000000000 0.025091
