55.0000000000000000 0.39051800000000000 0.026108
55.1020410000000000 0.42962200000000000 0.027896
55.2040820000000000 0.40267200000000000 0.026926
55.3061220000000000 0.39331900000000000 0.026161
55.4081630000000000 0.38456000000000000 0.026010
55.5102040000000000 0.31040700000000000 0.023180
55.6122450000000000 0.30768700000000000 0.022185
55.7142860000000000 0.26182600000000000 0.019664
55.8163270000000000 0.21130400000000000 0.017850
55.9183670000000000 0.22113300000000000 0.018095
56.0204080000000000 0.19710400000000000 0.017262
56.1224490000000000 0.13633800000000000 0.013880
56.2244900000000000 0.07325800000000000 0.009755
56.3265310000000000 0.04232800000000000 0.008037
56.4285710000000000 0.00759400000000000 0.004427
56.5306120000000000 0.00234000000000000 0.003859
56.6326530000000000 0.00446400000000000 0.004081
56.7346940000000000 -0.0020470000000000 0.003062
56.8367350000000000 0.00125300000000000 0.003769
56.9387760000000000 0.00313400000000000 0.003649
57.0408160000000000 0.00668200000000000 0.004396
57.1428570000000000 -0.0031240000000000 0.002862
57.2448980000000000 0.00579700000000000 0.004414
57.3469390000000000 -0.0033520000000000 0.003071
57.4489800000000000 -0.0009640000000000 0.003236
57.5510200000000000 0.00864400000000000 0.004548
57.6530610000000000 0.01338100000000000 0.005226
57.7551020000000000 0.02609900000000000 0.006418
57.8571430000000000 0.01432800000000000 0.005288
57.9591840000000000 0.00444400000000000 0.004063
58.0612240000000000 0.00759400000000000 0.004427
58.1632650000000000 -0.0021890000000000 0.003274
58.2653060000000000 0.00011600000000000 0.003518
58.3673470000000000 -0.0032220000000000 0.002952
58.4693880000000000 0.00230400000000000 0.003800
58.5714290000000000 0.00228600000000000 0.003771
58.6734690000000000 -0.0020770000000000 0.003105
58.7755100000000000 0.00011100000000000 0.003364
58.8775510000000000 0.00232400000000000 0.003834
58.9795920000000000 0.00337300000000000 0.003927
59.0816330000000000 0.00324200000000000 0.003775
59.1836730000000000 0.01249700000000000 0.005194
59.2857140000000000 0.01658200000000000 0.005815
59.3877550000000000 0.02070800000000000 0.005912
59.4897960000000000 0.04598600000000000 0.008119
59.5918370000000000 0.04795300000000000 0.008142
59.6938780000000000 0.07892300000000000 0.010455
59.7959180000000000 0.08006300000000000 0.010611
59.8979590000000000 0.09342900000000000 0.011329
60.0000000000000000 0.10216300000000000 0.012357
