55.0000000000000000 0.35657000000000000 0.024559
55.1020410000000000 0.37752800000000000 0.025542
55.2040820000000000 0.36795000000000000 0.025335
55.3061220000000000 0.32901400000000000 0.023221
55.4081630000000000 0.34256200000000000 0.024077
55.5102040000000000 0.33664500000000000 0.024435
55.6122450000000000 0.33918000000000000 0.023645
55.7142860000000000 0.31639300000000000 0.022204
55.8163270000000000 0.28315200000000000 0.021388
55.9183670000000000 0.32159800000000000 0.022910
56.0204080000000000 0.34761200000000000 0.024614
56.1224490000000000 0.39570900000000000 0.026660
56.2244900000000000 0.34216200000000000 0.023583
56.3265310000000000 0.36972700000000000 0.025998
56.4285710000000000 0.36565000000000000 0.025059
56.5306120000000000 0.39028700000000000 0.026647
56.6326530000000000 0.37418700000000000 0.025648
56.7346940000000000 0.36311900000000000 0.025064
56.8367350000000000 0.38804700000000000 0.026786
56.9387760000000000 0.34938700000000000 0.023695
57.0408160000000000 0.37117200000000000 0.025584
57.1428570000000000 0.35409300000000000 0.024635
57.2448980000000000 0.38848800000000000 0.026820
57.3469390000000000 0.34171200000000000 0.024845
57.4489800000000000 0.35548400000000000 0.024675
57.5510200000000000 0.34460600000000000 0.024067
57.6530610000000000 0.38039200000000000 0.026125
57.7551020000000000 0.39746900000000000 0.026663
57.8571430000000000 0.34780500000000000 0.024488
57.9591840000000000 0.39422100000000000 0.026515
58.0612240000000000 0.39664600000000000 0.026473
58.1632650000000000 0.35825200000000000 0.025605
58.2653060000000000 0.33322500000000000 0.023975
58.3673470000000000 0.36735200000000000 0.025598
58.4693880000000000 0.36898300000000000 0.025483
58.5714290000000000 0.33576200000000000 0.023855
58.6734690000000000 0.33651400000000000 0.023985
58.7755100000000000 0.31659200000000000 0.022720
58.8775510000000000 0.18341800000000000 0.016530
58.9795920000000000 0.12829000000000000 0.013402
59.0816330000000000 0.11497900000000000 0.012381
59.1836730000000000 0.15654300000000000 0.015235
59.2857140000000000 0.25406000000000000 0.020716
59.3877550000000000 0.34045400000000000 0.024050
59.4897960000000000 0.34414900000000000 0.024306
59.5918370000000000 0.33925400000000000 0.023785
59.6938780000000000 0.36241500000000000 0.025179
59.7959180000000000 0.37208800000000000 0.025792
59.8979590000000000 0.39507600000000000 0.026579
60.0000000000000000 0.36371400000000000 0.026042
