55.0000000000000000 0.39051800000000000 0.026108
55.1020410000000000 0.36583300000000000 0.025008
55.2040820000000000 0.36360900000000000 0.025135
55.3061220000000000 0.38172300000000000 0.025636
55.4081630000000000 0.36086900000000000 0.024924
55.5102040000000000 0.37657100000000000 0.026319
55.6122450000000000 0.33288100000000000 0.023355
55.7142860000000000 0.32245600000000000 0.022481
55.8163270000000000 0.30056900000000000 0.022220
55.9183670000000000 0.32794300000000000 0.023204
56.0204080000000000 0.32769200000000000 0.023678
56.1224490000000000 0.36192500000000000 0.025107
56.2244900000000000 0.32773800000000000 0.022922
56.3265310000000000 0.33322200000000000 0.024273
56.4285710000000000 0.40092200000000000 0.026667
56.5306120000000000 0.36916700000000000 0.025669
56.6326530000000000 0.34917600000000000 0.024491
56.7346940000000000 0.35015400000000000 0.024465
56.8367350000000000 0.38464400000000000 0.026628
56.9387760000000000 0.36654800000000000 0.024468
57.0408160000000000 0.38759000000000000 0.026340
57.1428570000000000 0.35948900000000000 0.024884
57.2448980000000000 0.35328500000000000 0.025172
57.3469390000000000 0.37645000000000000 0.026491
57.4489800000000000 0.36302200000000000 0.025023
57.5510200000000000 0.34034000000000000 0.023870
57.6530610000000000 0.31074800000000000 0.022863
57.7551020000000000 0.34225100000000000 0.024122
57.8571430000000000 0.38716600000000000 0.026308
57.9591840000000000 0.34658100000000000 0.024323
58.0612240000000000 0.38488900000000000 0.025938
58.1632650000000000 0.34092300000000000 0.024781
58.2653060000000000 0.36431500000000000 0.025431
58.3673470000000000 0.36846500000000000 0.025650
58.4693880000000000 0.32410500000000000 0.023390
58.5714290000000000 0.33684800000000000 0.023905
58.6734690000000000 0.32226900000000000 0.023315
58.7755100000000000 0.29322700000000000 0.021622
58.8775510000000000 0.21102400000000000 0.017958
58.9795920000000000 0.12285900000000000 0.013092
59.0816330000000000 0.10140400000000000 0.011585
59.1836730000000000 0.13741200000000000 0.014167
59.2857140000000000 0.23525000000000000 0.019761
59.3877550000000000 0.32311200000000000 0.023239
59.4897960000000000 0.35507100000000000 0.024814
59.5918370000000000 0.38178000000000000 0.025735
59.6938780000000000 0.35037500000000000 0.024620
59.7959180000000000 0.39429500000000000 0.026819
59.8979590000000000 0.37120500000000000 0.025485
60.0000000000000000 0.36957800000000000 0.026320
