55.0000000000000000 0.35232600000000000 0.024364
55.1020410000000000 0.35201200000000000 0.024373
55.2040820000000000 0.32997300000000000 0.023572
55.3061220000000000 0.34693500000000000 0.024047
55.4081630000000000 0.35333000000000000 0.024576
55.5102040000000000 0.37086800000000000 0.026051
55.6122450000000000 0.30558800000000000 0.022087
55.7142860000000000 0.28607800000000000 0.020802
55.8163270000000000 0.28424000000000000 0.021440
55.9183670000000000 0.31736800000000000 0.022713
56.0204080000000000 0.34539900000000000 0.024510
56.1224490000000000 0.34557800000000000 0.024348
56.2244900000000000 0.31331400000000000 0.022257
56.3265310000000000 0.40052700000000000 0.027435
56.4285710000000000 0.34748000000000000 0.024223
56.5306120000000000 0.38472900000000000 0.026391
56.6326530000000000 0.37962400000000000 0.025898
56.7346940000000000 0.37716300000000000 0.025709
56.8367350000000000 0.35401800000000000 0.025193
56.9387760000000000 0.37664300000000000 0.024920
57.0408160000000000 0.42261600000000000 0.027939
57.1428570000000000 0.37567700000000000 0.025629
57.2448980000000000 0.37259000000000000 0.026078
57.3469390000000000 0.39266100000000000 0.027252
57.4489800000000000 0.36409900000000000 0.025072
57.5510200000000000 0.38086900000000000 0.025731
57.6530610000000000 0.37044300000000000 0.025664
57.7551020000000000 0.37148400000000000 0.025473
57.8571430000000000 0.39810000000000000 0.026808
57.9591840000000000 0.31085200000000000 0.022651
58.0612240000000000 0.41054100000000000 0.027102
58.1632650000000000 0.38944400000000000 0.027073
58.2653060000000000 0.36875700000000000 0.025637
58.3673470000000000 0.36735200000000000 0.025598
58.4693880000000000 0.37226600000000000 0.025634
58.5714290000000000 0.39007400000000000 0.026364
58.6734690000000000 0.38472800000000000 0.026221
58.7755100000000000 0.27304900000000000 0.020662
58.8775510000000000 0.21323300000000000 0.018071
58.9795920000000000 0.12937700000000000 0.013464
59.0816330000000000 0.08782800000000000 0.010758
59.1836730000000000 0.14416400000000000 0.014548
59.2857140000000000 0.26346500000000000 0.021188
59.3877550000000000 0.31660800000000000 0.022934
59.4897960000000000 0.34633300000000000 0.024407
59.5918370000000000 0.35307500000000000 0.024422
59.6938780000000000 0.36241500000000000 0.025179
59.7959180000000000 0.34543900000000000 0.024549
59.8979590000000000 0.38097000000000000 0.025934
60.0000000000000000 0.38599900000000000 0.027097
