55.0000000000000000 0.36930000000000000 0.025142
55.1020410000000000 0.39453800000000000 0.026315
55.2040820000000000 0.39724600000000000 0.026679
55.3061220000000000 0.38594000000000000 0.025827
55.4081630000000000 0.38132900000000000 0.025863
55.5102040000000000 0.36516400000000000 0.025784
55.6122450000000000 0.34127900000000000 0.023742
55.7142860000000000 0.30830900000000000 0.021832
55.8163270000000000 0.28532900000000000 0.021492
55.9183670000000000 0.31102200000000000 0.022416
56.0204080000000000 0.31773200000000000 0.023206
56.1224490000000000 0.32814200000000000 0.023533
56.2244900000000000 0.34113200000000000 0.023536
56.3265310000000000 0.36972700000000000 0.025998
56.4285710000000000 0.34320500000000000 0.024025
56.5306120000000000 0.36472000000000000 0.025463
56.6326530000000000 0.36548800000000000 0.025247
56.7346940000000000 0.34475200000000000 0.024214
56.8367350000000000 0.36989800000000000 0.025939
56.9387760000000000 0.34333000000000000 0.023421
57.0408160000000000 0.40729200000000000 0.027241
57.1428570000000000 0.36596400000000000 0.025183
57.2448980000000000 0.35101400000000000 0.025065
57.3469390000000000 0.39613500000000000 0.027415
57.4489800000000000 0.34579200000000000 0.024227
57.5510200000000000 0.39686700000000000 0.026458
57.6530610000000000 0.39586800000000000 0.026838
57.7551020000000000 0.34874700000000000 0.024423
57.8571430000000000 0.37076600000000000 0.025553
57.9591840000000000 0.33034100000000000 0.023566
58.0612240000000000 0.35710000000000000 0.024666
58.1632650000000000 0.37095900000000000 0.026205
58.2653060000000000 0.36764700000000000 0.025586
58.3673470000000000 0.37402900000000000 0.025908
58.4693880000000000 0.36132100000000000 0.025128
58.5714290000000000 0.37378100000000000 0.025616
58.6734690000000000 0.35295000000000000 0.024752
58.7755100000000000 0.28897900000000000 0.021421
58.8775510000000000 0.18562700000000000 0.016645
58.9795920000000000 0.13372200000000000 0.013710
59.0816330000000000 0.09200500000000000 0.011016
59.1836730000000000 0.13066000000000000 0.013782
59.2857140000000000 0.22937100000000000 0.019459
59.3877550000000000 0.32853100000000000 0.023493
59.4897960000000000 0.35288600000000000 0.024712
59.5918370000000000 0.35520200000000000 0.024520
59.6938780000000000 0.37007700000000000 0.025533
59.7959180000000000 0.37875000000000000 0.026101
59.8979590000000000 0.39724600000000000 0.026679
60.0000000000000000 0.37544300000000000 0.026598
