55.0000000000000000 0.38203100000000000 0.025722
55.1020410000000000 0.38178000000000000 0.025735
55.2040820000000000 0.34733400000000000 0.024382
55.3061220000000000 0.38172300000000000 0.025636
55.4081630000000000 0.39640600000000000 0.026550
55.5102040000000000 0.32751900000000000 0.024001
55.6122450000000000 0.35387600000000000 0.024320
55.7142860000000000 0.30628800000000000 0.021739
55.8163270000000000 0.26682200000000000 0.020600
55.9183670000000000 0.36389900000000000 0.024860
56.0204080000000000 0.34207900000000000 0.024355
56.1224490000000000 0.31288500000000000 0.022815
56.2244900000000000 0.36482800000000000 0.024613
56.3265310000000000 0.41763900000000000 0.028228
56.4285710000000000 0.34748000000000000 0.024223
56.5306120000000000 0.33248400000000000 0.023952
56.6326530000000000 0.36222500000000000 0.025096
56.7346940000000000 0.36744000000000000 0.025263
56.8367350000000000 0.40052400000000000 0.027365
56.9387760000000000 0.38471900000000000 0.025281
57.0408160000000000 0.37555000000000000 0.025786
57.1428570000000000 0.34977600000000000 0.024435
57.2448980000000000 0.43504700000000000 0.028971
57.3469390000000000 0.41466200000000000 0.028278
57.4489800000000000 0.38025200000000000 0.025814
57.5510200000000000 0.35527100000000000 0.024559
57.6530610000000000 0.38591900000000000 0.026380
57.7551020000000000 0.35199500000000000 0.024574
57.8571430000000000 0.38279300000000000 0.026107
57.9591840000000000 0.36823600000000000 0.025324
58.0612240000000000 0.39344000000000000 0.026327
58.1632650000000000 0.39637500000000000 0.027397
58.2653060000000000 0.41206100000000000 0.027635
58.3673470000000000 0.36623900000000000 0.025546
58.4693880000000000 0.34380800000000000 0.024314
58.5714290000000000 0.37921200000000000 0.025866
58.6734690000000000 0.38472800000000000 0.026221
58.7755100000000000 0.31871600000000000 0.022819
58.8775510000000000 0.20881600000000000 0.017845
58.9795920000000000 0.11634200000000000 0.012714
59.0816330000000000 0.09931500000000000 0.011460
59.1836730000000000 0.16329500000000000 0.015604
59.2857140000000000 0.29520700000000000 0.022762
59.3877550000000000 0.30251800000000000 0.022268
59.4897960000000000 0.32667400000000000 0.023488
59.5918370000000000 0.36158000000000000 0.024813
59.6938780000000000 0.35803700000000000 0.024976
59.7959180000000000 0.36875700000000000 0.025637
59.8979590000000000 0.34299300000000000 0.024180
60.0000000000000000 0.33791100000000000 0.024809
