55.0000000000000000 0.33641300000000000 0.023631
55.1020410000000000 0.35945400000000000 0.024715
55.2040820000000000 0.34299300000000000 0.024180
55.3061220000000000 0.36274800000000000 0.024772
55.4081630000000000 0.36194500000000000 0.024973
55.5102040000000000 0.37999400000000000 0.026479
55.6122450000000000 0.31713500000000000 0.022626
55.7142860000000000 0.30022500000000000 0.021459
55.8163270000000000 0.30927800000000000 0.022633
55.9183670000000000 0.33217300000000000 0.023400
56.0204080000000000 0.34429200000000000 0.024458
56.1224490000000000 0.37936200000000000 0.025911
56.2244900000000000 0.38131300000000000 0.025357
56.3265310000000000 0.37086800000000000 0.026051
56.4285710000000000 0.33893000000000000 0.023827
56.5306120000000000 0.36027400000000000 0.025255
56.6326530000000000 0.36875000000000000 0.025397
56.7346940000000000 0.35123400000000000 0.024515
56.8367350000000000 0.36649600000000000 0.025780
56.9387760000000000 0.36654800000000000 0.024468
57.0408160000000000 0.34271300000000000 0.024263
57.1428570000000000 0.34977600000000000 0.024435
57.2448980000000000 0.35669200000000000 0.025332
57.3469390000000000 0.34981800000000000 0.025231
57.4489800000000000 0.38671400000000000 0.026109
57.5510200000000000 0.36487000000000000 0.024999
57.6530610000000000 0.39255200000000000 0.026685
57.7551020000000000 0.35307800000000000 0.024624
57.8571430000000000 0.41559400000000000 0.027606
57.9591840000000000 0.39963400000000000 0.026762
58.0612240000000000 0.36458200000000000 0.025010
58.1632650000000000 0.36864900000000000 0.026096
58.2653060000000000 0.38985400000000000 0.026614
58.3673470000000000 0.36735200000000000 0.025598
58.4693880000000000 0.36022600000000000 0.025077
58.5714290000000000 0.34879700000000000 0.024462
58.6734690000000000 0.34966300000000000 0.024599
58.7755100000000000 0.31659200000000000 0.022720
58.8775510000000000 0.20219000000000000 0.017506
58.9795920000000000 0.11199700000000000 0.012458
59.0816330000000000 0.08991700000000000 0.010887
59.1836730000000000 0.15091600000000000 0.014924
59.2857140000000000 0.23642500000000000 0.019821
59.3877550000000000 0.35237700000000000 0.024604
59.4897960000000000 0.34524100000000000 0.024356
59.5918370000000000 0.34882300000000000 0.024227
59.6938780000000000 0.36241500000000000 0.025179
59.7959180000000000 0.36320500000000000 0.025379
59.8979590000000000 0.37120500000000000 0.025485
60.0000000000000000 0.37544300000000000 0.026598
