55.0000000000000000 0.36399600000000000 0.024900
55.1020410000000000 0.39028500000000000 0.026122
55.2040820000000000 0.36578000000000000 0.025235
55.3061220000000000 0.35326000000000000 0.024338
55.4081630000000000 0.35979200000000000 0.024874
55.5102040000000000 0.36516400000000000 0.025784
55.6122450000000000 0.34967700000000000 0.024128
55.7142860000000000 0.30224600000000000 0.021552
55.8163270000000000 0.30383500000000000 0.022375
55.9183670000000000 0.34063300000000000 0.023791
56.0204080000000000 0.37085300000000000 0.025696
56.1224490000000000 0.32487200000000000 0.023380
56.2244900000000000 0.36276800000000000 0.024520
56.3265310000000000 0.39824600000000000 0.027329
56.4285710000000000 0.36458200000000000 0.025010
56.5306120000000000 0.39028700000000000 0.026647
56.6326530000000000 0.37744900000000000 0.025798
56.7346940000000000 0.37068100000000000 0.025412
56.8367350000000000 0.38124100000000000 0.026469
56.9387760000000000 0.37664300000000000 0.024920
57.0408160000000000 0.37664400000000000 0.025836
57.1428570000000000 0.36488500000000000 0.025133
57.2448980000000000 0.37826800000000000 0.026344
57.3469390000000000 0.36139700000000000 0.025781
57.4489800000000000 0.36625300000000000 0.025171
57.5510200000000000 0.38406800000000000 0.025876
57.6530610000000000 0.36602100000000000 0.025459
57.7551020000000000 0.37256700000000000 0.025523
57.8571430000000000 0.35108500000000000 0.024641
57.9591840000000000 0.34766400000000000 0.024373
58.0612240000000000 0.36778800000000000 0.025157
58.1632650000000000 0.39175400000000000 0.027181
58.2653060000000000 0.34210800000000000 0.024393
58.3673470000000000 0.37180300000000000 0.025805
58.4693880000000000 0.37773900000000000 0.025887
58.5714290000000000 0.34010700000000000 0.024057
58.6734690000000000 0.34966300000000000 0.024599
58.7755100000000000 0.32084000000000000 0.022918
58.8775510000000000 0.17679300000000000 0.016180
58.9795920000000000 0.12829000000000000 0.013402
59.0816330000000000 0.09513800000000000 0.011207
59.1836730000000000 0.15766800000000000 0.015297
59.2857140000000000 0.26699200000000000 0.021365
59.3877550000000000 0.29818200000000000 0.022062
59.4897960000000000 0.36599200000000000 0.025320
59.5918370000000000 0.38390600000000000 0.025832
59.6938780000000000 0.39963000000000000 0.026892
59.7959180000000000 0.40873000000000000 0.027482
59.8979590000000000 0.32997300000000000 0.023572
60.0000000000000000 0.39772700000000000 0.027648
