55.0000000000000000 0.37672700000000000 0.025481
55.1020410000000000 0.37540100000000000 0.025445
55.2040820000000000 0.37012000000000000 0.025435
55.3061220000000000 0.38383100000000000 0.025731
55.4081630000000000 0.33287000000000000 0.023626
55.5102040000000000 0.34577100000000000 0.024869
55.6122450000000000 0.34337900000000000 0.023839
55.7142860000000000 0.30932000000000000 0.021879
55.8163270000000000 0.27226600000000000 0.020863
55.9183670000000000 0.32265500000000000 0.022959
56.0204080000000000 0.35314600000000000 0.024872
56.1224490000000000 0.38045200000000000 0.025961
56.2244900000000000 0.37513100000000000 0.025079
56.3265310000000000 0.32980000000000000 0.024109
56.4285710000000000 0.36351300000000000 0.024961
56.5306120000000000 0.37583600000000000 0.025979
56.6326530000000000 0.33286500000000000 0.023731
56.7346940000000000 0.37392200000000000 0.025561
56.8367350000000000 0.37103300000000000 0.025992
56.9387760000000000 0.37159500000000000 0.024694
57.0408160000000000 0.35584800000000000 0.024874
57.1428570000000000 0.36380600000000000 0.025083
57.2448980000000000 0.34874200000000000 0.024957
57.3469390000000000 0.37529200000000000 0.026437
57.4489800000000000 0.35225300000000000 0.024526
57.5510200000000000 0.34353900000000000 0.024018
57.6530610000000000 0.38813000000000000 0.026482
57.7551020000000000 0.37906300000000000 0.025821
57.8571430000000000 0.38170000000000000 0.026056
57.9591840000000000 0.38880700000000000 0.026268
58.0612240000000000 0.33572300000000000 0.023678
58.1632650000000000 0.35709600000000000 0.025550
58.2653060000000000 0.34321900000000000 0.024445
58.3673470000000000 0.34620800000000000 0.024610
58.4693880000000000 0.38102300000000000 0.026038
58.5714290000000000 0.33033100000000000 0.023601
58.6734690000000000 0.32774800000000000 0.023573
58.7755100000000000 0.27198700000000000 0.020612
58.8775510000000000 0.20108600000000000 0.017449
58.9795920000000000 0.14023900000000000 0.014075
59.0816330000000000 0.11080200000000000 0.012139
59.1836730000000000 0.16104400000000000 0.015481
59.2857140000000000 0.25758700000000000 0.020893
59.3877550000000000 0.29059500000000000 0.021701
59.4897960000000000 0.32776600000000000 0.023539
59.5918370000000000 0.36902200000000000 0.025153
59.6938780000000000 0.39744100000000000 0.026791
59.7959180000000000 0.34543900000000000 0.024549
59.8979590000000000 0.37229000000000000 0.025535
60.0000000000000000 0.35315800000000000 0.025539
