55.0000000000000000 0.37884800000000000 0.025578
55.1020410000000000 0.35307500000000000 0.024422
55.2040820000000000 0.35601400000000000 0.024784
55.3061220000000000 0.33955600000000000 0.023708
55.4081630000000000 0.37056000000000000 0.025369
55.5102040000000000 0.32523700000000000 0.023892
55.6122450000000000 0.36227400000000000 0.024704
55.7142860000000000 0.32953000000000000 0.022804
55.8163270000000000 0.29186000000000000 0.021805
55.9183670000000000 0.33111500000000000 0.023351
56.0204080000000000 0.35314600000000000 0.024872
56.1224490000000000 0.37064300000000000 0.025509
56.2244900000000000 0.39882800000000000 0.026143
56.3265310000000000 0.36288200000000000 0.025676
56.4285710000000000 0.37740700000000000 0.025597
56.5306120000000000 0.33137300000000000 0.023900
56.6326530000000000 0.36875000000000000 0.025397
56.7346940000000000 0.38904700000000000 0.026253
56.8367350000000000 0.42888200000000000 0.028673
56.9387760000000000 0.36251000000000000 0.024286
57.0408160000000000 0.36132100000000000 0.025128
57.1428570000000000 0.38323200000000000 0.025975
57.2448980000000000 0.40438600000000000 0.027558
57.3469390000000000 0.39150300000000000 0.027198
57.4489800000000000 0.39102100000000000 0.026305
57.5510200000000000 0.38300200000000000 0.025828
57.6530610000000000 0.38260300000000000 0.026227
57.7551020000000000 0.34549900000000000 0.024273
57.8571430000000000 0.36092600000000000 0.025098
57.9591840000000000 0.34874700000000000 0.024423
58.0612240000000000 0.38702700000000000 0.026036
58.1632650000000000 0.36518300000000000 0.025933
58.2653060000000000 0.40095700000000000 0.027125
58.3673470000000000 0.37514200000000000 0.025960
58.4693880000000000 0.38759000000000000 0.026340
58.5714290000000000 0.34879700000000000 0.024462
58.6734690000000000 0.34308900000000000 0.024292
58.7755100000000000 0.31340600000000000 0.022571
58.8775510000000000 0.19004400000000000 0.016876
58.9795920000000000 0.10765200000000000 0.012201
59.0816330000000000 0.09096100000000000 0.010952
59.1836730000000000 0.14416400000000000 0.014548
59.2857140000000000 0.23407400000000000 0.019701
59.3877550000000000 0.34478900000000000 0.024252
59.4897960000000000 0.34851700000000000 0.024509
59.5918370000000000 0.35413800000000000 0.024471
59.6938780000000000 0.34928000000000000 0.024569
59.7959180000000000 0.38652300000000000 0.026460
59.8979590000000000 0.37337500000000000 0.025585
60.0000000000000000 0.38834400000000000 0.027207
