55.0000000000000000 0.34277800000000000 0.023925
55.1020410000000000 0.33287600000000000 0.023489
55.2040820000000000 0.30610100000000000 0.022449
55.3061220000000000 0.27103400000000000 0.020495
55.4081630000000000 0.24671900000000000 0.019518
55.5102040000000000 0.23283500000000000 0.019357
55.6122450000000000 0.17017000000000000 0.015440
55.7142860000000000 0.10620900000000000 0.011671
55.8163270000000000 0.07849400000000000 0.010397
55.9183670000000000 0.04664200000000000 0.008019
56.0204080000000000 0.02114300000000000 0.006037
56.1224490000000000 0.00556300000000000 0.004236
56.2244900000000000 0.00319900000000000 0.003724
56.3265310000000000 0.00582300000000000 0.004434
56.4285710000000000 0.00225000000000000 0.003711
56.5306120000000000 -0.0043300000000000 0.002732
56.6326530000000000 -0.0020610000000000 0.003082
56.7346940000000000 0.00767600000000000 0.004475
56.8367350000000000 -0.0021500000000000 0.003215
56.9387760000000000 0.00010600000000000 0.003198
57.0408160000000000 0.00668200000000000 0.004396
57.1428570000000000 -0.0031240000000000 0.002862
57.2448980000000000 -0.0021520000000000 0.003218
57.3469390000000000 -0.0010360000000000 0.003480
57.4489800000000000 0.00011300000000000 0.003411
57.5510200000000000 0.00117800000000000 0.003544
57.6530610000000000 0.00343200000000000 0.003996
57.7551020000000000 0.00552700000000000 0.004208
57.8571430000000000 -0.0020720000000000 0.003099
57.9591840000000000 0.00661000000000000 0.004348
58.0612240000000000 0.00438700000000000 0.004011
58.1632650000000000 0.01629500000000000 0.005713
58.2653060000000000 0.02343400000000000 0.006272
58.3673470000000000 0.03572700000000000 0.007379
58.4693880000000000 0.04827600000000000 0.008305
58.5714290000000000 0.05225300000000000 0.008566
58.6734690000000000 0.06038200000000000 0.009199
58.7755100000000000 0.05108800000000000 0.008371
58.8775510000000000 0.03213900000000000 0.007039
58.9795920000000000 0.03704600000000000 0.007381
59.0816330000000000 0.02412800000000000 0.006092
59.1836730000000000 0.04738300000000000 0.008370
59.2857140000000000 0.07066100000000000 0.010302
59.3877550000000000 0.11500600000000000 0.012621
59.4897960000000000 0.14100500000000000 0.014156
59.5918370000000000 0.11067800000000000 0.012244
59.6938780000000000 0.15882600000000000 0.015150
59.7959180000000000 0.15223600000000000 0.014897
59.8979590000000000 0.18348900000000000 0.016393
60.0000000000000000 0.14790500000000000 0.015067
