55.0000000000000000 0.37566600000000000 0.025433
55.1020410000000000 0.37008600000000000 0.025202
55.2040820000000000 0.41677800000000000 0.027567
55.3061220000000000 0.34904300000000000 0.024144
55.4081630000000000 0.39640600000000000 0.026550
55.5102040000000000 0.37314900000000000 0.026158
55.6122450000000000 0.36647300000000000 0.024895
55.7142860000000000 0.30628800000000000 0.021739
55.8163270000000000 0.30165800000000000 0.022272
55.9183670000000000 0.31313800000000000 0.022515
56.0204080000000000 0.33654600000000000 0.024095
56.1224490000000000 0.35974600000000000 0.025006
56.2244900000000000 0.38131300000000000 0.025357
56.3265310000000000 0.36402300000000000 0.025730
56.4285710000000000 0.33037900000000000 0.023430
56.5306120000000000 0.36138600000000000 0.025307
56.6326530000000000 0.34265200000000000 0.024188
56.7346940000000000 0.39444900000000000 0.026500
56.8367350000000000 0.36195800000000000 0.025567
56.9387760000000000 0.37765200000000000 0.024965
57.0408160000000000 0.34818600000000000 0.024518
57.1428570000000000 0.39078600000000000 0.026320
57.2448980000000000 0.39416600000000000 0.027084
57.3469390000000000 0.36139700000000000 0.025781
57.4489800000000000 0.35440700000000000 0.024626
57.5510200000000000 0.37873500000000000 0.025633
57.6530610000000000 0.37928600000000000 0.026074
57.7551020000000000 0.36173900000000000 0.025025
57.8571430000000000 0.38388600000000000 0.026157
57.9591840000000000 0.36607000000000000 0.025224
58.0612240000000000 0.35603100000000000 0.024617
58.1632650000000000 0.35709600000000000 0.025550
58.2653060000000000 0.31768000000000000 0.023239
58.3673470000000000 0.36846500000000000 0.025650
58.4693880000000000 0.35803700000000000 0.024976
58.5714290000000000 0.35531500000000000 0.024764
58.6734690000000000 0.37596100000000000 0.025818
58.7755100000000000 0.31553000000000000 0.022671
58.8775510000000000 0.18673100000000000 0.016703
58.9795920000000000 0.11851400000000000 0.012840
59.0816330000000000 0.09200500000000000 0.011016
59.1836730000000000 0.15991900000000000 0.015420
59.2857140000000000 0.25758700000000000 0.020893
59.3877550000000000 0.31552400000000000 0.022882
59.4897960000000000 0.37473000000000000 0.025723
59.5918370000000000 0.37327500000000000 0.025348
59.6938780000000000 0.36460400000000000 0.025280
59.7959180000000000 0.31879100000000000 0.023292
59.8979590000000000 0.36143900000000000 0.025035
60.0000000000000000 0.32383600000000000 0.024131
