55.0000000000000000 0.40749200000000000 0.026875
55.1020410000000000 0.39453800000000000 0.026315
55.2040820000000000 0.46126500000000000 0.029572
55.3061220000000000 0.41440200000000000 0.027110
55.4081630000000000 0.39963600000000000 0.026697
55.5102040000000000 0.36060100000000000 0.025569
55.6122450000000000 0.34757800000000000 0.024031
55.7142860000000000 0.29820400000000000 0.021366
55.8163270000000000 0.28206300000000000 0.021335
55.9183670000000000 0.28141200000000000 0.021020
56.0204080000000000 0.29670500000000000 0.022204
56.1224490000000000 0.30961500000000000 0.022660
56.2244900000000000 0.21955800000000000 0.017795
56.3265310000000000 0.23511700000000000 0.019472
56.4285710000000000 0.21067100000000000 0.017662
56.5306120000000000 0.15907500000000000 0.015280
56.6326530000000000 0.12625500000000000 0.013294
56.7346940000000000 0.07141800000000000 0.009886
56.8367350000000000 0.04095400000000000 0.007899
56.9387760000000000 0.02332400000000000 0.005887
57.0408160000000000 0.00011500000000000 0.003467
57.1428570000000000 0.00227200000000000 0.003747
57.2448980000000000 -0.0021520000000000 0.003218
57.3469390000000000 0.00012100000000000 0.003668
57.4489800000000000 -0.0009640000000000 0.003236
57.5510200000000000 0.00117800000000000 0.003544
57.6530610000000000 -0.0009890000000000 0.003322
57.7551020000000000 0.00769300000000000 0.004485
57.8571430000000000 -0.0031650000000000 0.002900
57.9591840000000000 -0.0042170000000000 0.002661
58.0612240000000000 -0.0063010000000000 0.002155
58.1632650000000000 0.00012100000000000 0.003660
58.2653060000000000 0.00011600000000000 0.003518
58.3673470000000000 0.00568100000000000 0.004325
58.4693880000000000 -0.0053580000000000 0.002460
58.5714290000000000 -0.0031450000000000 0.002881
58.6734690000000000 0.00449800000000000 0.004112
58.7755100000000000 0.00011100000000000 0.003364
58.8775510000000000 0.00232400000000000 0.003834
58.9795920000000000 0.00989000000000000 0.004762
59.0816330000000000 0.00428700000000000 0.003919
59.1836730000000000 0.00349400000000000 0.004068
59.2857140000000000 0.01893300000000000 0.006061
59.3877550000000000 0.03263000000000000 0.007001
59.4897960000000000 0.04380100000000000 0.007949
59.5918370000000000 0.06709000000000000 0.009509
59.6938780000000000 0.07454500000000000 0.010166
59.7959180000000000 0.06007600000000000 0.009246
59.8979590000000000 0.08149300000000000 0.010573
60.0000000000000000 0.09629900000000000 0.011988
