55.0000000000000000 0.40218800000000000 0.026636
55.1020410000000000 0.42855800000000000 0.027848
55.2040820000000000 0.41894800000000000 0.027665
55.3061220000000000 0.43232300000000000 0.027913
55.4081630000000000 0.41040500000000000 0.027186
55.5102040000000000 0.40509000000000000 0.027647
55.6122450000000000 0.35912500000000000 0.024560
55.7142860000000000 0.35580300000000000 0.023995
55.8163270000000000 0.31907600000000000 0.023095
55.9183670000000000 0.34592100000000000 0.024035
56.0204080000000000 0.38302600000000000 0.026259
56.1224490000000000 0.35320700000000000 0.024703
56.2244900000000000 0.31949600000000000 0.022543
56.3265310000000000 0.29443600000000000 0.022408
56.4285710000000000 0.27480000000000000 0.020808
56.5306120000000000 0.23466400000000000 0.019211
56.6326530000000000 0.20889900000000000 0.017719
56.7346940000000000 0.17297300000000000 0.015807
56.8367350000000000 0.10901100000000000 0.012560
56.9387760000000000 0.05966500000000000 0.008740
57.0408160000000000 0.01543900000000000 0.005412
57.1428570000000000 0.00011300000000000 0.003419
57.2448980000000000 -0.0010160000000000 0.003413
57.3469390000000000 -0.0056680000000000 0.002603
57.4489800000000000 -0.0041950000000000 0.002647
57.5510200000000000 0.00011200000000000 0.003379
57.6530610000000000 0.00011600000000000 0.003502
57.7551020000000000 0.00119600000000000 0.003598
57.8571430000000000 0.00339500000000000 0.003952
57.9591840000000000 -0.0063830000000000 0.002183
58.0612240000000000 -0.0020260000000000 0.003029
58.1632650000000000 0.00243200000000000 0.004011
58.2653060000000000 0.00566800000000000 0.004316
58.3673470000000000 0.00011700000000000 0.003525
58.4693880000000000 0.00668200000000000 0.004396
58.5714290000000000 0.00445900000000000 0.004077
58.6734690000000000 -0.0064600000000000 0.002209
58.7755100000000000 0.00329700000000000 0.003839
58.8775510000000000 0.00122000000000000 0.003669
58.9795920000000000 -0.0020590000000000 0.003078
59.0816330000000000 0.01264100000000000 0.004936
59.1836730000000000 0.00574500000000000 0.004374
59.2857140000000000 0.02481200000000000 0.006644
59.3877550000000000 0.03263000000000000 0.007001
59.4897960000000000 0.04489400000000000 0.008034
59.5918370000000000 0.06496300000000000 0.009364
59.6938780000000000 0.09205800000000000 0.011295
59.7959180000000000 0.09227700000000000 0.011395
59.8979590000000000 0.11079000000000000 0.012380
60.0000000000000000 0.12913900000000000 0.013986
