55.0000000000000000 0.39157900000000000 0.026156
55.1020410000000000 0.35839100000000000 0.024667
55.2040820000000000 0.35492900000000000 0.024734
55.3061220000000000 0.37961500000000000 0.025540
55.4081630000000000 0.37379100000000000 0.025518
55.5102040000000000 0.35831900000000000 0.025461
55.6122450000000000 0.38117000000000000 0.025563
55.7142860000000000 0.28203600000000000 0.020614
55.8163270000000000 0.30601200000000000 0.022478
55.9183670000000000 0.31736800000000000 0.022713
56.0204080000000000 0.33433200000000000 0.023991
56.1224490000000000 0.33904000000000000 0.024043
56.2244900000000000 0.36276800000000000 0.024520
56.3265310000000000 0.40280900000000000 0.027541
56.4285710000000000 0.37954500000000000 0.025695
56.5306120000000000 0.33581900000000000 0.024109
56.6326530000000000 0.36222500000000000 0.025096
56.7346940000000000 0.33827000000000000 0.023913
56.8367350000000000 0.35628700000000000 0.025300
56.9387760000000000 0.38169000000000000 0.025145
57.0408160000000000 0.34490200000000000 0.024365
57.1428570000000000 0.35193500000000000 0.024535
57.2448980000000000 0.35555600000000000 0.025279
57.3469390000000000 0.35213400000000000 0.025342
57.4489800000000000 0.34363800000000000 0.024127
57.5510200000000000 0.35740500000000000 0.024657
57.6530610000000000 0.34612300000000000 0.024532
57.7551020000000000 0.37689700000000000 0.025722
57.8571430000000000 0.36529900000000000 0.025300
57.9591840000000000 0.34658100000000000 0.024323
58.0612240000000000 0.37099400000000000 0.025304
58.1632650000000000 0.39637500000000000 0.027397
58.2653060000000000 0.33766700000000000 0.024184
58.3673470000000000 0.34175700000000000 0.024401
58.4693880000000000 0.35584800000000000 0.024874
58.5714290000000000 0.34879700000000000 0.024462
58.6734690000000000 0.40006800000000000 0.026925
58.7755100000000000 0.29960000000000000 0.021923
58.8775510000000000 0.19225200000000000 0.016991
58.9795920000000000 0.13915300000000000 0.014014
59.0816330000000000 0.06694300000000000 0.009406
59.1836730000000000 0.17342300000000000 0.016151
59.2857140000000000 0.27522100000000000 0.021775
59.3877550000000000 0.31227300000000000 0.022729
59.4897960000000000 0.39875700000000000 0.026825
59.5918370000000000 0.36158000000000000 0.024813
59.6938780000000000 0.36460400000000000 0.025280
59.7959180000000000 0.36764700000000000 0.025586
59.8979590000000000 0.37988500000000000 0.025884
60.0000000000000000 0.35902200000000000 0.025819
