55.0000000000000000 0.26745500000000000 0.020384
55.1020410000000000 0.22018200000000000 0.018093
55.2040820000000000 0.20193500000000000 0.017345
55.3061220000000000 0.14980400000000000 0.014387
55.4081630000000000 0.13472300000000000 0.013706
55.5102040000000000 0.08225500000000000 0.010912
55.6122450000000000 0.05469700000000000 0.008579
55.7142860000000000 0.02435800000000000 0.005986
55.8163270000000000 0.01862000000000000 0.005721
55.9183670000000000 0.00434100000000000 0.003969
56.0204080000000000 0.00454300000000000 0.004153
56.1224490000000000 0.00338400000000000 0.003939
56.2244900000000000 -0.0029830000000000 0.002733
56.3265310000000000 -0.0010210000000000 0.003428
56.4285710000000000 0.00331900000000000 0.003864
56.5306120000000000 -0.0021070000000000 0.003150
56.6326530000000000 -0.0020610000000000 0.003082
56.7346940000000000 -0.0009670000000000 0.003247
56.8367350000000000 -0.0021500000000000 0.003215
56.9387760000000000 0.00212500000000000 0.003505
57.0408160000000000 0.00230400000000000 0.003800
57.1428570000000000 0.00119200000000000 0.003586
57.2448980000000000 -0.0021520000000000 0.003218
57.3469390000000000 -0.0010360000000000 0.003480
57.4489800000000000 -0.0009640000000000 0.003236
57.5510200000000000 0.00544500000000000 0.004145
57.6530610000000000 0.00011600000000000 0.003502
57.7551020000000000 0.00227900000000000 0.003759
57.8571430000000000 -0.0031650000000000 0.002900
57.9591840000000000 0.00444400000000000 0.004063
58.0612240000000000 0.00225000000000000 0.003711
58.1632650000000000 -0.0056550000000000 0.002597
58.2653060000000000 0.00011600000000000 0.003518
58.3673470000000000 0.00011700000000000 0.003525
58.4693880000000000 0.00120900000000000 0.003637
58.5714290000000000 -0.0020590000000000 0.003078
58.6734690000000000 0.00121100000000000 0.003641
58.7755100000000000 0.01710400000000000 0.005472
58.8775510000000000 0.00342900000000000 0.003992
58.9795920000000000 0.00554500000000000 0.004222
59.0816330000000000 0.00324200000000000 0.003775
59.1836730000000000 0.02150000000000000 0.006140
59.2857140000000000 0.03186500000000000 0.007293
59.3877550000000000 0.03805000000000000 0.007454
59.4897960000000000 0.04380100000000000 0.007949
59.5918370000000000 0.04795300000000000 0.008142
59.6938780000000000 0.06688300000000000 0.009648
59.7959180000000000 0.06118600000000000 0.009325
59.8979590000000000 0.05762200000000000 0.008952
60.0000000000000000 0.08808900000000000 0.011460
