55.0000000000000000 0.35657000000000000 0.024559
55.1020410000000000 0.38071700000000000 0.025687
55.2040820000000000 0.37880000000000000 0.025834
55.3061220000000000 0.38488500000000000 0.025779
55.4081630000000000 0.35225300000000000 0.024526
55.5102040000000000 0.34348900000000000 0.024760
55.6122450000000000 0.39166700000000000 0.026037
55.7142860000000000 0.28911000000000000 0.020944
55.8163270000000000 0.29512600000000000 0.021961
55.9183670000000000 0.35861100000000000 0.024618
56.0204080000000000 0.34761200000000000 0.024614
56.1224490000000000 0.35102700000000000 0.024602
56.2244900000000000 0.36379800000000000 0.024567
56.3265310000000000 0.35375600000000000 0.025246
56.4285710000000000 0.35496200000000000 0.024568
56.5306120000000000 0.36360900000000000 0.025411
56.6326530000000000 0.36875000000000000 0.025397
56.7346940000000000 0.33827000000000000 0.023913
56.8367350000000000 0.35855600000000000 0.025407
56.9387760000000000 0.37765200000000000 0.024965
57.0408160000000000 0.40400900000000000 0.027092
57.1428570000000000 0.38323200000000000 0.025975
57.2448980000000000 0.36804700000000000 0.025866
57.3469390000000000 0.36371300000000000 0.025890
57.4489800000000000 0.37917600000000000 0.025764
57.5510200000000000 0.37873500000000000 0.025633
57.6530610000000000 0.40360600000000000 0.027193
57.7551020000000000 0.35199500000000000 0.024574
57.8571430000000000 0.36748600000000000 0.025401
57.9591840000000000 0.40180000000000000 0.026860
58.0612240000000000 0.39771500000000000 0.026521
58.1632650000000000 0.38251200000000000 0.026748
58.2653060000000000 0.36431500000000000 0.025431
58.3673470000000000 0.37291600000000000 0.025856
58.4693880000000000 0.36898300000000000 0.025483
58.5714290000000000 0.36943600000000000 0.025416
58.6734690000000000 0.36610000000000000 0.025362
58.7755100000000000 0.30491000000000000 0.022173
58.8775510000000000 0.20660700000000000 0.017732
58.9795920000000000 0.12068700000000000 0.012966
59.0816330000000000 0.09305000000000000 0.011080
59.1836730000000000 0.15654300000000000 0.015235
59.2857140000000000 0.25170800000000000 0.020597
59.3877550000000000 0.33286700000000000 0.023696
59.4897960000000000 0.36380800000000000 0.025219
59.5918370000000000 0.35094900000000000 0.024324
59.6938780000000000 0.34709100000000000 0.024467
59.7959180000000000 0.38097100000000000 0.026204
59.8979590000000000 0.33539800000000000 0.023826
60.0000000000000000 0.39420900000000000 0.027483
