55.0000000000000000 0.37354400000000000 0.025336
55.1020410000000000 0.39134800000000000 0.026170
55.2040820000000000 0.37663000000000000 0.025735
55.3061220000000000 0.35431400000000000 0.024386
55.4081630000000000 0.40286700000000000 0.026844
55.5102040000000000 0.35261500000000000 0.025192
55.6122450000000000 0.33603100000000000 0.023500
55.7142860000000000 0.29113100000000000 0.021037
55.8163270000000000 0.30165800000000000 0.022272
55.9183670000000000 0.30362000000000000 0.022069
56.0204080000000000 0.34871900000000000 0.024666
56.1224490000000000 0.36846400000000000 0.025409
56.2244900000000000 0.38955500000000000 0.025727
56.3265310000000000 0.36288200000000000 0.025676
56.4285710000000000 0.34961800000000000 0.024322
56.5306120000000000 0.36027400000000000 0.025255
56.6326530000000000 0.37092500000000000 0.025497
56.7346940000000000 0.36527900000000000 0.025163
56.8367350000000000 0.37670400000000000 0.026257
56.9387760000000000 0.38068100000000000 0.025100
57.0408160000000000 0.39744100000000000 0.026791
57.1428570000000000 0.34006300000000000 0.023985
57.2448980000000000 0.36464100000000000 0.025706
57.3469390000000000 0.36834500000000000 0.026109
57.4489800000000000 0.38671400000000000 0.026109
57.5510200000000000 0.35633800000000000 0.024608
57.6530610000000000 0.38370800000000000 0.026278
57.7551020000000000 0.34008500000000000 0.024021
57.8571430000000000 0.37623300000000000 0.025805
57.9591840000000000 0.38231100000000000 0.025970
58.0612240000000000 0.38275200000000000 0.025841
58.1632650000000000 0.33168100000000000 0.024340
58.2653060000000000 0.37208800000000000 0.025792
58.3673470000000000 0.34732100000000000 0.024662
58.4693880000000000 0.36241500000000000 0.025179
58.5714290000000000 0.40093700000000000 0.026860
58.6734690000000000 0.36719500000000000 0.025413
58.7755100000000000 0.29004100000000000 0.021471
58.8775510000000000 0.19114800000000000 0.016934
58.9795920000000000 0.12394500000000000 0.013154
59.0816330000000000 0.09618200000000000 0.011271
59.1836730000000000 0.15766800000000000 0.015297
59.2857140000000000 0.28697700000000000 0.022357
59.3877550000000000 0.31444100000000000 0.022831
59.4897960000000000 0.36053100000000000 0.025067
59.5918370000000000 0.39879000000000000 0.026507
59.6938780000000000 0.38977900000000000 0.026440
59.7959180000000000 0.38430200000000000 0.026358
59.8979590000000000 0.35709900000000000 0.024834
60.0000000000000000 0.36840500000000000 0.026265
