55.0000000000000000 0.35869100000000000 0.024657
55.1020410000000000 0.40410600000000000 0.026748
55.2040820000000000 0.36903500000000000 0.025385
55.3061220000000000 0.37434400000000000 0.025300
55.4081630000000000 0.38456000000000000 0.026010
55.5102040000000000 0.35603800000000000 0.025354
55.6122450000000000 0.35702600000000000 0.024464
55.7142860000000000 0.29012000000000000 0.020990
55.8163270000000000 0.25375900000000000 0.019963
55.9183670000000000 0.32900000000000000 0.023253
56.0204080000000000 0.35203900000000000 0.024821
56.1224490000000000 0.29108900000000000 0.021779
56.2244900000000000 0.34010200000000000 0.023489
56.3265310000000000 0.37543100000000000 0.026265
56.4285710000000000 0.36030600000000000 0.024814
56.5306120000000000 0.36138600000000000 0.025307
56.6326530000000000 0.37744900000000000 0.025798
56.7346940000000000 0.37392200000000000 0.025561
56.8367350000000000 0.35288400000000000 0.025140
56.9387760000000000 0.38471900000000000 0.025281
57.0408160000000000 0.33505100000000000 0.023904
57.1428570000000000 0.34869700000000000 0.024385
57.2448980000000000 0.37372500000000000 0.026131
57.3469390000000000 0.38687200000000000 0.026981
57.4489800000000000 0.36302200000000000 0.025023
57.5510200000000000 0.32754100000000000 0.023275
57.6530610000000000 0.40692300000000000 0.027345
57.7551020000000000 0.34333300000000000 0.024172
57.8571430000000000 0.36201900000000000 0.025148
57.9591840000000000 0.36065700000000000 0.024975
58.0612240000000000 0.36992600000000000 0.025255
58.1632650000000000 0.37327000000000000 0.026314
58.2653060000000000 0.39873700000000000 0.027023
58.3673470000000000 0.38515700000000000 0.026424
58.4693880000000000 0.36132100000000000 0.025128
58.5714290000000000 0.37703900000000000 0.025766
58.6734690000000000 0.34199300000000000 0.024241
58.7755100000000000 0.28791700000000000 0.021371
58.8775510000000000 0.20219000000000000 0.017506
58.9795920000000000 0.13263500000000000 0.013649
59.0816330000000000 0.11393500000000000 0.012321
59.1836730000000000 0.16554600000000000 0.015726
59.2857140000000000 0.24230300000000000 0.020120
59.3877550000000000 0.36971900000000000 0.025405
59.4897960000000000 0.36162400000000000 0.025117
59.5918370000000000 0.34988600000000000 0.024275
59.6938780000000000 0.37117200000000000 0.025584
59.7959180000000000 0.38985400000000000 0.026614
59.8979590000000000 0.33973800000000000 0.024028
60.0000000000000000 0.39186300000000000 0.027373
