55.0000000000000000 0.14120900000000000 0.013963
55.1020410000000000 0.10111000000000000 0.011675
55.2040820000000000 0.09451400000000000 0.011396
55.3061220000000000 0.08760700000000000 0.010798
55.4081630000000000 0.07118700000000000 0.009853
55.5102040000000000 0.03890600000000000 0.007757
55.6122450000000000 0.02740400000000000 0.006411
55.7142860000000000 0.01930600000000000 0.005509
55.8163270000000000 0.00120300000000000 0.003617
55.9183670000000000 0.00857100000000000 0.004510
56.0204080000000000 0.00011600000000000 0.003506
56.1224490000000000 -0.0009750000000000 0.003275
56.2244900000000000 -0.0029830000000000 0.002733
56.3265310000000000 0.00126000000000000 0.003791
56.4285710000000000 0.00331900000000000 0.003864
56.5306120000000000 0.00456300000000000 0.004172
56.6326530000000000 -0.0020610000000000 0.003082
56.7346940000000000 -0.0042080000000000 0.002655
56.8367350000000000 0.00125300000000000 0.003769
56.9387760000000000 -0.0029230000000000 0.002677
57.0408160000000000 0.00120900000000000 0.003637
57.1428570000000000 0.00227200000000000 0.003747
57.2448980000000000 0.00125500000000000 0.003774
57.3469390000000000 0.00127900000000000 0.003848
57.4489800000000000 -0.0031180000000000 0.002856
57.5510200000000000 0.00224500000000000 0.003703
57.6530610000000000 0.00564300000000000 0.004296
57.7551020000000000 -0.0074650000000000 0.001900
57.8571430000000000 0.00448800000000000 0.004103
57.9591840000000000 -0.0020520000000000 0.003068
58.0612240000000000 0.00011200000000000 0.003386
58.1632650000000000 -0.0056550000000000 0.002597
58.2653060000000000 -0.0054350000000000 0.002496
58.3673470000000000 0.00456800000000000 0.004176
58.4693880000000000 0.00120900000000000 0.003637
58.5714290000000000 0.00011400000000000 0.003441
58.6734690000000000 -0.0064600000000000 0.002209
58.7755100000000000 0.00329700000000000 0.003839
58.8775510000000000 -0.0020930000000000 0.003129
58.9795920000000000 0.00337300000000000 0.003927
59.0816330000000000 0.00741900000000000 0.004325
59.1836730000000000 0.00124300000000000 0.003740
59.2857140000000000 -0.0010520000000000 0.003533
59.3877550000000000 -0.0085570000000000 0.001571
59.4897960000000000 -0.0042540000000000 0.002684
59.5918370000000000 -0.0062670000000000 0.002143
59.6938780000000000 0.00120900000000000 0.003637
59.7959180000000000 -0.0043250000000000 0.002729
59.8979590000000000 0.00119900000000000 0.003606
60.0000000000000000 0.00129600000000000 0.003898
