55.0000000000000000 0.39476200000000000 0.026300
55.1020410000000000 0.41792700000000000 0.027371
55.2040820000000000 0.38856600000000000 0.026282
55.3061220000000000 0.44919000000000000 0.028665
55.4081630000000000 0.39640600000000000 0.026550
55.5102040000000000 0.40623100000000000 0.027700
55.6122450000000000 0.37697100000000000 0.025372
55.7142860000000000 0.32548800000000000 0.022620
55.8163270000000000 0.29839200000000000 0.022116
55.9183670000000000 0.32159800000000000 0.022910
56.0204080000000000 0.33765200000000000 0.024147
56.1224490000000000 0.35429700000000000 0.024753
56.2244900000000000 0.30095100000000000 0.021683
56.3265310000000000 0.30128100000000000 0.022740
56.4285710000000000 0.22777200000000000 0.018517
56.5306120000000000 0.18686500000000000 0.016764
56.6326530000000000 0.16540200000000000 0.015455
56.7346940000000000 0.12003500000000000 0.012893
56.8367350000000000 0.06363900000000000 0.009612
56.9387760000000000 0.02736200000000000 0.006252
57.0408160000000000 0.00449300000000000 0.004108
57.1428570000000000 0.00550900000000000 0.004194
57.2448980000000000 -0.0032880000000000 0.003012
57.3469390000000000 -0.0045100000000000 0.002846
57.4489800000000000 -0.0041950000000000 0.002647
57.5510200000000000 -0.0020210000000000 0.003023
57.6530610000000000 0.00343200000000000 0.003996
57.7551020000000000 0.00227900000000000 0.003759
57.8571430000000000 -0.0009790000000000 0.003286
57.9591840000000000 0.00227900000000000 0.003759
58.0612240000000000 -0.0030940000000000 0.002835
58.1632650000000000 0.00358700000000000 0.004176
58.2653060000000000 0.00122700000000000 0.003690
58.3673470000000000 -0.0009960000000000 0.003344
58.4693880000000000 -0.0009800000000000 0.003290
58.5714290000000000 -0.0020590000000000 0.003078
58.6734690000000000 0.00888100000000000 0.004673
58.7755100000000000 0.00967000000000000 0.004656
58.8775510000000000 0.01447100000000000 0.005341
58.9795920000000000 0.01423500000000000 0.005254
59.0816330000000000 0.01264100000000000 0.004936
59.1836730000000000 0.02937700000000000 0.006877
59.2857140000000000 0.04832400000000000 0.008660
59.3877550000000000 0.07923700000000000 0.010421
59.4897960000000000 0.10605500000000000 0.012139
59.5918370000000000 0.12131000000000000 0.012861
59.6938780000000000 0.11942200000000000 0.012943
59.7959180000000000 0.15778800000000000 0.015201
59.8979590000000000 0.13032100000000000 0.013510
60.0000000000000000 0.11741000000000000 0.013290
