55.0000000000000000 0.30883000000000000 0.022346
55.1020410000000000 0.33287600000000000 0.023489
55.2040820000000000 0.30393100000000000 0.022346
55.3061220000000000 0.30371400000000000 0.022042
55.4081630000000000 0.28979400000000000 0.021598
55.5102040000000000 0.27276200000000000 0.021349
55.6122450000000000 0.19956300000000000 0.016952
55.7142860000000000 0.14561800000000000 0.013865
55.8163270000000000 0.09700000000000000 0.011569
55.9183670000000000 0.10269100000000000 0.011738
56.0204080000000000 0.07094300000000000 0.009985
56.1224490000000000 0.04370600000000000 0.007931
56.2244900000000000 0.03719800000000000 0.007164
56.3265310000000000 0.01266800000000000 0.005266
56.4285710000000000 0.00652500000000000 0.004292
56.5306120000000000 0.00456300000000000 0.004172
56.6326530000000000 -0.0031480000000000 0.002884
56.7346940000000000 0.00227400000000000 0.003751
56.8367350000000000 -0.0010150000000000 0.003409
56.9387760000000000 -0.0019130000000000 0.002861
57.0408160000000000 -0.0053580000000000 0.002460
57.1428570000000000 -0.0020450000000000 0.003058
57.2448980000000000 0.00466100000000000 0.004262
57.3469390000000000 0.01054300000000000 0.005077
57.4489800000000000 -0.0009640000000000 0.003236
57.5510200000000000 0.00117800000000000 0.003544
57.6530610000000000 -0.0020950000000000 0.003133
57.7551020000000000 0.00227900000000000 0.003759
57.8571430000000000 -0.0042590000000000 0.002687
57.9591840000000000 -0.0031350000000000 0.002872
58.0612240000000000 0.00331900000000000 0.003864
58.1632650000000000 -0.0021890000000000 0.003274
58.2653060000000000 -0.0009940000000000 0.003337
58.3673470000000000 0.00123000000000000 0.003698
58.4693880000000000 -0.0009800000000000 0.003290
58.5714290000000000 0.00120000000000000 0.003610
58.6734690000000000 -0.0009810000000000 0.003293
58.7755100000000000 0.00223500000000000 0.003687
58.8775510000000000 0.00342900000000000 0.003992
58.9795920000000000 0.00554500000000000 0.004222
59.0816330000000000 0.00219800000000000 0.003625
59.1836730000000000 0.00799600000000000 0.004662
59.2857140000000000 0.01070400000000000 0.005155
59.3877550000000000 0.01745600000000000 0.005585
59.4897960000000000 0.01322100000000000 0.005163
59.5918370000000000 0.02562700000000000 0.006301
59.6938780000000000 0.02747900000000000 0.006589
59.7959180000000000 0.03453800000000000 0.007269
59.8979590000000000 0.04243100000000000 0.007811
60.0000000000000000 0.04586500000000000 0.008454
