55.0000000000000000 0.15181800000000000 0.014541
55.1020410000000000 0.14576200000000000 0.014227
55.2040820000000000 0.10645000000000000 0.012122
55.3061220000000000 0.08549900000000000 0.010665
55.4081630000000000 0.05503400000000000 0.008728
55.5102040000000000 0.03890600000000000 0.007757
55.6122450000000000 0.02425400000000000 0.006124
55.7142860000000000 0.02031600000000000 0.005607
55.8163270000000000 0.00338000000000000 0.003935
55.9183670000000000 0.00116800000000000 0.003514
56.0204080000000000 -0.0020970000000000 0.003136
56.1224490000000000 0.00447300000000000 0.004090
56.2244900000000000 -0.0029830000000000 0.002733
56.3265310000000000 0.00126000000000000 0.003791
56.4285710000000000 0.00225000000000000 0.003711
56.5306120000000000 -0.0021070000000000 0.003150
56.6326530000000000 0.00011400000000000 0.003445
56.7346940000000000 -0.0009670000000000 0.003247
56.8367350000000000 -0.0044180000000000 0.002788
56.9387760000000000 -0.0029230000000000 0.002677
57.0408160000000000 0.00230400000000000 0.003800
57.1428570000000000 0.00658800000000000 0.004334
57.2448980000000000 0.00239000000000000 0.003943
57.3469390000000000 0.00127900000000000 0.003848
57.4489800000000000 -0.0031180000000000 0.002856
57.5510200000000000 -0.0041540000000000 0.002621
57.6530610000000000 -0.0054110000000000 0.002485
57.7551020000000000 -0.0009690000000000 0.003254
57.8571430000000000 0.00120800000000000 0.003633
57.9591840000000000 -0.0031350000000000 0.002872
58.0612240000000000 0.00118100000000000 0.003552
58.1632650000000000 -0.0010340000000000 0.003472
58.2653060000000000 0.00122700000000000 0.003690
58.3673470000000000 -0.0021090000000000 0.003154
58.4693880000000000 -0.0009800000000000 0.003290
58.5714290000000000 0.00228600000000000 0.003771
58.6734690000000000 0.00340200000000000 0.003961
58.7755100000000000 -0.0009510000000000 0.003192
58.8775510000000000 -0.0043010000000000 0.002714
58.9795920000000000 0.00445900000000000 0.004077
59.0816330000000000 0.00115400000000000 0.003470
59.1836730000000000 0.00461900000000000 0.004223
59.2857140000000000 -0.0010520000000000 0.003533
59.3877550000000000 -0.0009700000000000 0.003257
59.4897960000000000 0.00557500000000000 0.004245
59.5918370000000000 0.00968000000000000 0.004661
59.6938780000000000 0.00668200000000000 0.004396
59.7959180000000000 0.00566800000000000 0.004316
59.8979590000000000 0.01205000000000000 0.005008
60.0000000000000000 0.01067900000000000 0.005143
