55.0000000000000000 0.36823900000000000 0.025094
55.1020410000000000 0.35094900000000000 0.024324
55.2040820000000000 0.43088300000000000 0.028205
55.3061220000000000 0.40386100000000000 0.026636
55.4081630000000000 0.38563700000000000 0.026060
55.5102040000000000 0.39368300000000000 0.027117
55.6122450000000000 0.36437400000000000 0.024799
55.7142860000000000 0.33660300000000000 0.023126
55.8163270000000000 0.31472100000000000 0.022890
55.9183670000000000 0.34803600000000000 0.024132
56.0204080000000000 0.34761200000000000 0.024614
56.1224490000000000 0.35756600000000000 0.024905
56.2244900000000000 0.35143500000000000 0.024006
56.3265310000000000 0.29671800000000000 0.022519
56.4285710000000000 0.33251700000000000 0.023530
56.5306120000000000 0.30135900000000000 0.022473
56.6326530000000000 0.26218300000000000 0.020364
56.7346940000000000 0.22375000000000000 0.018411
56.8367350000000000 0.16912900000000000 0.015982
56.9387760000000000 0.08591200000000000 0.010449
57.0408160000000000 0.02200600000000000 0.006077
57.1428570000000000 0.01522200000000000 0.005335
57.2448980000000000 0.00466100000000000 0.004262
57.3469390000000000 -0.0010360000000000 0.003480
57.4489800000000000 0.00549700000000000 0.004185
57.5510200000000000 0.00117800000000000 0.003544
57.6530610000000000 0.00343200000000000 0.003996
57.7551020000000000 -0.0020520000000000 0.003068
57.8571430000000000 0.00230100000000000 0.003796
57.9591840000000000 -0.0009690000000000 0.003254
58.0612240000000000 -0.0009570000000000 0.003212
58.1632650000000000 0.02438200000000000 0.006528
58.2653060000000000 0.05563500000000000 0.008924
58.3673470000000000 0.06911200000000000 0.009890
58.4693880000000000 0.09862600000000000 0.011702
58.5714290000000000 0.10004800000000000 0.011742
58.6734690000000000 0.09873400000000000 0.011715
58.7755100000000000 0.12542900000000000 0.013088
58.8775510000000000 0.09287100000000000 0.011399
58.9795920000000000 0.05551200000000000 0.008805
59.0816330000000000 0.04501300000000000 0.007837
59.1836730000000000 0.08564500000000000 0.011052
59.2857140000000000 0.15530700000000000 0.015501
59.3877550000000000 0.22989700000000000 0.018746
59.4897960000000000 0.21745700000000000 0.018189
59.5918370000000000 0.24782400000000000 0.019455
59.6938780000000000 0.22997300000000000 0.018837
59.7959180000000000 0.22107900000000000 0.018517
59.8979590000000000 0.26378400000000000 0.020421
60.0000000000000000 0.25111800000000000 0.020544
