55.0000000000000000 0.38415300000000000 0.025819
55.1020410000000000 0.35626500000000000 0.024569
55.2040820000000000 0.38097000000000000 0.025934
55.3061220000000000 0.35747700000000000 0.024531
55.4081630000000000 0.37163700000000000 0.025419
55.5102040000000000 0.36288200000000000 0.025676
55.6122450000000000 0.30348800000000000 0.021989
55.7142860000000000 0.30830900000000000 0.021832
55.8163270000000000 0.30274600000000000 0.022323
55.9183670000000000 0.31208000000000000 0.022466
56.0204080000000000 0.37085300000000000 0.025696
56.1224490000000000 0.34557800000000000 0.024348
56.2244900000000000 0.37204000000000000 0.024939
56.3265310000000000 0.38797900000000000 0.026851
56.4285710000000000 0.39237100000000000 0.026279
56.5306120000000000 0.39806800000000000 0.027006
56.6326530000000000 0.36331300000000000 0.025146
56.7346940000000000 0.39336900000000000 0.026450
56.8367350000000000 0.37216700000000000 0.026045
56.9387760000000000 0.37260500000000000 0.024739
57.0408160000000000 0.36788800000000000 0.025432
57.1428570000000000 0.38323200000000000 0.025975
57.2448980000000000 0.36350500000000000 0.025653
57.3469390000000000 0.39613500000000000 0.027415
57.4489800000000000 0.38779100000000000 0.026158
57.5510200000000000 0.39686700000000000 0.026458
57.6530610000000000 0.35938800000000000 0.025151
57.7551020000000000 0.36715300000000000 0.025274
57.8571430000000000 0.36201900000000000 0.025148
57.9591840000000000 0.39205500000000000 0.026416
58.0612240000000000 0.36565000000000000 0.025059
58.1632650000000000 0.36518300000000000 0.025933
58.2653060000000000 0.35543300000000000 0.025017
58.3673470000000000 0.38404400000000000 0.026372
58.4693880000000000 0.36022600000000000 0.025077
58.5714290000000000 0.38247100000000000 0.026015
58.6734690000000000 0.30802400000000000 0.022642
58.7755100000000000 0.30597200000000000 0.022223
58.8775510000000000 0.24636000000000000 0.019732
58.9795920000000000 0.13480800000000000 0.013771
59.0816330000000000 0.11602400000000000 0.012442
59.1836730000000000 0.14866500000000000 0.014799
59.2857140000000000 0.23172300000000000 0.019580
59.3877550000000000 0.28409200000000000 0.021390
59.4897960000000000 0.38019000000000000 0.025974
59.5918370000000000 0.36795900000000000 0.025105
59.6938780000000000 0.36241500000000000 0.025179
59.7959180000000000 0.36542600000000000 0.025483
59.8979590000000000 0.35384400000000000 0.024684
60.0000000000000000 0.34963900000000000 0.025371
