55.0000000000000000 0.38097000000000000 0.025674
55.1020410000000000 0.37859100000000000 0.025590
55.2040820000000000 0.34624800000000000 0.024331
55.3061220000000000 0.37961500000000000 0.025540
55.4081630000000000 0.36302200000000000 0.025023
55.5102040000000000 0.33892600000000000 0.024544
55.6122450000000000 0.33393100000000000 0.023404
55.7142860000000000 0.33458200000000000 0.023034
55.8163270000000000 0.27226600000000000 0.020863
55.9183670000000000 0.28669900000000000 0.021271
56.0204080000000000 0.36863900000000000 0.025594
56.1224490000000000 0.36410500000000000 0.025208
56.2244900000000000 0.36585900000000000 0.024660
56.3265310000000000 0.33436300000000000 0.024327
56.4285710000000000 0.34320500000000000 0.024025
56.5306120000000000 0.34248800000000000 0.024423
56.6326530000000000 0.38614900000000000 0.026197
56.7346940000000000 0.35339500000000000 0.024615
56.8367350000000000 0.40165900000000000 0.027418
56.9387760000000000 0.36251000000000000 0.024286
57.0408160000000000 0.34490200000000000 0.024365
57.1428570000000000 0.39186500000000000 0.026369
57.2448980000000000 0.37259000000000000 0.026078
57.3469390000000000 0.36487100000000000 0.025945
57.4489800000000000 0.38563700000000000 0.026060
57.5510200000000000 0.39153400000000000 0.026216
57.6530610000000000 0.35607200000000000 0.024996
57.7551020000000000 0.37148400000000000 0.025473
57.8571430000000000 0.35545900000000000 0.024844
57.9591840000000000 0.37689700000000000 0.025722
58.0612240000000000 0.35816900000000000 0.024715
58.1632650000000000 0.38020100000000000 0.026640
58.2653060000000000 0.38097100000000000 0.026204
58.3673470000000000 0.36957800000000000 0.025701
58.4693880000000000 0.38759000000000000 0.026340
58.5714290000000000 0.39333300000000000 0.026513
58.6734690000000000 0.35295000000000000 0.024752
58.7755100000000000 0.29004100000000000 0.021471
58.8775510000000000 0.18452300000000000 0.016588
58.9795920000000000 0.11634200000000000 0.012714
59.0816330000000000 0.09722700000000000 0.011334
59.1836730000000000 0.16892200000000000 0.015908
59.2857140000000000 0.23525000000000000 0.019761
59.3877550000000000 0.30576900000000000 0.022422
59.4897960000000000 0.36599200000000000 0.025320
59.5918370000000000 0.35732800000000000 0.024618
59.6938780000000000 0.33833500000000000 0.024058
59.7959180000000000 0.36986700000000000 0.025689
59.8979590000000000 0.36578000000000000 0.025235
60.0000000000000000 0.36488700000000000 0.026098
