55.0000000000000000 0.35975200000000000 0.024705
55.1020410000000000 0.38178000000000000 0.025735
55.2040820000000000 0.38748100000000000 0.026232
55.3061220000000000 0.39331900000000000 0.026161
55.4081630000000000 0.38240600000000000 0.025912
55.5102040000000000 0.37200800000000000 0.026105
55.6122450000000000 0.33288100000000000 0.023355
55.7142860000000000 0.30325700000000000 0.021599
55.8163270000000000 0.28097400000000000 0.021283
55.9183670000000000 0.32159800000000000 0.022910
56.0204080000000000 0.34318600000000000 0.024406
56.1224490000000000 0.36410500000000000 0.025208
56.2244900000000000 0.38234300000000000 0.025403
56.3265310000000000 0.36174100000000000 0.025623
56.4285710000000000 0.37954500000000000 0.025695
56.5306120000000000 0.36583200000000000 0.025514
56.6326530000000000 0.36113800000000000 0.025046
56.7346940000000000 0.36203800000000000 0.025014
56.8367350000000000 0.38804700000000000 0.026786
56.9387760000000000 0.34534900000000000 0.023512
57.0408160000000000 0.36898300000000000 0.025483
57.1428570000000000 0.37891500000000000 0.025777
57.2448980000000000 0.34079300000000000 0.024581
57.3469390000000000 0.33823800000000000 0.024679
57.4489800000000000 0.35656100000000000 0.024725
57.5510200000000000 0.32540800000000000 0.023176
57.6530610000000000 0.40471200000000000 0.027244
57.7551020000000000 0.36823600000000000 0.025324
57.8571430000000000 0.39263300000000000 0.026558
57.9591840000000000 0.38122800000000000 0.025921
58.0612240000000000 0.34961800000000000 0.024322
58.1632650000000000 0.37095900000000000 0.026205
58.2653060000000000 0.38208100000000000 0.026255
58.3673470000000000 0.37069000000000000 0.025753
58.4693880000000000 0.38102300000000000 0.026038
58.5714290000000000 0.35965900000000000 0.024965
58.6734690000000000 0.32774800000000000 0.023573
58.7755100000000000 0.30384800000000000 0.022123
58.8775510000000000 0.20439900000000000 0.017619
58.9795920000000000 0.11634200000000000 0.012714
59.0816330000000000 0.11915600000000000 0.012621
59.1836730000000000 0.18130100000000000 0.016571
59.2857140000000000 0.23289800000000000 0.019640
59.3877550000000000 0.31227300000000000 0.022729
59.4897960000000000 0.33104300000000000 0.023693
59.5918370000000000 0.34563300000000000 0.024079
59.6938780000000000 0.36022600000000000 0.025077
59.7959180000000000 0.40650900000000000 0.027380
59.8979590000000000 0.39073600000000000 0.026381
60.0000000000000000 0.37427000000000000 0.026543
