55.0000000000000000 0.36293500000000000 0.024851
55.1020410000000000 0.36158000000000000 0.024813
55.2040820000000000 0.37446000000000000 0.025635
55.3061220000000000 0.33323100000000000 0.023416
55.4081630000000000 0.40502100000000000 0.026942
55.5102040000000000 0.36972700000000000 0.025998
55.6122450000000000 0.33603100000000000 0.023500
55.7142860000000000 0.32649800000000000 0.022666
55.8163270000000000 0.27770900000000000 0.021126
55.9183670000000000 0.31313800000000000 0.022515
56.0204080000000000 0.36199900000000000 0.025285
56.1224490000000000 0.34121900000000000 0.024145
56.2244900000000000 0.32361700000000000 0.022733
56.3265310000000000 0.37314900000000000 0.026158
56.4285710000000000 0.36565000000000000 0.025059
56.5306120000000000 0.37139000000000000 0.025773
56.6326530000000000 0.36548800000000000 0.025247
56.7346940000000000 0.40957500000000000 0.027187
56.8367350000000000 0.32793000000000000 0.023958
56.9387760000000000 0.36150100000000000 0.024241
57.0408160000000000 0.39963000000000000 0.026892
57.1428570000000000 0.37567700000000000 0.025629
57.2448980000000000 0.34079300000000000 0.024581
57.3469390000000000 0.37992400000000000 0.026655
57.4489800000000000 0.33287000000000000 0.023626
57.5510200000000000 0.40113300000000000 0.026651
57.6530610000000000 0.39918400000000000 0.026990
57.7551020000000000 0.38339400000000000 0.026020
57.8571430000000000 0.36857900000000000 0.025452
57.9591840000000000 0.36498800000000000 0.025174
58.0612240000000000 0.37847600000000000 0.025646
58.1632650000000000 0.36749400000000000 0.026042
58.2653060000000000 0.37652900000000000 0.025998
58.3673470000000000 0.33953100000000000 0.024296
58.4693880000000000 0.37007700000000000 0.025533
58.5714290000000000 0.36617700000000000 0.025266
58.6734690000000000 0.33103500000000000 0.023728
58.7755100000000000 0.28366900000000000 0.021169
58.8775510000000000 0.21212800000000000 0.018014
58.9795920000000000 0.12394500000000000 0.013154
59.0816330000000000 0.09200500000000000 0.011016
59.1836730000000000 0.15429200000000000 0.015111
59.2857140000000000 0.24700600000000000 0.020359
59.3877550000000000 0.34695700000000000 0.024352
59.4897960000000000 0.35834700000000000 0.024966
59.5918370000000000 0.33181200000000000 0.023440
59.6938780000000000 0.35913100000000000 0.025027
59.7959180000000000 0.34321900000000000 0.024445
59.8979590000000000 0.34733400000000000 0.024382
60.0000000000000000 0.37544300000000000 0.026598
