55.0000000000000000 0.40431000000000000 0.026732
55.1020410000000000 0.38178000000000000 0.025735
55.2040820000000000 0.41460700000000000 0.027468
55.3061220000000000 0.38383100000000000 0.025731
55.4081630000000000 0.37379100000000000 0.025518
55.5102040000000000 0.36288200000000000 0.025676
55.6122450000000000 0.32448300000000000 0.022967
55.7142860000000000 0.28911000000000000 0.020944
55.8163270000000000 0.24613900000000000 0.019589
55.9183670000000000 0.27295200000000000 0.020617
56.0204080000000000 0.31109200000000000 0.022891
56.1224490000000000 0.22679100000000000 0.018639
56.2244900000000000 0.22058900000000000 0.017846
56.3265310000000000 0.16210800000000000 0.015644
56.4285710000000000 0.10485700000000000 0.011933
56.5306120000000000 0.04680400000000000 0.008266
56.6326530000000000 0.01098800000000000 0.004895
56.7346940000000000 -0.0009670000000000 0.003247
56.8367350000000000 0.00352200000000000 0.004100
56.9387760000000000 -0.0029230000000000 0.002677
57.0408160000000000 0.00230400000000000 0.003800
57.1428570000000000 -0.0009660000000000 0.003243
57.2448980000000000 -0.0044230000000000 0.002791
57.3469390000000000 0.00127900000000000 0.003848
57.4489800000000000 -0.0041950000000000 0.002647
57.5510200000000000 -0.0009550000000000 0.003205
57.6530610000000000 -0.0009890000000000 0.003322
57.7551020000000000 -0.0031350000000000 0.002872
57.8571430000000000 0.00886200000000000 0.004663
57.9591840000000000 0.01960200000000000 0.005798
58.0612240000000000 0.04500300000000000 0.007942
58.1632650000000000 0.05210800000000000 0.008863
58.2653060000000000 0.06784900000000000 0.009791
58.3673470000000000 0.08357900000000000 0.010853
58.4693880000000000 0.11176000000000000 0.012494
58.5714290000000000 0.12720400000000000 0.013341
58.6734690000000000 0.09982900000000000 0.011783
58.7755100000000000 0.09887900000000000 0.011534
58.8775510000000000 0.09618400000000000 0.011605
58.9795920000000000 0.06203000000000000 0.009271
59.0816330000000000 0.04919000000000000 0.008151
59.1836730000000000 0.06989000000000000 0.010004
59.2857140000000000 0.13532100000000000 0.014363
59.3877550000000000 0.15619300000000000 0.014935
59.4897960000000000 0.20653500000000000 0.017635
59.5918370000000000 0.21486700000000000 0.017828
59.6938780000000000 0.21246000000000000 0.017955
59.7959180000000000 0.21552700000000000 0.018236
59.8979590000000000 0.22689200000000000 0.018606
60.0000000000000000 0.23587100000000000 0.019770
