55.0000000000000000 0.40006600000000000 0.026540
55.1020410000000000 0.37752800000000000 0.025542
55.2040820000000000 0.35818400000000000 0.024885
55.3061220000000000 0.35958500000000000 0.024627
55.4081630000000000 0.38779100000000000 0.026158
55.5102040000000000 0.38113400000000000 0.026532
55.6122450000000000 0.33393100000000000 0.023404
55.7142860000000000 0.30932000000000000 0.021879
55.8163270000000000 0.29948100000000000 0.022168
55.9183670000000000 0.30679200000000000 0.022218
56.0204080000000000 0.37085300000000000 0.025696
56.1224490000000000 0.38154100000000000 0.026011
56.2244900000000000 0.36482800000000000 0.024613
56.3265310000000000 0.35831900000000000 0.025461
56.4285710000000000 0.33999900000000000 0.023877
56.5306120000000000 0.33915400000000000 0.024266
56.6326530000000000 0.35570100000000000 0.024794
56.7346940000000000 0.38364600000000000 0.026006
56.8367350000000000 0.35855600000000000 0.025407
56.9387760000000000 0.35847200000000000 0.024105
57.0408160000000000 0.34380800000000000 0.024314
57.1428570000000000 0.35301400000000000 0.024585
57.2448980000000000 0.37372500000000000 0.026131
57.3469390000000000 0.36718700000000000 0.026055
57.4489800000000000 0.39317500000000000 0.026403
57.5510200000000000 0.37980200000000000 0.025682
57.6530610000000000 0.30964300000000000 0.022810
57.7551020000000000 0.37798000000000000 0.025772
57.8571430000000000 0.36311200000000000 0.025199
57.9591840000000000 0.38880700000000000 0.026268
58.0612240000000000 0.34641200000000000 0.024174
58.1632650000000000 0.33630200000000000 0.024561
58.2653060000000000 0.38097100000000000 0.026204
58.3673470000000000 0.41186500000000000 0.027653
58.4693880000000000 0.34928000000000000 0.024569
58.5714290000000000 0.40202300000000000 0.026909
58.6734690000000000 0.35842900000000000 0.025007
58.7755100000000000 0.29535100000000000 0.021723
58.8775510000000000 0.20992000000000000 0.017902
58.9795920000000000 0.11416900000000000 0.012586
59.0816330000000000 0.09096100000000000 0.010952
59.1836730000000000 0.16329500000000000 0.015604
59.2857140000000000 0.24465500000000000 0.020240
59.3877550000000000 0.30035000000000000 0.022165
59.4897960000000000 0.37691400000000000 0.025823
59.5918370000000000 0.38815900000000000 0.026025
59.6938780000000000 0.37226600000000000 0.025634
59.7959180000000000 0.36986700000000000 0.025689
59.8979590000000000 0.37120500000000000 0.025485
60.0000000000000000 0.36488700000000000 0.026098
