55.0000000000000000 0.34702200000000000 0.024120
55.1020410000000000 0.35094900000000000 0.024324
55.2040820000000000 0.36035400000000000 0.024985
55.3061220000000000 0.39226500000000000 0.026113
55.4081630000000000 0.34794600000000000 0.024327
55.5102040000000000 0.36516400000000000 0.025784
55.6122450000000000 0.32028400000000000 0.022772
55.7142860000000000 0.32144600000000000 0.022435
55.8163270000000000 0.31472100000000000 0.022890
55.9183670000000000 0.32688500000000000 0.023155
56.0204080000000000 0.33322600000000000 0.023939
56.1224490000000000 0.34993700000000000 0.024551
56.2244900000000000 0.36688900000000000 0.024706
56.3265310000000000 0.34463000000000000 0.024815
56.4285710000000000 0.35816900000000000 0.024715
56.5306120000000000 0.35693900000000000 0.025100
56.6326530000000000 0.37744900000000000 0.025798
56.7346940000000000 0.34475200000000000 0.024214
56.8367350000000000 0.38010700000000000 0.026416
56.9387760000000000 0.35039600000000000 0.023740
57.0408160000000000 0.38868500000000000 0.026390
57.1428570000000000 0.38431100000000000 0.026024
57.2448980000000000 0.35669200000000000 0.025332
57.3469390000000000 0.36371300000000000 0.025890
57.4489800000000000 0.33179300000000000 0.023576
57.5510200000000000 0.38513500000000000 0.025925
57.6530610000000000 0.39476300000000000 0.026787
57.7551020000000000 0.39313800000000000 0.026465
57.8571430000000000 0.35217900000000000 0.024692
57.9591840000000000 0.39963400000000000 0.026762
58.0612240000000000 0.33465400000000000 0.023629
58.1632650000000000 0.35247500000000000 0.025331
58.2653060000000000 0.34988100000000000 0.024757
58.3673470000000000 0.37069000000000000 0.025753
58.4693880000000000 0.37555000000000000 0.025786
58.5714290000000000 0.34445200000000000 0.024260
58.6734690000000000 0.38911100000000000 0.026423
58.7755100000000000 0.31871600000000000 0.022819
58.8775510000000000 0.19556500000000000 0.017163
58.9795920000000000 0.09461700000000000 0.011409
59.0816330000000000 0.09513800000000000 0.011207
59.1836730000000000 0.14303800000000000 0.014485
59.2857140000000000 0.25053300000000000 0.020538
59.3877550000000000 0.31335700000000000 0.022780
59.4897960000000000 0.37582200000000000 0.025773
59.5918370000000000 0.33393900000000000 0.023539
59.6938780000000000 0.38321200000000000 0.026139
59.7959180000000000 0.35987400000000000 0.025224
59.8979590000000000 0.34733400000000000 0.024382
60.0000000000000000 0.36488700000000000 0.026098
