55.0000000000000000 0.36293500000000000 0.024851
55.1020410000000000 0.36795900000000000 0.025105
55.2040820000000000 0.34624800000000000 0.024331
55.3061220000000000 0.39121100000000000 0.026065
55.4081630000000000 0.37702200000000000 0.025666
55.5102040000000000 0.35489700000000000 0.025300
55.6122450000000000 0.32973200000000000 0.023210
55.7142860000000000 0.31942500000000000 0.022342
55.8163270000000000 0.28859500000000000 0.021649
55.9183670000000000 0.28564200000000000 0.021221
56.0204080000000000 0.35203900000000000 0.024821
56.1224490000000000 0.38699000000000000 0.026261
56.2244900000000000 0.36379800000000000 0.024567
56.3265310000000000 0.37771200000000000 0.026372
56.4285710000000000 0.38168300000000000 0.025792
56.5306120000000000 0.33359600000000000 0.024004
56.6326530000000000 0.35026400000000000 0.024542
56.7346940000000000 0.35555600000000000 0.024715
56.8367350000000000 0.37330100000000000 0.026098
56.9387760000000000 0.37260500000000000 0.024739
57.0408160000000000 0.35803700000000000 0.024976
57.1428570000000000 0.36704300000000000 0.025232
57.2448980000000000 0.36123400000000000 0.025546
57.3469390000000000 0.39845100000000000 0.027523
57.4489800000000000 0.40179000000000000 0.026795
57.5510200000000000 0.35633800000000000 0.024608
57.6530610000000000 0.35607200000000000 0.024996
57.7551020000000000 0.33467200000000000 0.023769
57.8571430000000000 0.41778100000000000 0.027706
57.9591840000000000 0.34983000000000000 0.024474
58.0612240000000000 0.35603100000000000 0.024617
58.1632650000000000 0.37095900000000000 0.026205
58.2653060000000000 0.41761300000000000 0.027889
58.3673470000000000 0.33953100000000000 0.024296
58.4693880000000000 0.36022600000000000 0.025077
58.5714290000000000 0.35097000000000000 0.024563
58.6734690000000000 0.38911100000000000 0.026423
58.7755100000000000 0.31022000000000000 0.022422
58.8775510000000000 0.17789700000000000 0.016238
58.9795920000000000 0.11742800000000000 0.012777
59.0816330000000000 0.10244800000000000 0.011647
59.1836730000000000 0.14303800000000000 0.014485
59.2857140000000000 0.27404500000000000 0.021716
59.3877550000000000 0.32961500000000000 0.023544
59.4897960000000000 0.36599200000000000 0.025320
59.5918370000000000 0.38071700000000000 0.025687
59.6938780000000000 0.34599700000000000 0.024416
59.7959180000000000 0.38652300000000000 0.026460
59.8979590000000000 0.37988500000000000 0.025884
60.0000000000000000 0.37192400000000000 0.026431
