55.0000000000000000 0.36930000000000000 0.025142
55.1020410000000000 0.37327500000000000 0.025348
55.2040820000000000 0.36903500000000000 0.025385
55.3061220000000000 0.39648100000000000 0.026304
55.4081630000000000 0.37163700000000000 0.025419
55.5102040000000000 0.36972700000000000 0.025998
55.6122450000000000 0.32238400000000000 0.022869
55.7142860000000000 0.30426700000000000 0.021646
55.8163270000000000 0.29294900000000000 0.021857
55.9183670000000000 0.33217300000000000 0.023400
56.0204080000000000 0.31330500000000000 0.022996
56.1224490000000000 0.38481100000000000 0.026161
56.2244900000000000 0.39676700000000000 0.026051
56.3265310000000000 0.40280900000000000 0.027541
56.4285710000000000 0.36244400000000000 0.024912
56.5306120000000000 0.36583200000000000 0.025514
56.6326530000000000 0.38179900000000000 0.025997
56.7346940000000000 0.36419900000000000 0.025114
56.8367350000000000 0.32225800000000000 0.023687
56.9387760000000000 0.37664300000000000 0.024920
57.0408160000000000 0.37445500000000000 0.025735
57.1428570000000000 0.38107300000000000 0.025876
57.2448980000000000 0.38167400000000000 0.026503
57.3469390000000000 0.37297600000000000 0.026328
57.4489800000000000 0.37486800000000000 0.025567
57.5510200000000000 0.34993900000000000 0.024313
57.6530610000000000 0.42129400000000000 0.028002
57.7551020000000000 0.35740900000000000 0.024825
57.8571430000000000 0.37295300000000000 0.025654
57.9591840000000000 0.36715300000000000 0.025274
58.0612240000000000 0.36565000000000000 0.025059
58.1632650000000000 0.39522000000000000 0.027343
58.2653060000000000 0.39207500000000000 0.026716
58.3673470000000000 0.34175700000000000 0.024401
58.4693880000000000 0.36788800000000000 0.025432
58.5714290000000000 0.36400400000000000 0.025166
58.6734690000000000 0.31788600000000000 0.023109
58.7755100000000000 0.25499500000000000 0.019793
58.8775510000000000 0.19114800000000000 0.016934
58.9795920000000000 0.12394500000000000 0.013154
59.0816330000000000 0.11706800000000000 0.012502
59.1836730000000000 0.15091600000000000 0.014924
59.2857140000000000 0.26699200000000000 0.021365
59.3877550000000000 0.32853100000000000 0.023493
59.4897960000000000 0.32449000000000000 0.023385
59.5918370000000000 0.38709600000000000 0.025977
59.6938780000000000 0.36788800000000000 0.025432
59.7959180000000000 0.35654300000000000 0.025069
59.8979590000000000 0.35601400000000000 0.024784
60.0000000000000000 0.36957800000000000 0.026320
