55.0000000000000000 0.37990900000000000 0.025626
55.1020410000000000 0.37221200000000000 0.025299
55.2040820000000000 0.34733400000000000 0.024382
55.3061220000000000 0.37750600000000000 0.025444
55.4081630000000000 0.42117400000000000 0.027673
55.5102040000000000 0.38455700000000000 0.026692
55.6122450000000000 0.32238400000000000 0.022869
55.7142860000000000 0.28911000000000000 0.020944
55.8163270000000000 0.27662000000000000 0.021073
55.9183670000000000 0.33534500000000000 0.023547
56.0204080000000000 0.35203900000000000 0.024821
56.1224490000000000 0.36846400000000000 0.025409
56.2244900000000000 0.36173800000000000 0.024473
56.3265310000000000 0.38569700000000000 0.026745
56.4285710000000000 0.36137500000000000 0.024863
56.5306120000000000 0.35027000000000000 0.024788
56.6326530000000000 0.37636200000000000 0.025748
56.7346940000000000 0.36636000000000000 0.025213
56.8367350000000000 0.39258400000000000 0.026997
56.9387760000000000 0.39178500000000000 0.025595
57.0408160000000000 0.39744100000000000 0.026791
57.1428570000000000 0.36704300000000000 0.025232
57.2448980000000000 0.38167400000000000 0.026503
57.3469390000000000 0.36950300000000000 0.026164
57.4489800000000000 0.33071600000000000 0.023526
57.5510200000000000 0.37446900000000000 0.025439
57.6530610000000000 0.41355500000000000 0.027648
57.7551020000000000 0.39313800000000000 0.026465
57.8571430000000000 0.37951300000000000 0.025956
57.9591840000000000 0.38339400000000000 0.026020
58.0612240000000000 0.31114000000000000 0.022531
58.1632650000000000 0.36864900000000000 0.026096
58.2653060000000000 0.39651600000000000 0.026921
58.3673470000000000 0.36512600000000000 0.025494
58.4693880000000000 0.37117200000000000 0.025584
58.5714290000000000 0.36509100000000000 0.025216
58.6734690000000000 0.32446100000000000 0.023419
58.7755100000000000 0.30066200000000000 0.021973
58.8775510000000000 0.21985800000000000 0.018407
58.9795920000000000 0.11851400000000000 0.012840
59.0816330000000000 0.10975800000000000 0.012078
59.1836730000000000 0.14641500000000000 0.014674
59.2857140000000000 0.23877700000000000 0.019941
59.3877550000000000 0.33286700000000000 0.023696
59.4897960000000000 0.32012100000000000 0.023179
59.5918370000000000 0.36902200000000000 0.025153
59.6938780000000000 0.33942900000000000 0.024109
59.7959180000000000 0.34543900000000000 0.024549
59.8979590000000000 0.36469500000000000 0.025185
60.0000000000000000 0.32852800000000000 0.024358
