55.0000000000000000 0.28442900000000000 0.021195
55.1020410000000000 0.22124500000000000 0.018146
55.2040820000000000 0.20736100000000000 0.017622
55.3061220000000000 0.15507500000000000 0.014671
55.4081630000000000 0.11426200000000000 0.012536
55.5102040000000000 0.09480300000000000 0.011719
55.6122450000000000 0.05784600000000000 0.008804
55.7142860000000000 0.02941100000000000 0.006435
55.8163270000000000 0.00120300000000000 0.003617
55.9183670000000000 0.00962900000000000 0.004636
56.0204080000000000 0.00011600000000000 0.003506
56.1224490000000000 -0.0009750000000000 0.003275
56.2244900000000000 0.00216900000000000 0.003577
56.3265310000000000 -0.0021620000000000 0.003233
56.4285710000000000 -0.0052320000000000 0.002402
56.5306120000000000 0.00234000000000000 0.003859
56.6326530000000000 0.00446400000000000 0.004081
56.7346940000000000 0.00659600000000000 0.004339
56.8367350000000000 0.00011900000000000 0.003593
56.9387760000000000 0.00616300000000000 0.004054
57.0408160000000000 -0.0020740000000000 0.003102
57.1428570000000000 -0.0031240000000000 0.002862
57.2448980000000000 -0.0032880000000000 0.003012
57.3469390000000000 -0.0021940000000000 0.003282
57.4489800000000000 0.00334400000000000 0.003893
57.5510200000000000 0.00544500000000000 0.004145
57.6530610000000000 -0.0009890000000000 0.003322
57.7551020000000000 0.00552700000000000 0.004208
57.8571430000000000 0.00558200000000000 0.004249
57.9591840000000000 0.00444400000000000 0.004063
58.0612240000000000 0.00011200000000000 0.003386
58.1632650000000000 0.00127600000000000 0.003839
58.2653060000000000 0.00011600000000000 0.003518
58.3673470000000000 0.00011700000000000 0.003525
58.4693880000000000 0.00449300000000000 0.004108
58.5714290000000000 0.00989000000000000 0.004762
58.6734690000000000 0.01107300000000000 0.004932
58.7755100000000000 0.01179400000000000 0.004901
58.8775510000000000 0.00674100000000000 0.004435
58.9795920000000000 0.01749400000000000 0.005598
59.0816330000000000 0.00846400000000000 0.004453
59.1836730000000000 0.02037400000000000 0.006028
59.2857140000000000 0.04127000000000000 0.008095
59.3877550000000000 0.04455300000000000 0.007972
59.4897960000000000 0.05581500000000000 0.008855
59.5918370000000000 0.06283700000000000 0.009217
59.6938780000000000 0.05374800000000000 0.008714
59.7959180000000000 0.07006900000000000 0.009943
59.8979590000000000 0.08800400000000000 0.010989
60.0000000000000000 0.09981700000000000 0.012210
