55.0000000000000000 0.06376500000000000 0.009270
55.1020410000000000 0.04476400000000000 0.007899
55.2040820000000000 0.01747500000000000 0.005592
55.3061220000000000 0.00854400000000000 0.004495
55.4081630000000000 0.00011300000000000 0.003411
55.5102040000000000 0.00240100000000000 0.003961
55.6122450000000000 -0.0019890000000000 0.002975
55.7142860000000000 0.00010600000000000 0.003201
55.8163270000000000 0.00120300000000000 0.003617
55.9183670000000000 -0.0009470000000000 0.003178
56.0204080000000000 -0.0009910000000000 0.003326
56.1224490000000000 0.00011400000000000 0.003452
56.2244900000000000 0.00319900000000000 0.003724
56.3265310000000000 0.00924600000000000 0.004865
56.4285710000000000 0.00225000000000000 0.003711
56.5306120000000000 -0.0021070000000000 0.003150
56.6326530000000000 -0.0009730000000000 0.003268
56.7346940000000000 -0.0042080000000000 0.002655
56.8367350000000000 -0.0044180000000000 0.002788
56.9387760000000000 -0.0019130000000000 0.002861
57.0408160000000000 -0.0009800000000000 0.003290
57.1428570000000000 -0.0031240000000000 0.002862
57.2448980000000000 -0.0010160000000000 0.003413
57.3469390000000000 -0.0010360000000000 0.003480
57.4489800000000000 -0.0009640000000000 0.003236
57.5510200000000000 0.00437800000000000 0.004003
57.6530610000000000 -0.0032000000000000 0.002932
57.7551020000000000 0.00552700000000000 0.004208
57.8571430000000000 0.00886200000000000 0.004663
57.9591840000000000 0.00769300000000000 0.004485
58.0612240000000000 0.01828200000000000 0.005616
58.1632650000000000 0.01976100000000000 0.006073
58.2653060000000000 0.02121300000000000 0.006057
58.3673470000000000 0.03906600000000000 0.007656
58.4693880000000000 0.02638400000000000 0.006489
58.5714290000000000 0.04790900000000000 0.008240
58.6734690000000000 0.05271200000000000 0.008643
58.7755100000000000 0.04365400000000000 0.007809
58.8775510000000000 0.02993000000000000 0.006845
58.9795920000000000 0.02292500000000000 0.006135
59.0816330000000000 0.02203900000000000 0.005896
59.1836730000000000 0.03500400000000000 0.007368
59.2857140000000000 0.06713400000000000 0.010055
59.3877550000000000 0.07815300000000000 0.010350
59.4897960000000000 0.09841000000000000 0.011676
59.5918370000000000 0.11386800000000000 0.012431
59.6938780000000000 0.10519300000000000 0.012101
59.7959180000000000 0.10893200000000000 0.012417
59.8979590000000000 0.14985200000000000 0.014597
60.0000000000000000 0.14204100000000000 0.014733
