55.0000000000000000 0.38097000000000000 0.025674
55.1020410000000000 0.37859100000000000 0.025590
55.2040820000000000 0.37120500000000000 0.025485
55.3061220000000000 0.35747700000000000 0.024531
55.4081630000000000 0.36733000000000000 0.025221
55.5102040000000000 0.34234800000000000 0.024706
55.6122450000000000 0.31713500000000000 0.022626
55.7142860000000000 0.32649800000000000 0.022666
55.8163270000000000 0.28641700000000000 0.021544
55.9183670000000000 0.33428800000000000 0.023498
56.0204080000000000 0.33322600000000000 0.023939
56.1224490000000000 0.35102700000000000 0.024602
56.2244900000000000 0.35864700000000000 0.024333
56.3265310000000000 0.38227500000000000 0.026585
56.4285710000000000 0.33679200000000000 0.023728
56.5306120000000000 0.38584100000000000 0.026442
56.6326530000000000 0.38832400000000000 0.026296
56.7346940000000000 0.33070700000000000 0.023560
56.8367350000000000 0.40506200000000000 0.027575
56.9387760000000000 0.37866200000000000 0.025010
57.0408160000000000 0.38759000000000000 0.026340
57.1428570000000000 0.36488500000000000 0.025133
57.2448980000000000 0.39189500000000000 0.026979
57.3469390000000000 0.38687200000000000 0.026981
57.4489800000000000 0.35763800000000000 0.024775
57.5510200000000000 0.33820700000000000 0.023771
57.6530610000000000 0.35275500000000000 0.024842
57.7551020000000000 0.33575400000000000 0.023819
57.8571430000000000 0.36529900000000000 0.025300
57.9591840000000000 0.35199500000000000 0.024574
58.0612240000000000 0.36992600000000000 0.025255
58.1632650000000000 0.35247500000000000 0.025331
58.2653060000000000 0.35876400000000000 0.025172
58.3673470000000000 0.38070600000000000 0.026218
58.4693880000000000 0.34818600000000000 0.024518
58.5714290000000000 0.34228000000000000 0.024159
58.6734690000000000 0.34856700000000000 0.024548
58.7755100000000000 0.31128200000000000 0.022472
58.8775510000000000 0.18783500000000000 0.016761
58.9795920000000000 0.12937700000000000 0.013464
59.0816330000000000 0.10140400000000000 0.011585
59.1836730000000000 0.17679900000000000 0.016331
59.2857140000000000 0.26699200000000000 0.021365
59.3877550000000000 0.32094400000000000 0.023137
59.4897960000000000 0.35070200000000000 0.024611
59.5918370000000000 0.36051700000000000 0.024764
59.6938780000000000 0.37773900000000000 0.025887
59.7959180000000000 0.36542600000000000 0.025483
59.8979590000000000 0.35492900000000000 0.024734
60.0000000000000000 0.37192400000000000 0.026431
