55.0000000000000000 0.37354400000000000 0.025336
55.1020410000000000 0.35732800000000000 0.024618
55.2040820000000000 0.35926900000000000 0.024935
55.3061220000000000 0.38699400000000000 0.025875
55.4081630000000000 0.35656100000000000 0.024725
55.5102040000000000 0.36174100000000000 0.025623
55.6122450000000000 0.33393100000000000 0.023404
55.7142860000000000 0.29214100000000000 0.021084
55.8163270000000000 0.30492400000000000 0.022427
55.9183670000000000 0.34697800000000000 0.024084
56.0204080000000000 0.32215900000000000 0.023416
56.1224490000000000 0.36083500000000000 0.025056
56.2244900000000000 0.36276800000000000 0.024520
56.3265310000000000 0.37429000000000000 0.026212
56.4285710000000000 0.38488900000000000 0.025938
56.5306120000000000 0.35471600000000000 0.024996
56.6326530000000000 0.37418700000000000 0.025648
56.7346940000000000 0.41497600000000000 0.027432
56.8367350000000000 0.36876400000000000 0.025886
56.9387760000000000 0.38068100000000000 0.025100
57.0408160000000000 0.33724000000000000 0.024007
57.1428570000000000 0.37567700000000000 0.025629
57.2448980000000000 0.35328500000000000 0.025172
57.3469390000000000 0.34634400000000000 0.025066
57.4489800000000000 0.36733000000000000 0.025221
57.5510200000000000 0.38940100000000000 0.026119
57.6530610000000000 0.35607200000000000 0.024996
57.7551020000000000 0.36065700000000000 0.024975
57.8571430000000000 0.37076600000000000 0.025553
57.9591840000000000 0.37256700000000000 0.025523
58.0612240000000000 0.38809600000000000 0.026084
58.1632650000000000 0.38135700000000000 0.026694
58.2653060000000000 0.42760600000000000 0.028345
58.3673470000000000 0.35733600000000000 0.025131
58.4693880000000000 0.36898300000000000 0.025483
58.5714290000000000 0.33359000000000000 0.023753
58.6734690000000000 0.35733300000000000 0.024956
58.7755100000000000 0.29535100000000000 0.021723
58.8775510000000000 0.19335600000000000 0.017049
58.9795920000000000 0.13372200000000000 0.013710
59.0816330000000000 0.09827100000000000 0.011397
59.1836730000000000 0.16104400000000000 0.015481
59.2857140000000000 0.25170800000000000 0.020597
59.3877550000000000 0.33178300000000000 0.023645
59.4897960000000000 0.39220400000000000 0.026526
59.5918370000000000 0.34988600000000000 0.024275
59.6938780000000000 0.36241500000000000 0.025179
59.7959180000000000 0.34210800000000000 0.024393
59.8979590000000000 0.34950400000000000 0.024483
60.0000000000000000 0.42704900000000000 0.029019
