55.0000000000000000 0.39900500000000000 0.026492
55.1020410000000000 0.42643200000000000 0.027753
55.2040820000000000 0.42545800000000000 0.027960
55.3061220000000000 0.36696400000000000 0.024964
55.4081630000000000 0.39317500000000000 0.026403
55.5102040000000000 0.33550400000000000 0.024381
55.6122450000000000 0.25939900000000000 0.019898
55.7142860000000000 0.25475300000000000 0.019328
55.8163270000000000 0.18626600000000000 0.016564
55.9183670000000000 0.20104000000000000 0.017087
56.0204080000000000 0.18603800000000000 0.016685
56.1224490000000000 0.15268500000000000 0.014784
56.2244900000000000 0.11756000000000000 0.012444
56.3265310000000000 0.08111400000000000 0.010836
56.4285710000000000 0.04072700000000000 0.007607
56.5306120000000000 0.01790200000000000 0.005729
56.6326530000000000 0.00663900000000000 0.004367
56.7346940000000000 -0.0042080000000000 0.002655
56.8367350000000000 0.00579000000000000 0.004409
56.9387760000000000 -0.0009040000000000 0.003034
57.0408160000000000 -0.0031690000000000 0.002903
57.1428570000000000 -0.0042040000000000 0.002652
57.2448980000000000 0.00125500000000000 0.003774
57.3469390000000000 -0.0021940000000000 0.003282
57.4489800000000000 -0.0009640000000000 0.003236
57.5510200000000000 0.00224500000000000 0.003703
57.6530610000000000 0.00564300000000000 0.004296
57.7551020000000000 0.00119600000000000 0.003598
57.8571430000000000 0.00120800000000000 0.003633
57.9591840000000000 0.00227900000000000 0.003759
58.0612240000000000 -0.0041630000000000 0.002627
58.1632650000000000 0.00127600000000000 0.003839
58.2653060000000000 0.00788900000000000 0.004599
58.3673470000000000 0.00234200000000000 0.003864
58.4693880000000000 0.00120900000000000 0.003637
58.5714290000000000 0.01097600000000000 0.004889
58.6734690000000000 0.02422200000000000 0.006293
58.7755100000000000 0.02347600000000000 0.006097
58.8775510000000000 0.01888800000000000 0.005804
58.9795920000000000 0.02075300000000000 0.005925
59.0816330000000000 0.02203900000000000 0.005896
59.1836730000000000 0.02937700000000000 0.006877
59.2857140000000000 0.04127000000000000 0.008095
59.3877550000000000 0.06948200000000000 0.009773
59.4897960000000000 0.08967300000000000 0.011133
59.5918370000000000 0.09792100000000000 0.011483
59.6938780000000000 0.08001800000000000 0.010527
59.7959180000000000 0.12114600000000000 0.013139
59.8979590000000000 0.13574700000000000 0.013816
60.0000000000000000 0.16549800000000000 0.016049
