55.0000000000000000 0.35338700000000000 0.024413
55.1020410000000000 0.34988600000000000 0.024275
55.2040820000000000 0.38422600000000000 0.026083
55.3061220000000000 0.38910200000000000 0.025970
55.4081630000000000 0.38025200000000000 0.025814
55.5102040000000000 0.35603800000000000 0.025354
55.6122450000000000 0.35492600000000000 0.024368
55.7142860000000000 0.29315200000000000 0.021131
55.8163270000000000 0.30601200000000000 0.022478
55.9183670000000000 0.28987200000000000 0.021421
56.0204080000000000 0.31330500000000000 0.022996
56.1224490000000000 0.34666800000000000 0.024399
56.2244900000000000 0.39573700000000000 0.026004
56.3265310000000000 0.39368300000000000 0.027117
56.4285710000000000 0.39878400000000000 0.026570
56.5306120000000000 0.35249300000000000 0.024892
56.6326530000000000 0.34700200000000000 0.024390
56.7346940000000000 0.36636000000000000 0.025213
56.8367350000000000 0.39031600000000000 0.026891
56.9387760000000000 0.35342500000000000 0.023877
57.0408160000000000 0.38211700000000000 0.026088
57.1428570000000000 0.37351900000000000 0.025530
57.2448980000000000 0.37259000000000000 0.026078
57.3469390000000000 0.36487100000000000 0.025945
57.4489800000000000 0.37271400000000000 0.025468
57.5510200000000000 0.37766900000000000 0.025585
57.6530610000000000 0.37154800000000000 0.025716
57.7551020000000000 0.36715300000000000 0.025274
57.8571430000000000 0.39044600000000000 0.026458
57.9591840000000000 0.38447600000000000 0.026069
58.0612240000000000 0.37206300000000000 0.025353
58.1632650000000000 0.38020100000000000 0.026640
58.2653060000000000 0.38208100000000000 0.026255
58.3673470000000000 0.35622400000000000 0.025079
58.4693880000000000 0.34709100000000000 0.024467
58.5714290000000000 0.35965900000000000 0.024965
58.6734690000000000 0.36062100000000000 0.025108
58.7755100000000000 0.32296400000000000 0.023017
58.8775510000000000 0.21765000000000000 0.018295
58.9795920000000000 0.11199700000000000 0.012458
59.0816330000000000 0.12228900000000000 0.012800
59.1836730000000000 0.15879300000000000 0.015358
59.2857140000000000 0.23289800000000000 0.019640
59.3877550000000000 0.33069900000000000 0.023595
59.4897960000000000 0.35834700000000000 0.024966
59.5918370000000000 0.38178000000000000 0.025735
59.6938780000000000 0.36679300000000000 0.025382
59.7959180000000000 0.37764000000000000 0.026049
59.8979590000000000 0.36578000000000000 0.025235
60.0000000000000000 0.36019500000000000 0.025875
