55.0000000000000000 0.35338700000000000 0.024413
55.1020410000000000 0.37859100000000000 0.025590
55.2040820000000000 0.38097000000000000 0.025934
55.3061220000000000 0.38066900000000000 0.025588
55.4081630000000000 0.37594500000000000 0.025616
55.5102040000000000 0.36174100000000000 0.025623
55.6122450000000000 0.33918000000000000 0.023645
55.7142860000000000 0.29618300000000000 0.021272
55.8163270000000000 0.27662000000000000 0.021073
55.9183670000000000 0.30679200000000000 0.022218
56.0204080000000000 0.30113200000000000 0.022416
56.1224490000000000 0.38917000000000000 0.026361
56.2244900000000000 0.37925200000000000 0.025264
56.3265310000000000 0.38227500000000000 0.026585
56.4285710000000000 0.38168300000000000 0.025792
56.5306120000000000 0.34248800000000000 0.024423
56.6326530000000000 0.32525300000000000 0.023374
56.7346940000000000 0.40633300000000000 0.027040
56.8367350000000000 0.38464400000000000 0.026628
56.9387760000000000 0.34736800000000000 0.023603
57.0408160000000000 0.34161800000000000 0.024212
57.1428570000000000 0.33574600000000000 0.023784
57.2448980000000000 0.36350500000000000 0.025653
57.3469390000000000 0.36950300000000000 0.026164
57.4489800000000000 0.36840700000000000 0.025270
57.5510200000000000 0.36700300000000000 0.025097
57.6530610000000000 0.37707500000000000 0.025972
57.7551020000000000 0.41371000000000000 0.027401
57.8571430000000000 0.37295300000000000 0.025654
57.9591840000000000 0.33683700000000000 0.023870
58.0612240000000000 0.34427400000000000 0.024075
58.1632650000000000 0.35594100000000000 0.025495
58.2653060000000000 0.39318500000000000 0.026768
58.3673470000000000 0.38293200000000000 0.026321
58.4693880000000000 0.33614600000000000 0.023956
58.5714290000000000 0.35857300000000000 0.024915
58.6734690000000000 0.34747200000000000 0.024497
58.7755100000000000 0.28685500000000000 0.021320
58.8775510000000000 0.21102400000000000 0.017958
58.9795920000000000 0.13046300000000000 0.013526
59.0816330000000000 0.10140400000000000 0.011585
59.1836730000000000 0.15991900000000000 0.015420
59.2857140000000000 0.26816700000000000 0.021423
59.3877550000000000 0.29926600000000000 0.022113
59.4897960000000000 0.35397800000000000 0.024763
59.5918370000000000 0.36902200000000000 0.025153
59.6938780000000000 0.34928000000000000 0.024569
59.7959180000000000 0.40650900000000000 0.027380
59.8979590000000000 0.36360900000000000 0.025135
60.0000000000000000 0.40359200000000000 0.027923
