55.0000000000000000 0.39051800000000000 0.026108
55.1020410000000000 0.39666400000000000 0.026411
55.2040820000000000 0.37880000000000000 0.025834
55.3061220000000000 0.36063900000000000 0.024676
55.4081630000000000 0.36194500000000000 0.024973
55.5102040000000000 0.36288200000000000 0.025676
55.6122450000000000 0.35177700000000000 0.024224
55.7142860000000000 0.30628800000000000 0.021739
55.8163270000000000 0.27444300000000000 0.020968
55.9183670000000000 0.32159800000000000 0.022910
56.0204080000000000 0.35203900000000000 0.024821
56.1224490000000000 0.33795000000000000 0.023992
56.2244900000000000 0.35452600000000000 0.024146
56.3265310000000000 0.38569700000000000 0.026745
56.4285710000000000 0.37206300000000000 0.025353
56.5306120000000000 0.36249700000000000 0.025359
56.6326530000000000 0.38179900000000000 0.025997
56.7346940000000000 0.36744000000000000 0.025263
56.8367350000000000 0.40392700000000000 0.027523
56.9387760000000000 0.40087000000000000 0.025999
57.0408160000000000 0.37992800000000000 0.025988
57.1428570000000000 0.40373600000000000 0.026909
57.2448980000000000 0.39303000000000000 0.027031
57.3469390000000000 0.37760800000000000 0.026546
57.4489800000000000 0.37917600000000000 0.025764
57.5510200000000000 0.37020300000000000 0.025244
57.6530610000000000 0.41023900000000000 0.027497
57.7551020000000000 0.37689700000000000 0.025722
57.8571430000000000 0.37513900000000000 0.025754
57.9591840000000000 0.37364900000000000 0.025573
58.0612240000000000 0.36992600000000000 0.025255
58.1632650000000000 0.35940700000000000 0.025660
58.2653060000000000 0.36320500000000000 0.025379
58.3673470000000000 0.35733600000000000 0.025131
58.4693880000000000 0.32301100000000000 0.023339
58.5714290000000000 0.33902100000000000 0.024007
58.6734690000000000 0.37048300000000000 0.025565
58.7755100000000000 0.30703400000000000 0.022273
58.8775510000000000 0.21544100000000000 0.018183
58.9795920000000000 0.12937700000000000 0.013464
59.0816330000000000 0.09513800000000000 0.011207
59.1836730000000000 0.12615800000000000 0.013522
59.2857140000000000 0.25641100000000000 0.020834
59.3877550000000000 0.33611800000000000 0.023848
59.4897960000000000 0.34087200000000000 0.024153
59.5918370000000000 0.36583300000000000 0.025008
59.6938780000000000 0.37445500000000000 0.025735
59.7959180000000000 0.40317800000000000 0.027227
59.8979590000000000 0.36686500000000000 0.025285
60.0000000000000000 0.37778800000000000 0.026709
