55.0000000000000000 0.33959500000000000 0.023778
55.1020410000000000 0.38284300000000000 0.025784
55.2040820000000000 0.38314100000000000 0.026034
55.3061220000000000 0.38066900000000000 0.025588
55.4081630000000000 0.40932800000000000 0.027137
55.5102040000000000 0.34577100000000000 0.024869
55.6122450000000000 0.32133400000000000 0.022821
55.7142860000000000 0.28911000000000000 0.020944
55.8163270000000000 0.29294900000000000 0.021857
55.9183670000000000 0.31631000000000000 0.022663
56.0204080000000000 0.33654600000000000 0.024095
56.1224490000000000 0.39461900000000000 0.026610
56.2244900000000000 0.39882800000000000 0.026143
56.3265310000000000 0.37999400000000000 0.026479
56.4285710000000000 0.36458200000000000 0.025010
56.5306120000000000 0.36583200000000000 0.025514
56.6326530000000000 0.36657500000000000 0.025297
56.7346940000000000 0.38148500000000000 0.025907
56.8367350000000000 0.36649600000000000 0.025780
56.9387760000000000 0.32717800000000000 0.022687
57.0408160000000000 0.38540100000000000 0.026239
57.1428570000000000 0.37567700000000000 0.025629
57.2448980000000000 0.37372500000000000 0.026131
57.3469390000000000 0.39960900000000000 0.027577
57.4489800000000000 0.38025200000000000 0.025814
57.5510200000000000 0.36593700000000000 0.025048
57.6530610000000000 0.33838500000000000 0.024169
57.7551020000000000 0.35632600000000000 0.024774
57.8571430000000000 0.37076600000000000 0.025553
57.9591840000000000 0.33792000000000000 0.023920
58.0612240000000000 0.35282400000000000 0.024469
58.1632650000000000 0.38944400000000000 0.027073
58.2653060000000000 0.41317100000000000 0.027685
58.3673470000000000 0.38070600000000000 0.026218
58.4693880000000000 0.41495400000000000 0.027591
58.5714290000000000 0.32815900000000000 0.023499
58.6734690000000000 0.32117300000000000 0.023264
58.7755100000000000 0.31128200000000000 0.022472
58.8775510000000000 0.18783500000000000 0.016761
58.9795920000000000 0.13806600000000000 0.013954
59.0816330000000000 0.09409400000000000 0.011144
59.1836730000000000 0.16104400000000000 0.015481
59.2857140000000000 0.23877700000000000 0.019941
59.3877550000000000 0.34912500000000000 0.024453
59.4897960000000000 0.35070200000000000 0.024611
59.5918370000000000 0.37114900000000000 0.025251
59.6938780000000000 0.33724000000000000 0.024007
59.7959180000000000 0.34099800000000000 0.024341
59.8979590000000000 0.38205600000000000 0.025984
60.0000000000000000 0.36254100000000000 0.025986
