55.0000000000000000 0.35763100000000000 0.024608
55.1020410000000000 0.36795900000000000 0.025105
55.2040820000000000 0.37880000000000000 0.025834
55.3061220000000000 0.37118100000000000 0.025157
55.4081630000000000 0.39209800000000000 0.026354
55.5102040000000000 0.34919300000000000 0.025031
55.6122450000000000 0.36542400000000000 0.024847
55.7142860000000000 0.28304700000000000 0.020661
55.8163270000000000 0.29403800000000000 0.021909
55.9183670000000000 0.29516000000000000 0.021671
56.0204080000000000 0.35093200000000000 0.024769
56.1224490000000000 0.35647600000000000 0.024854
56.2244900000000000 0.35452600000000000 0.024146
56.3265310000000000 0.39140100000000000 0.027011
56.4285710000000000 0.32289700000000000 0.023081
56.5306120000000000 0.38028300000000000 0.026185
56.6326530000000000 0.36875000000000000 0.025397
56.7346940000000000 0.36744000000000000 0.025263
56.8367350000000000 0.37330100000000000 0.026098
56.9387760000000000 0.32919700000000000 0.022779
57.0408160000000000 0.37336100000000000 0.025685
57.1428570000000000 0.36488500000000000 0.025133
57.2448980000000000 0.39870800000000000 0.027295
57.3469390000000000 0.37297600000000000 0.026328
57.4489800000000000 0.34148500000000000 0.024027
57.5510200000000000 0.40326600000000000 0.026747
57.6530610000000000 0.40360600000000000 0.027193
57.7551020000000000 0.38664200000000000 0.026169
57.8571430000000000 0.36748600000000000 0.025401
57.9591840000000000 0.36715300000000000 0.025274
58.0612240000000000 0.36137500000000000 0.024863
58.1632650000000000 0.41832500000000000 0.028419
58.2653060000000000 0.38541200000000000 0.026409
58.3673470000000000 0.37736700000000000 0.026063
58.4693880000000000 0.34709100000000000 0.024467
58.5714290000000000 0.35965900000000000 0.024965
58.6734690000000000 0.34966300000000000 0.024599
58.7755100000000000 0.30491000000000000 0.022173
58.8775510000000000 0.22096200000000000 0.018463
58.9795920000000000 0.10982400000000000 0.012330
59.0816330000000000 0.11289100000000000 0.012261
59.1836730000000000 0.15766800000000000 0.015297
59.2857140000000000 0.25523500000000000 0.020775
59.3877550000000000 0.30902100000000000 0.022576
59.4897960000000000 0.36271600000000000 0.025168
59.5918370000000000 0.37646400000000000 0.025493
59.6938780000000000 0.37883400000000000 0.025937
59.7959180000000000 0.38763300000000000 0.026512
59.8979590000000000 0.35818400000000000 0.024885
60.0000000000000000 0.37192400000000000 0.026431
