55.0000000000000000 0.34065600000000000 0.023827
55.1020410000000000 0.35201200000000000 0.024373
55.2040820000000000 0.29742100000000000 0.022037
55.3061220000000000 0.28052200000000000 0.020947
55.4081630000000000 0.25425700000000000 0.019886
55.5102040000000000 0.20887900000000000 0.018130
55.6122450000000000 0.16912000000000000 0.015385
55.7142860000000000 0.10924000000000000 0.011847
55.8163270000000000 0.08611400000000000 0.010888
55.9183670000000000 0.05193000000000000 0.008413
56.0204080000000000 0.02999600000000000 0.006861
56.1224490000000000 0.00774300000000000 0.004514
56.2244900000000000 0.00319900000000000 0.003724
56.3265310000000000 -0.0033030000000000 0.003026
56.4285710000000000 -0.0020260000000000 0.003029
56.5306120000000000 -0.0054410000000000 0.002498
56.6326530000000000 -0.0009730000000000 0.003268
56.7346940000000000 -0.0052890000000000 0.002428
56.8367350000000000 0.00805900000000000 0.004699
56.9387760000000000 0.00111500000000000 0.003355
57.0408160000000000 0.00120900000000000 0.003637
57.1428570000000000 -0.0009660000000000 0.003243
57.2448980000000000 -0.0010160000000000 0.003413
57.3469390000000000 0.00475300000000000 0.004346
57.4489800000000000 -0.0020410000000000 0.003052
57.5510200000000000 0.00224500000000000 0.003703
57.6530610000000000 -0.0032000000000000 0.002932
57.7551020000000000 -0.0042170000000000 0.002661
57.8571430000000000 -0.0009790000000000 0.003286
57.9591840000000000 0.01094100000000000 0.004873
58.0612240000000000 0.02790200000000000 0.006528
58.1632650000000000 0.02900300000000000 0.006958
58.2653060000000000 0.03786900000000000 0.007548
58.3673470000000000 0.07245100000000000 0.010117
58.4693880000000000 0.04827600000000000 0.008305
58.5714290000000000 0.07397800000000000 0.010087
58.6734690000000000 0.09763800000000000 0.011648
58.7755100000000000 0.07126600000000000 0.009784
58.8775510000000000 0.04538900000000000 0.008124
58.9795920000000000 0.03487400000000000 0.007201
59.0816330000000000 0.03352600000000000 0.006919
59.1836730000000000 0.04175600000000000 0.007926
59.2857140000000000 0.09064700000000000 0.011640
59.3877550000000000 0.13776700000000000 0.013922
59.4897960000000000 0.17049300000000000 0.015760
59.5918370000000000 0.16064600000000000 0.015031
59.6938780000000000 0.16211000000000000 0.015327
59.7959180000000000 0.14224300000000000 0.014343
59.8979590000000000 0.17589400000000000 0.015995
60.0000000000000000 0.17722700000000000 0.016690
