55.0000000000000000 0.39794400000000000 0.026444
55.1020410000000000 0.42005300000000000 0.027466
55.2040820000000000 0.37446000000000000 0.025635
55.3061220000000000 0.42916100000000000 0.027772
55.4081630000000000 0.40932800000000000 0.027137
55.5102040000000000 0.33664500000000000 0.024435
55.6122450000000000 0.31713500000000000 0.022626
55.7142860000000000 0.27496300000000000 0.020283
55.8163270000000000 0.25049300000000000 0.019803
55.9183670000000000 0.24016800000000000 0.019033
56.0204080000000000 0.24469200000000000 0.019670
56.1224490000000000 0.22679100000000000 0.018639
56.2244900000000000 0.17422600000000000 0.015510
56.3265310000000000 0.12788500000000000 0.013717
56.4285710000000000 0.09844400000000000 0.011546
56.5306120000000000 0.04791500000000000 0.008352
56.6326530000000000 0.01207600000000000 0.005019
56.7346940000000000 -0.0052890000000000 0.002428
56.8367350000000000 0.00692500000000000 0.004556
56.9387760000000000 0.00010600000000000 0.003198
57.0408160000000000 0.00230400000000000 0.003800
57.1428570000000000 -0.0009660000000000 0.003243
57.2448980000000000 -0.0032880000000000 0.003012
57.3469390000000000 0.00127900000000000 0.003848
57.4489800000000000 -0.0009640000000000 0.003236
57.5510200000000000 0.00117800000000000 0.003544
57.6530610000000000 0.00122100000000000 0.003673
57.7551020000000000 0.00444400000000000 0.004063
57.8571430000000000 -0.0031650000000000 0.002900
57.9591840000000000 0.00227900000000000 0.003759
58.0612240000000000 0.00438700000000000 0.004011
58.1632650000000000 0.00127600000000000 0.003839
58.2653060000000000 0.00455800000000000 0.004167
58.3673470000000000 0.00790700000000000 0.004610
58.4693880000000000 0.01325000000000000 0.005174
58.5714290000000000 0.02618400000000000 0.006439
58.6734690000000000 0.02531700000000000 0.006395
58.7755100000000000 0.02347600000000000 0.006097
58.8775510000000000 0.02772200000000000 0.006647
58.9795920000000000 0.02509700000000000 0.006339
59.0816330000000000 0.02308400000000000 0.005995
59.1836730000000000 0.03838000000000000 0.007651
59.2857140000000000 0.05890500000000000 0.009461
59.3877550000000000 0.10091500000000000 0.011782
59.4897960000000000 0.10496300000000000 0.012074
59.5918370000000000 0.12131000000000000 0.012861
59.6938780000000000 0.13146200000000000 0.013635
59.7959180000000000 0.16556100000000000 0.015623
59.8979590000000000 0.13032100000000000 0.013510
60.0000000000000000 0.14907800000000000 0.015133
