55.0000000000000000 0.19001000000000000 0.016550
55.1020410000000000 0.17127800000000000 0.015594
55.2040820000000000 0.13574700000000000 0.013816
55.3061220000000000 0.10763700000000000 0.012012
55.4081630000000000 0.07118700000000000 0.009853
55.5102040000000000 0.05943900000000000 0.009341
55.6122450000000000 0.02740400000000000 0.006411
55.7142860000000000 0.01930600000000000 0.005509
55.8163270000000000 0.01535500000000000 0.005382
55.9183670000000000 0.00116800000000000 0.003514
56.0204080000000000 0.00897000000000000 0.004720
56.1224490000000000 -0.0042450000000000 0.002679
56.2244900000000000 -0.0050430000000000 0.002315
56.3265310000000000 0.00354200000000000 0.004124
56.4285710000000000 0.00545600000000000 0.004154
56.5306120000000000 -0.0054410000000000 0.002498
56.6326530000000000 0.00120200000000000 0.003614
56.7346940000000000 -0.0009670000000000 0.003247
56.8367350000000000 -0.0010150000000000 0.003409
56.9387760000000000 -0.0059510000000000 0.002034
57.0408160000000000 0.00120900000000000 0.003637
57.1428570000000000 -0.0031240000000000 0.002862
57.2448980000000000 0.00125500000000000 0.003774
57.3469390000000000 0.00243700000000000 0.004020
57.4489800000000000 0.00226700000000000 0.003739
57.5510200000000000 -0.0009550000000000 0.003205
57.6530610000000000 -0.0020950000000000 0.003133
57.7551020000000000 -0.0063830000000000 0.002183
57.8571430000000000 0.00011500000000000 0.003464
57.9591840000000000 -0.0020520000000000 0.003068
58.0612240000000000 0.00438700000000000 0.004011
58.1632650000000000 0.00127600000000000 0.003839
58.2653060000000000 0.00011600000000000 0.003518
58.3673470000000000 -0.0043350000000000 0.002735
58.4693880000000000 -0.0020740000000000 0.003102
58.5714290000000000 0.00011400000000000 0.003441
58.6734690000000000 0.00449800000000000 0.004112
58.7755100000000000 0.00223500000000000 0.003687
58.8775510000000000 -0.0065100000000000 0.002226
58.9795920000000000 0.00011400000000000 0.003441
59.0816330000000000 0.00324200000000000 0.003775
59.1836730000000000 0.00124300000000000 0.003740
59.2857140000000000 0.00482600000000000 0.004412
59.3877550000000000 0.00770100000000000 0.004489
59.4897960000000000 0.01322100000000000 0.005163
59.5918370000000000 0.01924800000000000 0.005693
59.6938780000000000 0.01653300000000000 0.005527
59.7959180000000000 0.02343400000000000 0.006272
59.8979590000000000 0.01422000000000000 0.005248
60.0000000000000000 0.02592600000000000 0.006739
