55.0000000000000000 0.38097000000000000 0.025674
55.1020410000000000 0.38071700000000000 0.025687
55.2040820000000000 0.36035400000000000 0.024985
55.3061220000000000 0.38804800000000000 0.025922
55.4081630000000000 0.36948400000000000 0.025320
55.5102040000000000 0.37200800000000000 0.026105
55.6122450000000000 0.33393100000000000 0.023404
55.7142860000000000 0.30830900000000000 0.021832
55.8163270000000000 0.31145500000000000 0.022736
55.9183670000000000 0.28564200000000000 0.021221
56.0204080000000000 0.34097200000000000 0.024303
56.1224490000000000 0.39352900000000000 0.026560
56.2244900000000000 0.38440400000000000 0.025496
56.3265310000000000 0.37200800000000000 0.026105
56.4285710000000000 0.38702700000000000 0.026036
56.5306120000000000 0.38028300000000000 0.026185
56.6326530000000000 0.36766300000000000 0.025347
56.7346940000000000 0.40309200000000000 0.026893
56.8367350000000000 0.37897300000000000 0.026363
56.9387760000000000 0.35342500000000000 0.023877
57.0408160000000000 0.32957800000000000 0.023648
57.1428570000000000 0.38539000000000000 0.026073
57.2448980000000000 0.37940300000000000 0.026397
57.3469390000000000 0.37181800000000000 0.026273
57.4489800000000000 0.37594500000000000 0.025616
57.5510200000000000 0.37446900000000000 0.025439
57.6530610000000000 0.39034100000000000 0.026584
57.7551020000000000 0.39313800000000000 0.026465
57.8571430000000000 0.35983200000000000 0.025047
57.9591840000000000 0.37364900000000000 0.025573
58.0612240000000000 0.39557700000000000 0.026424
58.1632650000000000 0.38944400000000000 0.027073
58.2653060000000000 0.38652300000000000 0.026460
58.3673470000000000 0.35622400000000000 0.025079
58.4693880000000000 0.34928000000000000 0.024569
58.5714290000000000 0.34662500000000000 0.024361
58.6734690000000000 0.33870600000000000 0.024087
58.7755100000000000 0.29641300000000000 0.021773
58.8775510000000000 0.20219000000000000 0.017506
58.9795920000000000 0.10765200000000000 0.012201
59.0816330000000000 0.10035900000000000 0.011522
59.1836730000000000 0.17905000000000000 0.016451
59.2857140000000000 0.25288400000000000 0.020656
59.3877550000000000 0.34370500000000000 0.024201
59.4897960000000000 0.32012100000000000 0.023179
59.5918370000000000 0.35201200000000000 0.024373
59.6938780000000000 0.36351000000000000 0.025230
59.7959180000000000 0.38541200000000000 0.026409
59.8979590000000000 0.35926900000000000 0.024935
60.0000000000000000 0.36606000000000000 0.026153
