55.0000000000000000 0.33323000000000000 0.023483
55.1020410000000000 0.35307500000000000 0.024422
55.2040820000000000 0.38531100000000000 0.026133
55.3061220000000000 0.38277700000000000 0.025683
55.4081630000000000 0.34363800000000000 0.024127
55.5102040000000000 0.36630400000000000 0.025837
55.6122450000000000 0.32553300000000000 0.023015
55.7142860000000000 0.32548800000000000 0.022620
55.8163270000000000 0.31036700000000000 0.022684
55.9183670000000000 0.32265500000000000 0.022959
56.0204080000000000 0.30777200000000000 0.022733
56.1224490000000000 0.42186400000000000 0.027851
56.2244900000000000 0.40604000000000000 0.026465
56.3265310000000000 0.37543100000000000 0.026265
56.4285710000000000 0.39450900000000000 0.026376
56.5306120000000000 0.39362200000000000 0.026801
56.6326530000000000 0.39919800000000000 0.026793
56.7346940000000000 0.31990400000000000 0.023054
56.8367350000000000 0.37670400000000000 0.026257
56.9387760000000000 0.37866200000000000 0.025010
57.0408160000000000 0.37117200000000000 0.025584
57.1428570000000000 0.35517200000000000 0.024685
57.2448980000000000 0.33852200000000000 0.024474
57.3469390000000000 0.35097600000000000 0.025286
57.4489800000000000 0.33825400000000000 0.023877
57.5510200000000000 0.37766900000000000 0.025585
57.6530610000000000 0.38481400000000000 0.026329
57.7551020000000000 0.37906300000000000 0.025821
57.8571430000000000 0.36311200000000000 0.025199
57.9591840000000000 0.31410000000000000 0.022804
58.0612240000000000 0.38595800000000000 0.025987
58.1632650000000000 0.33283600000000000 0.024395
58.2653060000000000 0.40984000000000000 0.027533
58.3673470000000000 0.37959300000000000 0.026166
58.4693880000000000 0.37883400000000000 0.025937
58.5714290000000000 0.34119300000000000 0.024108
58.6734690000000000 0.37486600000000000 0.025767
58.7755100000000000 0.30597200000000000 0.022223
58.8775510000000000 0.19114800000000000 0.016934
58.9795920000000000 0.10656600000000000 0.012136
59.0816330000000000 0.10453700000000000 0.011771
59.1836730000000000 0.14866500000000000 0.014799
59.2857140000000000 0.22114200000000000 0.019035
59.3877550000000000 0.33720200000000000 0.023898
59.4897960000000000 0.32885800000000000 0.023590
59.5918370000000000 0.35201200000000000 0.024373
59.6938780000000000 0.36022600000000000 0.025077
59.7959180000000000 0.35987400000000000 0.025224
59.8979590000000000 0.39399100000000000 0.026530
60.0000000000000000 0.38365300000000000 0.026986
