55.0000000000000000 0.36717900000000000 0.025045
55.1020410000000000 0.37114900000000000 0.025251
55.2040820000000000 0.32997300000000000 0.023572
55.3061220000000000 0.36696400000000000 0.024964
55.4081630000000000 0.32856200000000000 0.023425
55.5102040000000000 0.31611100000000000 0.023454
55.6122450000000000 0.32343400000000000 0.022918
55.7142860000000000 0.25576300000000000 0.019376
55.8163270000000000 0.25702500000000000 0.020123
55.9183670000000000 0.30785000000000000 0.022268
56.0204080000000000 0.34318600000000000 0.024406
56.1224490000000000 0.35756600000000000 0.024905
56.2244900000000000 0.33598100000000000 0.023300
56.3265310000000000 0.36516400000000000 0.025784
56.4285710000000000 0.36565000000000000 0.025059
56.5306120000000000 0.35027000000000000 0.024788
56.6326530000000000 0.35461300000000000 0.024744
56.7346940000000000 0.34799300000000000 0.024365
56.8367350000000000 0.38237600000000000 0.026522
56.9387760000000000 0.39178500000000000 0.025595
57.0408160000000000 0.38649600000000000 0.026290
57.1428570000000000 0.36164700000000000 0.024984
57.2448980000000000 0.34874200000000000 0.024957
57.3469390000000000 0.34750200000000000 0.025121
57.4489800000000000 0.37486800000000000 0.025567
57.5510200000000000 0.33820700000000000 0.023771
57.6530610000000000 0.35496600000000000 0.024945
57.7551020000000000 0.37473200000000000 0.025623
57.8571430000000000 0.39482000000000000 0.026658
57.9591840000000000 0.36173900000000000 0.025025
58.0612240000000000 0.35816900000000000 0.024715
58.1632650000000000 0.35478600000000000 0.025441
58.2653060000000000 0.33655600000000000 0.024132
58.3673470000000000 0.36512600000000000 0.025494
58.4693880000000000 0.35913100000000000 0.025027
58.5714290000000000 0.39007400000000000 0.026364
58.6734690000000000 0.38363200000000000 0.026171
58.7755100000000000 0.30384800000000000 0.022123
58.8775510000000000 0.18894000000000000 0.016819
58.9795920000000000 0.12394500000000000 0.013154
59.0816330000000000 0.09409400000000000 0.011144
59.1836730000000000 0.14754000000000000 0.014737
59.2857140000000000 0.27992400000000000 0.022008
59.3877550000000000 0.35237700000000000 0.024604
59.4897960000000000 0.34524100000000000 0.024356
59.5918370000000000 0.37433800000000000 0.025396
59.6938780000000000 0.36132100000000000 0.025128
59.7959180000000000 0.35876400000000000 0.025172
59.8979590000000000 0.39724600000000000 0.026679
60.0000000000000000 0.38717100000000000 0.027152
