55.0000000000000000 0.36717900000000000 0.025045
55.1020410000000000 0.36370700000000000 0.024910
55.2040820000000000 0.35601400000000000 0.024784
55.3061220000000000 0.33112200000000000 0.023318
55.4081630000000000 0.32425500000000000 0.023224
55.5102040000000000 0.28417000000000000 0.021908
55.6122450000000000 0.24995100000000000 0.019442
55.7142860000000000 0.22241700000000000 0.017772
55.8163270000000000 0.16340500000000000 0.015356
55.9183670000000000 0.16508400000000000 0.015227
56.0204080000000000 0.13291700000000000 0.013794
56.1224490000000000 0.06659200000000000 0.009605
56.2244900000000000 0.03101700000000000 0.006651
56.3265310000000000 0.00582300000000000 0.004434
56.4285710000000000 0.00118100000000000 0.003552
56.5306120000000000 -0.0054410000000000 0.002498
56.6326530000000000 -0.0020610000000000 0.003082
56.7346940000000000 -0.0031280000000000 0.002865
56.8367350000000000 -0.0010150000000000 0.003409
56.9387760000000000 -0.0049420000000000 0.002268
57.0408160000000000 0.00011500000000000 0.003467
57.1428570000000000 0.00766800000000000 0.004470
57.2448980000000000 0.00579700000000000 0.004414
57.3469390000000000 -0.0033520000000000 0.003071
57.4489800000000000 -0.0020410000000000 0.003052
57.5510200000000000 0.00437800000000000 0.004003
57.6530610000000000 0.00453800000000000 0.004149
57.7551020000000000 0.00985800000000000 0.004747
57.8571430000000000 0.01323500000000000 0.005168
57.9591840000000000 0.02501600000000000 0.006318
58.0612240000000000 0.05462200000000000 0.008661
58.1632650000000000 0.05095300000000000 0.008775
58.2653060000000000 0.06118600000000000 0.009325
58.3673470000000000 0.07245100000000000 0.010117
58.4693880000000000 0.09862600000000000 0.011702
58.5714290000000000 0.09027200000000000 0.011138
58.6734690000000000 0.13489400000000000 0.013837
58.7755100000000000 0.10843700000000000 0.012106
58.8775510000000000 0.07962100000000000 0.010551
58.9795920000000000 0.04899500000000000 0.008323
59.0816330000000000 0.04919000000000000 0.008151
59.1836730000000000 0.05638600000000000 0.009048
59.2857140000000000 0.11886200000000000 0.013394
59.3877550000000000 0.15944500000000000 0.015110
59.4897960000000000 0.14209700000000000 0.014217
59.5918370000000000 0.19147700000000000 0.016643
59.6938780000000000 0.17633900000000000 0.016087
59.7959180000000000 0.20775400000000000 0.017838
59.8979590000000000 0.19759500000000000 0.017123
60.0000000000000000 0.20654900000000000 0.018253
