55.0000000000000000 0.47538900000000000 0.029909
55.1020410000000000 0.41686400000000000 0.027323
55.2040820000000000 0.41460700000000000 0.027468
55.3061220000000000 0.39964400000000000 0.026446
55.4081630000000000 0.37056000000000000 0.025369
55.5102040000000000 0.37885300000000000 0.026425
55.6122450000000000 0.34127900000000000 0.023742
55.7142860000000000 0.27395200000000000 0.020235
55.8163270000000000 0.27226600000000000 0.020863
55.9183670000000000 0.25920400000000000 0.019957
56.0204080000000000 0.27789200000000000 0.021297
56.1224490000000000 0.23115000000000000 0.018857
56.2244900000000000 0.21543700000000000 0.017592
56.3265310000000000 0.19633100000000000 0.017477
56.4285710000000000 0.16043600000000000 0.015059
56.5306120000000000 0.10016000000000000 0.011892
56.6326530000000000 0.08275800000000000 0.010667
56.7346940000000000 0.02712300000000000 0.006502
56.8367350000000000 0.02053600000000000 0.006076
56.9387760000000000 -0.0029230000000000 0.002677
57.0408160000000000 0.00011500000000000 0.003467
57.1428570000000000 0.00119200000000000 0.003586
57.2448980000000000 0.00466100000000000 0.004262
57.3469390000000000 0.00127900000000000 0.003848
57.4489800000000000 0.00119000000000000 0.003579
57.5510200000000000 0.00224500000000000 0.003703
57.6530610000000000 0.00122100000000000 0.003673
57.7551020000000000 -0.0031350000000000 0.002872
57.8571430000000000 0.00667500000000000 0.004391
57.9591840000000000 -0.0053000000000000 0.002433
58.0612240000000000 -0.0020260000000000 0.003029
58.1632650000000000 -0.0056550000000000 0.002597
58.2653060000000000 0.00566800000000000 0.004316
58.3673470000000000 -0.0043350000000000 0.002735
58.4693880000000000 -0.0009800000000000 0.003290
58.5714290000000000 0.00445900000000000 0.004077
58.6734690000000000 0.00011500000000000 0.003471
58.7755100000000000 0.01285600000000000 0.005020
58.8775510000000000 0.00895000000000000 0.004709
58.9795920000000000 0.01423500000000000 0.005254
59.0816330000000000 -0.0019790000000000 0.002959
59.1836730000000000 0.01024600000000000 0.004934
59.2857140000000000 0.03421700000000000 0.007500
59.3877550000000000 0.06297900000000000 0.009326
59.4897960000000000 0.05581500000000000 0.008855
59.5918370000000000 0.07346800000000000 0.009936
59.6938780000000000 0.10081500000000000 0.011836
59.7959180000000000 0.10560100000000000 0.012216
59.8979590000000000 0.10536500000000000 0.012057
60.0000000000000000 0.13265800000000000 0.014192
