55.0000000000000000 0.38945700000000000 0.026060
55.1020410000000000 0.40835900000000000 0.026940
55.2040820000000000 0.35167400000000000 0.024583
55.3061220000000000 0.34271800000000000 0.023854
55.4081630000000000 0.35548400000000000 0.024675
55.5102040000000000 0.35375600000000000 0.025246
55.6122450000000000 0.32868200000000000 0.023161
55.7142860000000000 0.31639300000000000 0.022204
55.8163270000000000 0.28859500000000000 0.021649
55.9183670000000000 0.32582800000000000 0.023106
56.0204080000000000 0.30445200000000000 0.022575
56.1224490000000000 0.35429700000000000 0.024753
56.2244900000000000 0.34113200000000000 0.023536
56.3265310000000000 0.36288200000000000 0.025676
56.4285710000000000 0.38702700000000000 0.026036
56.5306120000000000 0.38584100000000000 0.026442
56.6326530000000000 0.38614900000000000 0.026197
56.7346940000000000 0.32206400000000000 0.023156
56.8367350000000000 0.34834700000000000 0.024926
56.9387760000000000 0.35241500000000000 0.023831
57.0408160000000000 0.38649600000000000 0.026290
57.1428570000000000 0.39186500000000000 0.026369
57.2448980000000000 0.35101400000000000 0.025065
57.3469390000000000 0.38571400000000000 0.026927
57.4489800000000000 0.39640600000000000 0.026550
57.5510200000000000 0.35527100000000000 0.024559
57.6530610000000000 0.33838500000000000 0.024169
57.7551020000000000 0.39313800000000000 0.026465
57.8571430000000000 0.40028700000000000 0.026908
57.9591840000000000 0.39638600000000000 0.026614
58.0612240000000000 0.38809600000000000 0.026084
58.1632650000000000 0.37904600000000000 0.026586
58.2653060000000000 0.35099100000000000 0.024809
58.3673470000000000 0.35622400000000000 0.025079
58.4693880000000000 0.38649600000000000 0.026290
58.5714290000000000 0.34771100000000000 0.024411
58.6734690000000000 0.33651400000000000 0.023985
58.7755100000000000 0.31022000000000000 0.022422
58.8775510000000000 0.18783500000000000 0.016761
58.9795920000000000 0.12285900000000000 0.013092
59.0816330000000000 0.10140400000000000 0.011585
59.1836730000000000 0.14641500000000000 0.014674
59.2857140000000000 0.24583000000000000 0.020300
59.3877550000000000 0.33937000000000000 0.023999
59.4897960000000000 0.33541100000000000 0.023897
59.5918370000000000 0.37859100000000000 0.025590
59.6938780000000000 0.37992800000000000 0.025988
59.7959180000000000 0.31879100000000000 0.023292
59.8979590000000000 0.38205600000000000 0.025984
60.0000000000000000 0.40241900000000000 0.027869
