55.0000000000000000 0.38521400000000000 0.025867
55.1020410000000000 0.39985400000000000 0.026555
55.2040820000000000 0.33214300000000000 0.023674
55.3061220000000000 0.32163500000000000 0.022878
55.4081630000000000 0.34579200000000000 0.024227
55.5102040000000000 0.32980000000000000 0.024109
55.6122450000000000 0.22895600000000000 0.018418
55.7142860000000000 0.20928000000000000 0.017128
55.8163270000000000 0.15469600000000000 0.014885
55.9183670000000000 0.14710700000000000 0.014263
56.0204080000000000 0.11410400000000000 0.012704
56.1224490000000000 0.09928500000000000 0.011716
56.2244900000000000 0.04956200000000000 0.008116
56.3265310000000000 0.03776500000000000 0.007663
56.4285710000000000 0.01721300000000000 0.005507
56.5306120000000000 -0.0009950000000000 0.003341
56.6326530000000000 0.00337600000000000 0.003931
56.7346940000000000 0.00335400000000000 0.003905
56.8367350000000000 -0.0044180000000000 0.002788
56.9387760000000000 0.00313400000000000 0.003649
57.0408160000000000 0.00339900000000000 0.003957
57.1428570000000000 -0.0020450000000000 0.003058
57.2448980000000000 -0.0044230000000000 0.002791
57.3469390000000000 0.00822700000000000 0.004797
57.4489800000000000 0.00119000000000000 0.003579
57.5510200000000000 -0.0062870000000000 0.002150
57.6530610000000000 0.00896000000000000 0.004715
57.7551020000000000 -0.0042170000000000 0.002661
57.8571430000000000 0.00120800000000000 0.003633
57.9591840000000000 -0.0009690000000000 0.003254
58.0612240000000000 0.00973200000000000 0.004686
58.1632650000000000 0.00474200000000000 0.004336
58.2653060000000000 -0.0021040000000000 0.003147
58.3673470000000000 0.00456800000000000 0.004176
58.4693880000000000 0.00120900000000000 0.003637
58.5714290000000000 0.00989000000000000 0.004762
58.6734690000000000 0.00340200000000000 0.003961
58.7755100000000000 0.01391800000000000 0.005136
58.8775510000000000 0.00895000000000000 0.004709
58.9795920000000000 0.00663100000000000 0.004362
59.0816330000000000 0.01055200000000000 0.004700
59.1836730000000000 0.01699800000000000 0.005684
59.2857140000000000 0.03421700000000000 0.007500
59.3877550000000000 0.07707000000000000 0.010279
59.4897960000000000 0.07219800000000000 0.009997
59.5918370000000000 0.09579400000000000 0.011353
59.6938780000000000 0.08768000000000000 0.011020
59.7959180000000000 0.08672500000000000 0.011043
59.8979590000000000 0.09017400000000000 0.011126
60.0000000000000000 0.09864400000000000 0.012136
