55.0000000000000000 0.36823900000000000 0.025094
55.1020410000000000 0.33925400000000000 0.023785
55.2040820000000000 0.34624800000000000 0.024331
55.3061220000000000 0.35747700000000000 0.024531
55.4081630000000000 0.38025200000000000 0.025814
55.5102040000000000 0.34919300000000000 0.025031
55.6122450000000000 0.31398600000000000 0.022479
55.7142860000000000 0.34872900000000000 0.023676
55.8163270000000000 0.27988600000000000 0.021231
55.9183670000000000 0.29516000000000000 0.021671
56.0204080000000000 0.32437200000000000 0.023521
56.1224490000000000 0.35429700000000000 0.024753
56.2244900000000000 0.35040400000000000 0.023959
56.3265310000000000 0.39824600000000000 0.027329
56.4285710000000000 0.37099400000000000 0.025304
56.5306120000000000 0.33581900000000000 0.024109
56.6326530000000000 0.37418700000000000 0.025648
56.7346940000000000 0.36744000000000000 0.025263
56.8367350000000000 0.35515300000000000 0.025247
56.9387760000000000 0.45740100000000000 0.028488
57.0408160000000000 0.37117200000000000 0.025584
57.1428570000000000 0.35301400000000000 0.024585
57.2448980000000000 0.39870800000000000 0.027295
57.3469390000000000 0.34981800000000000 0.025231
57.4489800000000000 0.35763800000000000 0.024775
57.5510200000000000 0.38300200000000000 0.025828
57.6530610000000000 0.34501700000000000 0.024480
57.7551020000000000 0.35307800000000000 0.024624
57.8571430000000000 0.36201900000000000 0.025148
57.9591840000000000 0.36173900000000000 0.025025
58.0612240000000000 0.39023300000000000 0.026182
58.1632650000000000 0.36402800000000000 0.025878
58.2653060000000000 0.36764700000000000 0.025586
58.3673470000000000 0.33396700000000000 0.024034
58.4693880000000000 0.36132100000000000 0.025128
58.5714290000000000 0.37052200000000000 0.025466
58.6734690000000000 0.35404600000000000 0.024803
58.7755100000000000 0.29535100000000000 0.021723
58.8775510000000000 0.20660700000000000 0.017732
58.9795920000000000 0.10765200000000000 0.012201
59.0816330000000000 0.10558100000000000 0.011833
59.1836730000000000 0.14979100000000000 0.014862
59.2857140000000000 0.23995200000000000 0.020001
59.3877550000000000 0.29384700000000000 0.021856
59.4897960000000000 0.32121300000000000 0.023231
59.5918370000000000 0.36583300000000000 0.025008
59.6938780000000000 0.33724000000000000 0.024007
59.7959180000000000 0.34543900000000000 0.024549
59.8979590000000000 0.34190800000000000 0.024129
60.0000000000000000 0.33556500000000000 0.024696
