55.0000000000000000 0.43401400000000000 0.028067
55.1020410000000000 0.39560100000000000 0.026363
55.2040820000000000 0.36578000000000000 0.025235
55.3061220000000000 0.40280600000000000 0.026589
55.4081630000000000 0.35333000000000000 0.024576
55.5102040000000000 0.33778500000000000 0.024490
55.6122450000000000 0.30138900000000000 0.021890
55.7142860000000000 0.29618300000000000 0.021272
55.8163270000000000 0.22872100000000000 0.018726
55.9183670000000000 0.23276600000000000 0.018670
56.0204080000000000 0.21481100000000000 0.018170
56.1224490000000000 0.19845600000000000 0.017203
56.2244900000000000 0.15362000000000000 0.014428
56.3265310000000000 0.12788500000000000 0.013717
56.4285710000000000 0.10699500000000000 0.012060
56.5306120000000000 0.05903100000000000 0.009177
56.6326530000000000 0.02838700000000000 0.006643
56.7346940000000000 0.01523900000000000 0.005341
56.8367350000000000 0.00125300000000000 0.003769
56.9387760000000000 -0.0029230000000000 0.002677
57.0408160000000000 0.00120900000000000 0.003637
57.1428570000000000 -0.0009660000000000 0.003243
57.2448980000000000 -0.0032880000000000 0.003012
57.3469390000000000 -0.0056680000000000 0.002603
57.4489800000000000 -0.0074250000000000 0.001890
57.5510200000000000 0.00437800000000000 0.004003
57.6530610000000000 0.00453800000000000 0.004149
57.7551020000000000 -0.0031350000000000 0.002872
57.8571430000000000 -0.0075390000000000 0.001919
57.9591840000000000 -0.0031350000000000 0.002872
58.0612240000000000 0.00225000000000000 0.003711
58.1632650000000000 -0.0010340000000000 0.003472
58.2653060000000000 0.00011600000000000 0.003518
58.3673470000000000 -0.0032220000000000 0.002952
58.4693880000000000 -0.0009800000000000 0.003290
58.5714290000000000 -0.0042310000000000 0.002670
58.6734690000000000 0.00559400000000000 0.004259
58.7755100000000000 -0.0062610000000000 0.002141
58.8775510000000000 -0.0031970000000000 0.002929
58.9795920000000000 -0.0020590000000000 0.003078
59.0816330000000000 0.00846400000000000 0.004453
59.1836730000000000 0.00236900000000000 0.003907
59.2857140000000000 0.01070400000000000 0.005155
59.3877550000000000 0.03046300000000000 0.006813
59.4897960000000000 0.02632700000000000 0.006475
59.5918370000000000 0.04901600000000000 0.008222
59.6938780000000000 0.04389700000000000 0.007967
59.7959180000000000 0.04120000000000000 0.007819
59.8979590000000000 0.05870700000000000 0.009030
60.0000000000000000 0.07753300000000000 0.010760
