55.0000000000000000 0.33747400000000000 0.023680
55.1020410000000000 0.30523400000000000 0.022199
55.2040820000000000 0.31152700000000000 0.022705
55.3061220000000000 0.28052200000000000 0.020947
55.4081630000000000 0.19825900000000000 0.017095
55.5102040000000000 0.21230200000000000 0.018307
55.6122450000000000 0.16177200000000000 0.014997
55.7142860000000000 0.12945000000000000 0.012987
55.8163270000000000 0.07849400000000000 0.010397
55.9183670000000000 0.08577000000000000 0.010700
56.0204080000000000 0.07094300000000000 0.009985
56.1224490000000000 0.02409000000000000 0.006258
56.2244900000000000 0.01659300000000000 0.005308
56.3265310000000000 0.00126000000000000 0.003791
56.4285710000000000 0.00973200000000000 0.004686
56.5306120000000000 -0.0032180000000000 0.002948
56.6326530000000000 -0.0020610000000000 0.003082
56.7346940000000000 0.00767600000000000 0.004475
56.8367350000000000 -0.0021500000000000 0.003215
56.9387760000000000 -0.0029230000000000 0.002677
57.0408160000000000 0.00339900000000000 0.003957
57.1428570000000000 -0.0009660000000000 0.003243
57.2448980000000000 -0.0032880000000000 0.003012
57.3469390000000000 -0.0010360000000000 0.003480
57.4489800000000000 0.00442100000000000 0.004041
57.5510200000000000 -0.0052210000000000 0.002397
57.6530610000000000 -0.0009890000000000 0.003322
57.7551020000000000 -0.0009690000000000 0.003254
57.8571430000000000 -0.0031650000000000 0.002900
57.9591840000000000 -0.0009690000000000 0.003254
58.0612240000000000 0.00118100000000000 0.003552
58.1632650000000000 0.00358700000000000 0.004176
58.2653060000000000 0.00233700000000000 0.003855
58.3673470000000000 0.00011700000000000 0.003525
58.4693880000000000 -0.0031690000000000 0.002903
58.5714290000000000 -0.0009720000000000 0.003264
58.6734690000000000 0.00449800000000000 0.004112
58.7755100000000000 -0.0030750000000000 0.002817
58.8775510000000000 -0.0043010000000000 0.002714
58.9795920000000000 0.00337300000000000 0.003927
59.0816330000000000 -0.0009350000000000 0.003138
59.1836730000000000 0.00011800000000000 0.003565
59.2857140000000000 0.00129900000000000 0.003907
59.3877550000000000 0.01420400000000000 0.005242
59.4897960000000000 0.02523500000000000 0.006374
59.5918370000000000 0.01393200000000000 0.005141
59.6938780000000000 0.02638400000000000 0.006489
59.7959180000000000 0.03453800000000000 0.007269
59.8979590000000000 0.03592100000000000 0.007283
60.0000000000000000 0.03882800000000000 0.007882
