55.0000000000000000 0.35444800000000000 0.024462
55.1020410000000000 0.36264400000000000 0.024862
55.2040820000000000 0.38314100000000000 0.026034
55.3061220000000000 0.35220600000000000 0.024289
55.4081630000000000 0.35440700000000000 0.024626
55.5102040000000000 0.29671800000000000 0.022519
55.6122450000000000 0.35492600000000000 0.024368
55.7142860000000000 0.28001500000000000 0.020519
55.8163270000000000 0.29512600000000000 0.021961
55.9183670000000000 0.32159800000000000 0.022910
56.0204080000000000 0.33986600000000000 0.024251
56.1224490000000000 0.34993700000000000 0.024551
56.2244900000000000 0.34525300000000000 0.023724
56.3265310000000000 0.37200800000000000 0.026105
56.4285710000000000 0.34961800000000000 0.024322
56.5306120000000000 0.40696100000000000 0.027414
56.6326530000000000 0.33177800000000000 0.023680
56.7346940000000000 0.35879700000000000 0.024864
56.8367350000000000 0.41186700000000000 0.027890
56.9387760000000000 0.36755800000000000 0.024513
57.0408160000000000 0.38759000000000000 0.026340
57.1428570000000000 0.37675600000000000 0.025678
57.2448980000000000 0.41460600000000000 0.028030
57.3469390000000000 0.37760800000000000 0.026546
57.4489800000000000 0.33717700000000000 0.023827
57.5510200000000000 0.39366700000000000 0.026313
57.6530610000000000 0.37154800000000000 0.025716
57.7551020000000000 0.36498800000000000 0.025174
57.8571430000000000 0.39154000000000000 0.026508
57.9591840000000000 0.35849100000000000 0.024875
58.0612240000000000 0.38168300000000000 0.025792
58.1632650000000000 0.35363100000000000 0.025386
58.2653060000000000 0.38652300000000000 0.026460
58.3673470000000000 0.34843400000000000 0.024714
58.4693880000000000 0.36022600000000000 0.025077
58.5714290000000000 0.33793500000000000 0.023956
58.6734690000000000 0.33651400000000000 0.023985
58.7755100000000000 0.31659200000000000 0.022720
58.8775510000000000 0.19666900000000000 0.017221
58.9795920000000000 0.11742800000000000 0.012777
59.0816330000000000 0.10244800000000000 0.011647
59.1836730000000000 0.14641500000000000 0.014674
59.2857140000000000 0.25641100000000000 0.020834
59.3877550000000000 0.33503400000000000 0.023797
59.4897960000000000 0.34305700000000000 0.024255
59.5918370000000000 0.35201200000000000 0.024373
59.6938780000000000 0.36898300000000000 0.025483
59.7959180000000000 0.38652300000000000 0.026460
59.8979590000000000 0.33648300000000000 0.023877
60.0000000000000000 0.36606000000000000 0.026153
