55.0000000000000000 0.21122800000000000 0.017627
55.1020410000000000 0.15639400000000000 0.014803
55.2040820000000000 0.18023400000000000 0.016223
55.3061220000000000 0.12977400000000000 0.013284
55.4081630000000000 0.11533900000000000 0.012599
55.5102040000000000 0.09024000000000000 0.011429
55.6122450000000000 0.06834400000000000 0.009528
55.7142860000000000 0.04760000000000000 0.007883
55.8163270000000000 0.03059500000000000 0.006843
55.9183670000000000 0.01914600000000000 0.005663
56.0204080000000000 0.01229000000000000 0.005108
56.1224490000000000 0.00011400000000000 0.003452
56.2244900000000000 -0.0019520000000000 0.002920
56.3265310000000000 0.00126000000000000 0.003791
56.4285710000000000 -0.0020260000000000 0.003029
56.5306120000000000 0.00345100000000000 0.004018
56.6326530000000000 0.00228900000000000 0.003775
56.7346940000000000 0.00011300000000000 0.003423
56.8367350000000000 0.00465600000000000 0.004257
56.9387760000000000 -0.0039320000000000 0.002481
57.0408160000000000 -0.0020740000000000 0.003102
57.1428570000000000 0.00011300000000000 0.003419
57.2448980000000000 -0.0055590000000000 0.002552
57.3469390000000000 0.00012100000000000 0.003668
57.4489800000000000 0.00334400000000000 0.003893
57.5510200000000000 0.00331200000000000 0.003855
57.6530610000000000 0.00896000000000000 0.004715
57.7551020000000000 0.00552700000000000 0.004208
57.8571430000000000 0.00011500000000000 0.003464
57.9591840000000000 0.00011400000000000 0.003430
58.0612240000000000 -0.0073700000000000 0.001876
58.1632650000000000 -0.0045000000000000 0.002840
58.2653060000000000 0.00122700000000000 0.003690
58.3673470000000000 0.00456800000000000 0.004176
58.4693880000000000 -0.0042630000000000 0.002690
58.5714290000000000 0.00228600000000000 0.003771
58.6734690000000000 -0.0031720000000000 0.002906
58.7755100000000000 -0.0020130000000000 0.003010
58.8775510000000000 0.00232400000000000 0.003834
58.9795920000000000 0.00663100000000000 0.004362
59.0816330000000000 0.00115400000000000 0.003470
59.1836730000000000 -0.0043830000000000 0.002766
59.2857140000000000 0.00247500000000000 0.004082
59.3877550000000000 -0.0042220000000000 0.002664
59.4897960000000000 -0.0009780000000000 0.003282
59.5918370000000000 0.00223800000000000 0.003691
59.6938780000000000 0.00668200000000000 0.004396
59.7959180000000000 0.00233700000000000 0.003855
59.8979590000000000 0.00445400000000000 0.004072
60.0000000000000000 0.00716000000000000 0.004711
