55.0000000000000000 0.29185500000000000 0.021547
55.1020410000000000 0.27015000000000000 0.020534
55.2040820000000000 0.28657000000000000 0.021519
55.3061220000000000 0.22675900000000000 0.018346
55.4081630000000000 0.18964400000000000 0.016652
55.5102040000000000 0.14499700000000000 0.014695
55.6122450000000000 0.08094100000000000 0.010353
55.7142860000000000 0.05164200000000000 0.008179
55.8163270000000000 0.02841800000000000 0.006650
55.9183670000000000 0.01068600000000000 0.004760
56.0204080000000000 -0.0009910000000000 0.003326
56.1224490000000000 0.00120400000000000 0.003621
56.2244900000000000 0.00010800000000000 0.003264
56.3265310000000000 0.00354200000000000 0.004124
56.4285710000000000 0.00545600000000000 0.004154
56.5306120000000000 -0.0021070000000000 0.003150
56.6326530000000000 0.00228900000000000 0.003775
56.7346940000000000 0.00011300000000000 0.003423
56.8367350000000000 -0.0010150000000000 0.003409
56.9387760000000000 0.00313400000000000 0.003649
57.0408160000000000 0.00011500000000000 0.003467
57.1428570000000000 0.00335100000000000 0.003901
57.2448980000000000 -0.0010160000000000 0.003413
57.3469390000000000 -0.0021940000000000 0.003282
57.4489800000000000 0.00119000000000000 0.003579
57.5510200000000000 0.00224500000000000 0.003703
57.6530610000000000 0.00453800000000000 0.004149
57.7551020000000000 0.01743700000000000 0.005579
57.8571430000000000 -0.0009790000000000 0.003286
57.9591840000000000 0.03259500000000000 0.006993
58.0612240000000000 0.04393400000000000 0.007859
58.1632650000000000 0.05095300000000000 0.008775
58.2653060000000000 0.05230400000000000 0.008678
58.3673470000000000 0.07578900000000000 0.010341
58.4693880000000000 0.09205800000000000 0.011295
58.5714290000000000 0.08158200000000000 0.010585
58.6734690000000000 0.10640400000000000 0.012181
58.7755100000000000 0.07976300000000000 0.010341
58.8775510000000000 0.07299500000000000 0.010111
58.9795920000000000 0.02401100000000000 0.006238
59.0816330000000000 0.03561500000000000 0.007092
59.1836730000000000 0.05863700000000000 0.009212
59.2857140000000000 0.09182300000000000 0.011716
59.3877550000000000 0.12909600000000000 0.013434
59.4897960000000000 0.13445200000000000 0.013789
59.5918370000000000 0.16489900000000000 0.015257
59.6938780000000000 0.16320500000000000 0.015386
59.7959180000000000 0.18443700000000000 0.016628
59.8979590000000000 0.19651000000000000 0.017067
60.0000000000000000 0.23000600000000000 0.019470
