55.0000000000000000 0.38839600000000000 0.026011
55.1020410000000000 0.35945400000000000 0.024715
55.2040820000000000 0.35492900000000000 0.024734
55.3061220000000000 0.35009800000000000 0.024193
55.4081630000000000 0.35871500000000000 0.024824
55.5102040000000000 0.35603800000000000 0.025354
55.6122450000000000 0.34547800000000000 0.023935
55.7142860000000000 0.30830900000000000 0.021832
55.8163270000000000 0.29403800000000000 0.021909
55.9183670000000000 0.33746100000000000 0.023645
56.0204080000000000 0.33211900000000000 0.023886
56.1224490000000000 0.35756600000000000 0.024905
56.2244900000000000 0.37513100000000000 0.025079
56.3265310000000000 0.36402300000000000 0.025730
56.4285710000000000 0.35389300000000000 0.024519
56.5306120000000000 0.38472900000000000 0.026391
56.6326530000000000 0.34700200000000000 0.024390
56.7346940000000000 0.35879700000000000 0.024864
56.8367350000000000 0.39712100000000000 0.027207
56.9387760000000000 0.34030100000000000 0.023283
57.0408160000000000 0.35913100000000000 0.025027
57.1428570000000000 0.35193500000000000 0.024535
57.2448980000000000 0.39303000000000000 0.027031
57.3469390000000000 0.37066100000000000 0.026219
57.4489800000000000 0.37379100000000000 0.025518
57.5510200000000000 0.36487000000000000 0.024999
57.6530610000000000 0.36491500000000000 0.025408
57.7551020000000000 0.33683700000000000 0.023870
57.8571430000000000 0.37513900000000000 0.025754
57.9591840000000000 0.40288200000000000 0.026909
58.0612240000000000 0.41588500000000000 0.027343
58.1632650000000000 0.38828800000000000 0.027019
58.2653060000000000 0.42871600000000000 0.028395
58.3673470000000000 0.33062800000000000 0.023877
58.4693880000000000 0.38540100000000000 0.026239
58.5714290000000000 0.37052200000000000 0.025466
58.6734690000000000 0.32774800000000000 0.023573
58.7755100000000000 0.31553000000000000 0.022671
58.8775510000000000 0.19114800000000000 0.016934
58.9795920000000000 0.11960000000000000 0.012903
59.0816330000000000 0.09722700000000000 0.011334
59.1836730000000000 0.17567400000000000 0.016271
59.2857140000000000 0.27992400000000000 0.022008
59.3877550000000000 0.30793700000000000 0.022524
59.4897960000000000 0.34851700000000000 0.024509
59.5918370000000000 0.38815900000000000 0.026025
59.6938780000000000 0.34599700000000000 0.024416
59.7959180000000000 0.34988100000000000 0.024757
59.8979590000000000 0.33756800000000000 0.023927
60.0000000000000000 0.34963900000000000 0.025371
