55.0000000000000000 0.40112700000000000 0.026588
55.1020410000000000 0.43387400000000000 0.028086
55.2040820000000000 0.38965100000000000 0.026332
55.3061220000000000 0.38383100000000000 0.025731
55.4081630000000000 0.40932800000000000 0.027137
55.5102040000000000 0.36630400000000000 0.025837
55.6122450000000000 0.30243800000000000 0.021940
55.7142860000000000 0.29517300000000000 0.021225
55.8163270000000000 0.25375900000000000 0.019963
55.9183670000000000 0.26343400000000000 0.020161
56.0204080000000000 0.25797200000000000 0.020325
56.1224490000000000 0.25294600000000000 0.019934
56.2244900000000000 0.21234600000000000 0.017439
56.3265310000000000 0.18948600000000000 0.017116
56.4285710000000000 0.11875200000000000 0.012748
56.5306120000000000 0.12350400000000000 0.013284
56.6326530000000000 0.04904800000000000 0.008332
56.7346940000000000 0.01848000000000000 0.005677
56.8367350000000000 0.00579000000000000 0.004409
56.9387760000000000 -0.0029230000000000 0.002677
57.0408160000000000 -0.0042630000000000 0.002690
57.1428570000000000 0.00119200000000000 0.003586
57.2448980000000000 0.00352600000000000 0.004105
57.3469390000000000 -0.0033520000000000 0.003071
57.4489800000000000 0.00442100000000000 0.004041
57.5510200000000000 0.00117800000000000 0.003544
57.6530610000000000 -0.0043060000000000 0.002717
57.7551020000000000 0.00227900000000000 0.003759
57.8571430000000000 -0.0042590000000000 0.002687
57.9591840000000000 0.00119600000000000 0.003598
58.0612240000000000 0.00011200000000000 0.003386
58.1632650000000000 0.00820800000000000 0.004786
58.2653060000000000 0.01899300000000000 0.005836
58.3673470000000000 0.02348600000000000 0.006286
58.4693880000000000 0.01872200000000000 0.005752
58.5714290000000000 0.03704600000000000 0.007381
58.6734690000000000 0.06366900000000000 0.009431
58.7755100000000000 0.06808000000000000 0.009571
58.8775510000000000 0.06195300000000000 0.009350
58.9795920000000000 0.02509700000000000 0.006339
59.0816330000000000 0.01890600000000000 0.005591
59.1836730000000000 0.07214100000000000 0.010158
59.2857140000000000 0.10005200000000000 0.012240
59.3877550000000000 0.12150900000000000 0.012999
59.4897960000000000 0.15957200000000000 0.015174
59.5918370000000000 0.15958300000000000 0.014974
59.6938780000000000 0.16320500000000000 0.015386
59.7959180000000000 0.17666400000000000 0.016217
59.8979590000000000 0.19542500000000000 0.017011
60.0000000000000000 0.18778300000000000 0.017259
