55.0000000000000000 0.30140300000000000 0.021997
55.1020410000000000 0.29672900000000000 0.021798
55.2040820000000000 0.22906200000000000 0.018714
55.3061220000000000 0.23940900000000000 0.018968
55.4081630000000000 0.20364400000000000 0.017369
55.5102040000000000 0.14956000000000000 0.014950
55.6122450000000000 0.13132900000000000 0.013343
55.7142860000000000 0.08903000000000000 0.010647
55.8163270000000000 0.05345600000000000 0.008666
55.9183670000000000 0.03606700000000000 0.007183
56.0204080000000000 0.03553000000000000 0.007338
56.1224490000000000 0.00229400000000000 0.003784
56.2244900000000000 0.00732000000000000 0.004267
56.3265310000000000 0.00012000000000000 0.003614
56.4285710000000000 0.00011200000000000 0.003386
56.5306120000000000 0.00456300000000000 0.004172
56.6326530000000000 -0.0020610000000000 0.003082
56.7346940000000000 -0.0020470000000000 0.003062
56.8367350000000000 0.00238800000000000 0.003938
56.9387760000000000 -0.0049420000000000 0.002268
57.0408160000000000 -0.0009800000000000 0.003290
57.1428570000000000 0.00119200000000000 0.003586
57.2448980000000000 0.00466100000000000 0.004262
57.3469390000000000 0.00127900000000000 0.003848
57.4489800000000000 0.00549700000000000 0.004185
57.5510200000000000 0.00331200000000000 0.003855
57.6530610000000000 -0.0032000000000000 0.002932
57.7551020000000000 -0.0020520000000000 0.003068
57.8571430000000000 0.00558200000000000 0.004249
57.9591840000000000 -0.0053000000000000 0.002433
58.0612240000000000 0.00759400000000000 0.004427
58.1632650000000000 -0.0021890000000000 0.003274
58.2653060000000000 0.00122700000000000 0.003690
58.3673470000000000 -0.0021090000000000 0.003154
58.4693880000000000 -0.0042630000000000 0.002690
58.5714290000000000 -0.0020590000000000 0.003078
58.6734690000000000 0.00230600000000000 0.003804
58.7755100000000000 -0.0051990000000000 0.002387
58.8775510000000000 0.00122000000000000 0.003669
58.9795920000000000 0.00337300000000000 0.003927
59.0816330000000000 0.00011000000000000 0.003308
59.1836730000000000 0.00349400000000000 0.004068
59.2857140000000000 0.01188000000000000 0.005293
59.3877550000000000 0.02612700000000000 0.006425
59.4897960000000000 0.01977400000000000 0.005849
59.5918370000000000 0.03200600000000000 0.006865
59.6938780000000000 0.03514100000000000 0.007256
59.7959180000000000 0.04675200000000000 0.008257
59.8979590000000000 0.05002700000000000 0.008395
60.0000000000000000 0.07049500000000000 0.010277
