55.0000000000000000 0.44462300000000000 0.028541
55.1020410000000000 0.38922200000000000 0.026074
55.2040820000000000 0.42654300000000000 0.028009
55.3061220000000000 0.44181100000000000 0.028336
55.4081630000000000 0.39640600000000000 0.026550
55.5102040000000000 0.45186200000000000 0.029801
55.6122450000000000 0.37802100000000000 0.025420
55.7142860000000000 0.31033000000000000 0.021925
55.8163270000000000 0.26573400000000000 0.020547
55.9183670000000000 0.27929700000000000 0.020920
56.0204080000000000 0.30998500000000000 0.022838
56.1224490000000000 0.26929300000000000 0.020730
56.2244900000000000 0.24222500000000000 0.018901
56.3265310000000000 0.19975300000000000 0.017656
56.4285710000000000 0.15402300000000000 0.014714
56.5306120000000000 0.09904900000000000 0.011823
56.6326530000000000 0.05013500000000000 0.008414
56.7346940000000000 0.01523900000000000 0.005341
56.8367350000000000 0.00238800000000000 0.003938
56.9387760000000000 0.00313400000000000 0.003649
57.0408160000000000 0.00230400000000000 0.003800
57.1428570000000000 0.00335100000000000 0.003901
57.2448980000000000 0.00011900000000000 0.003597
57.3469390000000000 0.00243700000000000 0.004020
57.4489800000000000 -0.0074250000000000 0.001890
57.5510200000000000 0.00011200000000000 0.003379
57.6530610000000000 0.00011600000000000 0.003502
57.7551020000000000 0.00119600000000000 0.003598
57.8571430000000000 0.00776800000000000 0.004529
57.9591840000000000 0.00985800000000000 0.004747
58.0612240000000000 -0.0009570000000000 0.003212
58.1632650000000000 -0.0021890000000000 0.003274
58.2653060000000000 -0.0054350000000000 0.002496
58.3673470000000000 0.00011700000000000 0.003525
58.4693880000000000 0.00011500000000000 0.003467
58.5714290000000000 0.00120000000000000 0.003610
58.6734690000000000 -0.0009810000000000 0.003293
58.7755100000000000 0.00011100000000000 0.003364
58.8775510000000000 -0.0054050000000000 0.002482
58.9795920000000000 0.00445900000000000 0.004077
59.0816330000000000 -0.0051120000000000 0.002347
59.1836730000000000 0.00236900000000000 0.003907
59.2857140000000000 0.00717700000000000 0.004722
59.3877550000000000 0.01095300000000000 0.004879
59.4897960000000000 0.02741900000000000 0.006574
59.5918370000000000 0.04051100000000000 0.007566
59.6938780000000000 0.03404600000000000 0.007164
59.7959180000000000 0.05452400000000000 0.008843
59.8979590000000000 0.05653700000000000 0.008874
60.0000000000000000 0.08691600000000000 0.011383
