55.0000000000000000 0.40006600000000000 0.026540
55.1020410000000000 0.37965400000000000 0.025639
55.2040820000000000 0.36795000000000000 0.025335
55.3061220000000000 0.36274800000000000 0.024772
55.4081630000000000 0.37379100000000000 0.025518
55.5102040000000000 0.35261500000000000 0.025192
55.6122450000000000 0.31923500000000000 0.022723
55.7142860000000000 0.32953000000000000 0.022804
55.8163270000000000 0.29294900000000000 0.021857
55.9183670000000000 0.34803600000000000 0.024132
56.0204080000000000 0.30113200000000000 0.022416
56.1224490000000000 0.41096600000000000 0.027356
56.2244900000000000 0.38131300000000000 0.025357
56.3265310000000000 0.38341600000000000 0.026639
56.4285710000000000 0.36778800000000000 0.025157
56.5306120000000000 0.37139000000000000 0.025773
56.6326530000000000 0.36875000000000000 0.025397
56.7346940000000000 0.37176200000000000 0.025461
56.8367350000000000 0.37443600000000000 0.026151
56.9387760000000000 0.37664300000000000 0.024920
57.0408160000000000 0.38321200000000000 0.026139
57.1428570000000000 0.35733100000000000 0.024785
57.2448980000000000 0.36350500000000000 0.025653
57.3469390000000000 0.35792300000000000 0.025616
57.4489800000000000 0.37163700000000000 0.025419
57.5510200000000000 0.38406800000000000 0.025876
57.6530610000000000 0.37265400000000000 0.025767
57.7551020000000000 0.34874700000000000 0.024423
57.8571430000000000 0.35983200000000000 0.025047
57.9591840000000000 0.36931800000000000 0.025374
58.0612240000000000 0.33251700000000000 0.023530
58.1632650000000000 0.36171700000000000 0.025769
58.2653060000000000 0.36209500000000000 0.025327
58.3673470000000000 0.35956200000000000 0.025235
58.4693880000000000 0.38977900000000000 0.026440
58.5714290000000000 0.38681500000000000 0.026215
58.6734690000000000 0.33651400000000000 0.023985
58.7755100000000000 0.28473100000000000 0.021219
58.8775510000000000 0.16906300000000000 0.015768
58.9795920000000000 0.11525500000000000 0.012650
59.0816330000000000 0.08574000000000000 0.010627
59.1836730000000000 0.18017500000000000 0.016511
59.2857140000000000 0.28345100000000000 0.022183
59.3877550000000000 0.35020900000000000 0.024503
59.4897960000000000 0.38783600000000000 0.026325
59.5918370000000000 0.38284300000000000 0.025784
59.6938780000000000 0.34380800000000000 0.024314
59.7959180000000000 0.34432900000000000 0.024497
59.8979590000000000 0.36686500000000000 0.025285
60.0000000000000000 0.33087300000000000 0.024471
