55.0000000000000000 0.36187400000000000 0.024803
55.1020410000000000 0.37433800000000000 0.025396
55.2040820000000000 0.38097000000000000 0.025934
55.3061220000000000 0.33217700000000000 0.023367
55.4081630000000000 0.34902300000000000 0.024377
55.5102040000000000 0.34463000000000000 0.024815
55.6122450000000000 0.29823900000000000 0.021743
55.7142860000000000 0.29416200000000000 0.021178
55.8163270000000000 0.27226600000000000 0.020863
55.9183670000000000 0.33111500000000000 0.023351
56.0204080000000000 0.33986600000000000 0.024251
56.1224490000000000 0.37064300000000000 0.025509
56.2244900000000000 0.37204000000000000 0.024939
56.3265310000000000 0.37771200000000000 0.026372
56.4285710000000000 0.39130200000000000 0.026230
56.5306120000000000 0.35693900000000000 0.025100
56.6326530000000000 0.37527400000000000 0.025698
56.7346940000000000 0.37284200000000000 0.025511
56.8367350000000000 0.38124100000000000 0.026469
56.9387760000000000 0.38471900000000000 0.025281
57.0408160000000000 0.35256400000000000 0.024722
57.1428570000000000 0.37351900000000000 0.025530
57.2448980000000000 0.34306500000000000 0.024689
57.3469390000000000 0.35560700000000000 0.025506
57.4489800000000000 0.38025200000000000 0.025814
57.5510200000000000 0.37873500000000000 0.025633
57.6530610000000000 0.40360600000000000 0.027193
57.7551020000000000 0.39097300000000000 0.026366
57.8571430000000000 0.35655200000000000 0.024895
57.9591840000000000 0.35416000000000000 0.024674
58.0612240000000000 0.33465400000000000 0.023629
58.1632650000000000 0.37211500000000000 0.026260
58.2653060000000000 0.37764000000000000 0.026049
58.3673470000000000 0.40852700000000000 0.027500
58.4693880000000000 0.37664400000000000 0.025836
58.5714290000000000 0.35857300000000000 0.024915
58.6734690000000000 0.34089700000000000 0.024190
58.7755100000000000 0.29110300000000000 0.021522
58.8775510000000000 0.19004400000000000 0.016876
58.9795920000000000 0.10222100000000000 0.011874
59.0816330000000000 0.09200500000000000 0.011016
59.1836730000000000 0.15654300000000000 0.015235
59.2857140000000000 0.24700600000000000 0.020359
59.3877550000000000 0.33395000000000000 0.023747
59.4897960000000000 0.37363700000000000 0.025672
59.5918370000000000 0.35520200000000000 0.024520
59.6938780000000000 0.34818600000000000 0.024518
59.7959180000000000 0.39096400000000000 0.026665
59.8979590000000000 0.37988500000000000 0.025884
60.0000000000000000 0.32266300000000000 0.024074
