55.0000000000000000 0.40749200000000000 0.026875
55.1020410000000000 0.39879000000000000 0.026507
55.2040820000000000 0.35709900000000000 0.024834
55.3061220000000000 0.37223500000000000 0.025205
55.4081630000000000 0.38563700000000000 0.026060
55.5102040000000000 0.36972700000000000 0.025998
55.6122450000000000 0.36857300000000000 0.024991
55.7142860000000000 0.30932000000000000 0.021879
55.8163270000000000 0.28968300000000000 0.021701
55.9183670000000000 0.28987200000000000 0.021421
56.0204080000000000 0.35978600000000000 0.025182
56.1224490000000000 0.36519500000000000 0.025258
56.2244900000000000 0.36585900000000000 0.024660
56.3265310000000000 0.35147500000000000 0.025138
56.4285710000000000 0.37527000000000000 0.025499
56.5306120000000000 0.37472500000000000 0.025927
56.6326530000000000 0.35461300000000000 0.024744
56.7346940000000000 0.37608300000000000 0.025660
56.8367350000000000 0.38124100000000000 0.026469
56.9387760000000000 0.32717800000000000 0.022687
57.0408160000000000 0.40072500000000000 0.026942
57.1428570000000000 0.36488500000000000 0.025133
57.2448980000000000 0.38848800000000000 0.026820
57.3469390000000000 0.39960900000000000 0.027577
57.4489800000000000 0.39748300000000000 0.026599
57.5510200000000000 0.34780600000000000 0.024215
57.6530610000000000 0.40581700000000000 0.027294
57.7551020000000000 0.36173900000000000 0.025025
57.8571430000000000 0.40138000000000000 0.026958
57.9591840000000000 0.38880700000000000 0.026268
58.0612240000000000 0.36351300000000000 0.024961
58.1632650000000000 0.39522000000000000 0.027343
58.2653060000000000 0.36986700000000000 0.025689
58.3673470000000000 0.37514200000000000 0.025960
58.4693880000000000 0.37117200000000000 0.025584
58.5714290000000000 0.34879700000000000 0.024462
58.6734690000000000 0.34747200000000000 0.024497
58.7755100000000000 0.30915800000000000 0.022372
58.8775510000000000 0.18562700000000000 0.016645
58.9795920000000000 0.12503200000000000 0.013216
59.0816330000000000 0.07843000000000000 0.010163
59.1836730000000000 0.14641500000000000 0.014674
59.2857140000000000 0.25523500000000000 0.020775
59.3877550000000000 0.34370500000000000 0.024201
59.4897960000000000 0.34742500000000000 0.024458
59.5918370000000000 0.34776000000000000 0.024178
59.6938780000000000 0.37555000000000000 0.025786
59.7959180000000000 0.37430900000000000 0.025895
59.8979590000000000 0.35709900000000000 0.024834
60.0000000000000000 0.39772700000000000 0.027648
