55.0000000000000000 0.37990900000000000 0.025626
55.1020410000000000 0.36477000000000000 0.024959
55.2040820000000000 0.34841900000000000 0.024432
55.3061220000000000 0.39121100000000000 0.026065
55.4081630000000000 0.35333000000000000 0.024576
55.5102040000000000 0.37086800000000000 0.026051
55.6122450000000000 0.31818500000000000 0.022674
55.7142860000000000 0.29315200000000000 0.021131
55.8163270000000000 0.24505000000000000 0.019536
55.9183670000000000 0.33534500000000000 0.023547
56.0204080000000000 0.32547900000000000 0.023573
56.1224490000000000 0.32814200000000000 0.023533
56.2244900000000000 0.38234300000000000 0.025403
56.3265310000000000 0.34691100000000000 0.024923
56.4285710000000000 0.38702700000000000 0.026036
56.5306120000000000 0.38584100000000000 0.026442
56.6326530000000000 0.39702300000000000 0.026694
56.7346940000000000 0.39120800000000000 0.026352
56.8367350000000000 0.37103300000000000 0.025992
56.9387760000000000 0.41197500000000000 0.026491
57.0408160000000000 0.38430600000000000 0.026189
57.1428570000000000 0.38970700000000000 0.026271
57.2448980000000000 0.36236900000000000 0.025599
57.3469390000000000 0.32781700000000000 0.024180
57.4489800000000000 0.40286700000000000 0.026844
57.5510200000000000 0.38940100000000000 0.026119
57.6530610000000000 0.36823200000000000 0.025562
57.7551020000000000 0.37040100000000000 0.025424
57.8571430000000000 0.33359100000000000 0.023824
57.9591840000000000 0.38339400000000000 0.026020
58.0612240000000000 0.35816900000000000 0.024715
58.1632650000000000 0.34900900000000000 0.025166
58.2653060000000000 0.40428900000000000 0.027278
58.3673470000000000 0.39294700000000000 0.026783
58.4693880000000000 0.32957800000000000 0.023648
58.5714290000000000 0.35640100000000000 0.024814
58.6734690000000000 0.36390800000000000 0.025261
58.7755100000000000 0.29853800000000000 0.021873
58.8775510000000000 0.16575100000000000 0.015591
58.9795920000000000 0.11742800000000000 0.012777
59.0816330000000000 0.10035900000000000 0.011522
59.1836730000000000 0.14528900000000000 0.014611
59.2857140000000000 0.25288400000000000 0.020656
59.3877550000000000 0.32853100000000000 0.023493
59.4897960000000000 0.36380800000000000 0.025219
59.5918370000000000 0.37114900000000000 0.025251
59.6938780000000000 0.36569900000000000 0.025331
59.7959180000000000 0.40428900000000000 0.027278
59.8979590000000000 0.36035400000000000 0.024985
60.0000000000000000 0.40593700000000000 0.028033
