55.0000000000000000 0.36717900000000000 0.025045
55.1020410000000000 0.38390600000000000 0.025832
55.2040820000000000 0.39833100000000000 0.026728
55.3061220000000000 0.37434400000000000 0.025300
55.4081630000000000 0.34040800000000000 0.023977
55.5102040000000000 0.35261500000000000 0.025192
55.6122450000000000 0.34652800000000000 0.023983
55.7142860000000000 0.32043500000000000 0.022389
55.8163270000000000 0.33975900000000000 0.024065
55.9183670000000000 0.32688500000000000 0.023155
56.0204080000000000 0.33765200000000000 0.024147
56.1224490000000000 0.36846400000000000 0.025409
56.2244900000000000 0.35761600000000000 0.024286
56.3265310000000000 0.39482400000000000 0.027170
56.4285710000000000 0.38382000000000000 0.025890
56.5306120000000000 0.37583600000000000 0.025979
56.6326530000000000 0.34591400000000000 0.024340
56.7346940000000000 0.36852000000000000 0.025312
56.8367350000000000 0.35401800000000000 0.025193
56.9387760000000000 0.37462400000000000 0.024830
57.0408160000000000 0.39087400000000000 0.026491
57.1428570000000000 0.34761800000000000 0.024335
57.2448980000000000 0.35442000000000000 0.025225
57.3469390000000000 0.37066100000000000 0.026219
57.4489800000000000 0.34579200000000000 0.024227
57.5510200000000000 0.37766900000000000 0.025585
57.6530610000000000 0.35828300000000000 0.025099
57.7551020000000000 0.36715300000000000 0.025274
57.8571430000000000 0.34889900000000000 0.024539
57.9591840000000000 0.35632600000000000 0.024774
58.0612240000000000 0.35389300000000000 0.024519
58.1632650000000000 0.37095900000000000 0.026205
58.2653060000000000 0.34210800000000000 0.024393
58.3673470000000000 0.36957800000000000 0.025701
58.4693880000000000 0.37007700000000000 0.025533
58.5714290000000000 0.33902100000000000 0.024007
58.6734690000000000 0.34418400000000000 0.024343
58.7755100000000000 0.32190200000000000 0.022968
58.8775510000000000 0.18341800000000000 0.016530
58.9795920000000000 0.13372200000000000 0.013710
59.0816330000000000 0.10349200000000000 0.011709
59.1836730000000000 0.16329500000000000 0.015604
59.2857140000000000 0.25053300000000000 0.020538
59.3877550000000000 0.34695700000000000 0.024352
59.4897960000000000 0.34742500000000000 0.024458
59.5918370000000000 0.34882300000000000 0.024227
59.6938780000000000 0.33067300000000000 0.023699
59.7959180000000000 0.33766700000000000 0.024184
59.8979590000000000 0.34299300000000000 0.024180
60.0000000000000000 0.40828300000000000 0.028143
