55.0000000000000000 0.40431000000000000 0.026732
55.1020410000000000 0.39772700000000000 0.026459
55.2040820000000000 0.41569200000000000 0.027518
55.3061220000000000 0.43654000000000000 0.028101
55.4081630000000000 0.44378800000000000 0.028691
55.5102040000000000 0.41535700000000000 0.028122
55.6122450000000000 0.33918000000000000 0.023645
55.7142860000000000 0.33054000000000000 0.022850
55.8163270000000000 0.32016400000000000 0.023147
55.9183670000000000 0.33746100000000000 0.023645
56.0204080000000000 0.31883900000000000 0.023259
56.1224490000000000 0.30634600000000000 0.022505
56.2244900000000000 0.29476900000000000 0.021395
56.3265310000000000 0.26591700000000000 0.021011
56.4285710000000000 0.22777200000000000 0.018517
56.5306120000000000 0.19020000000000000 0.016939
56.6326530000000000 0.15452800000000000 0.014868
56.7346940000000000 0.12435600000000000 0.013141
56.8367350000000000 0.10107100000000000 0.012075
56.9387760000000000 0.05663700000000000 0.008530
57.0408160000000000 0.03076300000000000 0.006881
57.1428570000000000 0.01846000000000000 0.005671
57.2448980000000000 0.00239000000000000 0.003943
57.3469390000000000 0.00012100000000000 0.003668
57.4489800000000000 -0.0020410000000000 0.003052
57.5510200000000000 0.00224500000000000 0.003703
57.6530610000000000 0.00232700000000000 0.003838
57.7551020000000000 0.00227900000000000 0.003759
57.8571430000000000 -0.0042590000000000 0.002687
57.9591840000000000 0.00119600000000000 0.003598
58.0612240000000000 -0.0020260000000000 0.003029
58.1632650000000000 0.00936300000000000 0.004927
58.2653060000000000 0.00122700000000000 0.003690
58.3673470000000000 0.00456800000000000 0.004176
58.4693880000000000 -0.0053580000000000 0.002460
58.5714290000000000 -0.0009720000000000 0.003264
58.6734690000000000 -0.0020770000000000 0.003105
58.7755100000000000 0.00117300000000000 0.003529
58.8775510000000000 -0.0020930000000000 0.003129
58.9795920000000000 0.00228600000000000 0.003771
59.0816330000000000 -0.0019790000000000 0.002959
59.1836730000000000 0.00687000000000000 0.004520
59.2857140000000000 0.00835300000000000 0.004870
59.3877550000000000 0.01854000000000000 0.005696
59.4897960000000000 0.02741900000000000 0.006574
59.5918370000000000 0.02456400000000000 0.006203
59.6938780000000000 0.03951900000000000 0.007618
59.7959180000000000 0.04564100000000000 0.008170
59.8979590000000000 0.05870700000000000 0.009030
60.0000000000000000 0.04938400000000000 0.008730
