55.0000000000000000 0.36930000000000000 0.025142
55.1020410000000000 0.36051700000000000 0.024764
55.2040820000000000 0.32129200000000000 0.023165
55.3061220000000000 0.37223500000000000 0.025205
55.4081630000000000 0.33502300000000000 0.023727
55.5102040000000000 0.38912000000000000 0.026905
55.6122450000000000 0.33183200000000000 0.023307
55.7142860000000000 0.30729900000000000 0.021785
55.8163270000000000 0.26246800000000000 0.020388
55.9183670000000000 0.34274800000000000 0.023889
56.0204080000000000 0.33543900000000000 0.024043
56.1224490000000000 0.35320700000000000 0.024703
56.2244900000000000 0.35761600000000000 0.024286
56.3265310000000000 0.33550400000000000 0.024381
56.4285710000000000 0.37740700000000000 0.025597
56.5306120000000000 0.33804200000000000 0.024214
56.6326530000000000 0.36766300000000000 0.025347
56.7346940000000000 0.36852000000000000 0.025312
56.8367350000000000 0.34154100000000000 0.024604
56.9387760000000000 0.38471900000000000 0.025281
57.0408160000000000 0.35365900000000000 0.024773
57.1428570000000000 0.36164700000000000 0.024984
57.2448980000000000 0.33852200000000000 0.024474
57.3469390000000000 0.40076700000000000 0.027631
57.4489800000000000 0.34040800000000000 0.023977
57.5510200000000000 0.37127000000000000 0.025292
57.6530610000000000 0.35938800000000000 0.025151
57.7551020000000000 0.37040100000000000 0.025424
57.8571430000000000 0.32921800000000000 0.023619
57.9591840000000000 0.36823600000000000 0.025324
58.0612240000000000 0.36671900000000000 0.025108
58.1632650000000000 0.39637500000000000 0.027397
58.2653060000000000 0.41872300000000000 0.027939
58.3673470000000000 0.36067500000000000 0.025287
58.4693880000000000 0.37883400000000000 0.025937
58.5714290000000000 0.36617700000000000 0.025266
58.6734690000000000 0.34966300000000000 0.024599
58.7755100000000000 0.29641300000000000 0.021773
58.8775510000000000 0.19446100000000000 0.017106
58.9795920000000000 0.10656600000000000 0.012136
59.0816330000000000 0.09722700000000000 0.011334
59.1836730000000000 0.15204100000000000 0.014987
59.2857140000000000 0.25170800000000000 0.020597
59.3877550000000000 0.30251800000000000 0.022268
59.4897960000000000 0.36490000000000000 0.025269
59.5918370000000000 0.36158000000000000 0.024813
59.6938780000000000 0.36898300000000000 0.025483
59.7959180000000000 0.30768700000000000 0.022764
59.8979590000000000 0.35275900000000000 0.024633
60.0000000000000000 0.35667700000000000 0.025707
