55.0000000000000000 0.37566600000000000 0.025433
55.1020410000000000 0.34988600000000000 0.024275
55.2040820000000000 0.40918200000000000 0.027222
55.3061220000000000 0.35326000000000000 0.024338
55.4081630000000000 0.37594500000000000 0.025616
55.5102040000000000 0.36288200000000000 0.025676
55.6122450000000000 0.31608500000000000 0.022577
55.7142860000000000 0.29214100000000000 0.021084
55.8163270000000000 0.30601200000000000 0.022478
55.9183670000000000 0.29833200000000000 0.021821
56.0204080000000000 0.36421300000000000 0.025388
56.1224490000000000 0.35647600000000000 0.024854
56.2244900000000000 0.35864700000000000 0.024333
56.3265310000000000 0.37086800000000000 0.026051
56.4285710000000000 0.41161000000000000 0.027150
56.5306120000000000 0.35805100000000000 0.025152
56.6326530000000000 0.33939000000000000 0.024036
56.7346940000000000 0.35879700000000000 0.024864
56.8367350000000000 0.37670400000000000 0.026257
56.9387760000000000 0.33525400000000000 0.023054
57.0408160000000000 0.39306300000000000 0.026591
57.1428570000000000 0.34545900000000000 0.024235
57.2448980000000000 0.36009800000000000 0.025492
57.3469390000000000 0.38339800000000000 0.026818
57.4489800000000000 0.35548400000000000 0.024675
57.5510200000000000 0.36273700000000000 0.024902
57.6530610000000000 0.36381000000000000 0.025357
57.7551020000000000 0.36498800000000000 0.025174
57.8571430000000000 0.34780500000000000 0.024488
57.9591840000000000 0.37148400000000000 0.025473
58.0612240000000000 0.35923700000000000 0.024765
58.1632650000000000 0.34554400000000000 0.025002
58.2653060000000000 0.35321200000000000 0.024913
58.3673470000000000 0.40852700000000000 0.027500
58.4693880000000000 0.36132100000000000 0.025128
58.5714290000000000 0.38464300000000000 0.026115
58.6734690000000000 0.34308900000000000 0.024292
58.7755100000000000 0.29322700000000000 0.021622
58.8775510000000000 0.20108600000000000 0.017449
58.9795920000000000 0.12829000000000000 0.013402
59.0816330000000000 0.10558100000000000 0.011833
59.1836730000000000 0.16329500000000000 0.015604
59.2857140000000000 0.27522100000000000 0.021775
59.3877550000000000 0.30143400000000000 0.022216
59.4897960000000000 0.33650400000000000 0.023949
59.5918370000000000 0.38815900000000000 0.026025
59.6938780000000000 0.38102300000000000 0.026038
59.7959180000000000 0.35321200000000000 0.024913
59.8979590000000000 0.37229000000000000 0.025535
60.0000000000000000 0.37778800000000000 0.026709
