55.0000000000000000 0.25364800000000000 0.019679
55.1020410000000000 0.26099300000000000 0.019773
55.2040820000000000 0.26037300000000000 0.019650
55.3061220000000000 0.25558500000000000 0.019921
55.4081630000000000 0.25635600000000000 0.019909
55.5102040000000000 0.24549400000000000 0.019217
55.6122450000000000 0.24140600000000000 0.018399
55.7142860000000000 0.22184100000000000 0.018076
55.8163270000000000 0.20972200000000000 0.017534
55.9183670000000000 0.22400100000000000 0.017909
56.0204080000000000 0.23731800000000000 0.018672
56.1224490000000000 0.22625800000000000 0.018508
56.2244900000000000 0.27275900000000000 0.020638
56.3265310000000000 0.30810100000000000 0.022465
56.4285710000000000 0.26486300000000000 0.020131
56.5306120000000000 0.26718000000000000 0.020513
56.6326530000000000 0.25733000000000000 0.019837
56.7346940000000000 0.24500700000000000 0.019614
56.8367350000000000 0.26964900000000000 0.020271
56.9387760000000000 0.26850500000000000 0.021150
57.0408160000000000 0.27285400000000000 0.020463
57.1428570000000000 0.28168000000000000 0.021116
57.2448980000000000 0.26989600000000000 0.020401
57.3469390000000000 0.27412800000000000 0.020827
57.4489800000000000 0.28533700000000000 0.021269
57.5510200000000000 0.26270800000000000 0.020176
57.6530610000000000 0.27601400000000000 0.020723
57.7551020000000000 0.25218800000000000 0.020157
57.8571430000000000 0.27988900000000000 0.020968
57.9591840000000000 0.27668900000000000 0.021003
58.0612240000000000 0.23942300000000000 0.019419
58.1632650000000000 0.24385500000000000 0.019639
58.2653060000000000 0.26991500000000000 0.020666
58.3673470000000000 0.25711700000000000 0.020631
58.4693880000000000 0.23831500000000000 0.019363
58.5714290000000000 0.25790200000000000 0.020238
58.6734690000000000 0.24812800000000000 0.019288
58.7755100000000000 0.22003600000000000 0.018695
58.8775510000000000 0.16144300000000000 0.015468
58.9795920000000000 0.08615400000000000 0.010612
59.0816330000000000 0.06332200000000000 0.009378
59.1836730000000000 0.12092900000000000 0.013501
59.2857140000000000 0.20085000000000000 0.017290
59.3877550000000000 0.24258200000000000 0.019784
59.4897960000000000 0.26973700000000000 0.021257
59.5918370000000000 0.26005200000000000 0.020302
59.6938780000000000 0.24910200000000000 0.020057
59.7959180000000000 0.27158000000000000 0.020767
59.8979590000000000 0.23393500000000000 0.018812
60.0000000000000000 0.29196300000000000 0.022241
