55.0000000000000000 0.28322700000000000 0.021096
55.1020410000000000 0.27126400000000000 0.020261
55.2040820000000000 0.25325700000000000 0.019312
55.3061220000000000 0.24270400000000000 0.019292
55.4081630000000000 0.22432600000000000 0.018336
55.5102040000000000 0.21298600000000000 0.017618
55.6122450000000000 0.17985900000000000 0.015400
55.7142860000000000 0.12516200000000000 0.013004
55.8163270000000000 0.09327200000000000 0.011173
55.9183670000000000 0.06116900000000000 0.008884
56.0204080000000000 0.05580100000000000 0.008573
56.1224490000000000 0.03995800000000000 0.007580
56.2244900000000000 0.00541600000000000 0.004123
56.3265310000000000 0.00334400000000000 0.003893
56.4285710000000000 0.00429600000000000 0.003927
56.5306120000000000 -0.0009640000000000 0.003236
56.6326530000000000 0.00011100000000000 0.003340
56.7346940000000000 0.00011500000000000 0.003479
56.8367350000000000 0.00425600000000000 0.003890
56.9387760000000000 -0.0021640000000000 0.003237
57.0408160000000000 0.00115000000000000 0.003459
57.1428570000000000 0.00864400000000000 0.004548
57.2448980000000000 0.00535900000000000 0.004080
57.3469390000000000 0.00118700000000000 0.003571
57.4489800000000000 -0.0020170000000000 0.003016
57.5510200000000000 -0.0009520000000000 0.003195
57.6530610000000000 0.00327000000000000 0.003807
57.7551020000000000 0.00235800000000000 0.003890
57.8571430000000000 0.01600800000000000 0.005351
57.9591840000000000 0.02280100000000000 0.006101
58.0612240000000000 0.04554000000000000 0.008152
58.1632650000000000 0.03113700000000000 0.006966
58.2653060000000000 0.05083600000000000 0.008430
58.3673470000000000 0.09075800000000000 0.011497
58.4693880000000000 0.08210100000000000 0.010732
58.5714290000000000 0.08787200000000000 0.011045
58.6734690000000000 0.08660300000000000 0.010669
58.7755100000000000 0.07760300000000000 0.010597
58.8775510000000000 0.05277200000000000 0.008758
58.9795920000000000 0.04054000000000000 0.007457
59.0816330000000000 0.04152600000000000 0.007759
59.1836730000000000 0.04351900000000000 0.008267
59.2857140000000000 0.09994000000000000 0.011729
59.3877550000000000 0.13154800000000000 0.013881
59.4897960000000000 0.14927000000000000 0.014977
59.5918370000000000 0.14537300000000000 0.014398
59.6938780000000000 0.15221300000000000 0.015005
59.7959180000000000 0.15693700000000000 0.014959
59.8979590000000000 0.15599400000000000 0.014813
60.0000000000000000 0.14774500000000000 0.014815
