55.0000000000000000 0.27688900000000000 0.020795
55.1020410000000000 0.29283400000000000 0.021275
55.2040820000000000 0.27257300000000000 0.020227
55.3061220000000000 0.27168600000000000 0.020699
55.4081630000000000 0.27023600000000000 0.020578
55.5102040000000000 0.24968900000000000 0.019420
55.6122450000000000 0.21893700000000000 0.017324
55.7142860000000000 0.19872200000000000 0.016918
55.8163270000000000 0.15043800000000000 0.014451
55.9183670000000000 0.15072700000000000 0.014187
56.0204080000000000 0.12387000000000000 0.012808
56.1224490000000000 0.10564700000000000 0.012027
56.2244900000000000 0.06058200000000000 0.009049
56.3265310000000000 0.03349600000000000 0.007047
56.4285710000000000 0.00848100000000000 0.004462
56.5306120000000000 0.00011300000000000 0.003411
56.6326530000000000 0.00643600000000000 0.004234
56.7346940000000000 -0.0020810000000000 0.003112
56.8367350000000000 -0.0071480000000000 0.001819
56.9387760000000000 0.00697200000000000 0.004587
57.0408160000000000 0.00635500000000000 0.004181
57.1428570000000000 -0.0062870000000000 0.002150
57.2448980000000000 -0.0061880000000000 0.002116
57.3469390000000000 0.00226200000000000 0.003731
57.4489800000000000 0.00756200000000000 0.004408
57.5510200000000000 -0.0041410000000000 0.002613
57.6530610000000000 0.00432300000000000 0.003952
57.7551020000000000 0.00347800000000000 0.004050
57.8571430000000000 0.01176900000000000 0.004891
57.9591840000000000 0.03036400000000000 0.006791
58.0612240000000000 0.04221700000000000 0.007890
58.1632650000000000 0.06105100000000000 0.009304
58.2653060000000000 0.04112300000000000 0.007682
58.3673470000000000 0.05863300000000000 0.009312
58.4693880000000000 0.06991400000000000 0.009921
58.5714290000000000 0.08458100000000000 0.010835
58.6734690000000000 0.08243500000000000 0.010407
58.7755100000000000 0.09241600000000000 0.011561
58.8775510000000000 0.06061500000000000 0.009331
58.9795920000000000 0.04572300000000000 0.007858
59.0816330000000000 0.03498800000000000 0.007224
59.1836730000000000 0.05642100000000000 0.009265
59.2857140000000000 0.11187500000000000 0.012444
59.3877550000000000 0.13381400000000000 0.014011
59.4897960000000000 0.15959600000000000 0.015551
59.5918370000000000 0.14537300000000000 0.014398
59.6938780000000000 0.18713800000000000 0.016889
59.7959180000000000 0.16450800000000000 0.015366
59.8979590000000000 0.18161800000000000 0.016168
60.0000000000000000 0.18862600000000000 0.017033
