55.0000000000000000 0.30646800000000000 0.022192
55.1020410000000000 0.31953900000000000 0.022513
55.2040820000000000 0.32950700000000000 0.022866
55.3061220000000000 0.30174200000000000 0.022132
55.4081630000000000 0.30119900000000000 0.022052
55.5102040000000000 0.32414300000000000 0.022940
55.6122450000000000 0.24140600000000000 0.018399
55.7142860000000000 0.27858700000000000 0.020825
55.8163270000000000 0.25947800000000000 0.019980
55.9183670000000000 0.26165600000000000 0.019721
56.0204080000000000 0.25691300000000000 0.019616
56.1224490000000000 0.25102700000000000 0.019729
56.2244900000000000 0.28124700000000000 0.021043
56.3265310000000000 0.29625600000000000 0.021905
56.4285710000000000 0.23974800000000000 0.018919
56.5306120000000000 0.23379600000000000 0.018882
56.6326530000000000 0.19197100000000000 0.016600
56.7346940000000000 0.18241100000000000 0.016432
56.8367350000000000 0.14006200000000000 0.013740
56.9387760000000000 0.07092800000000000 0.010157
57.0408160000000000 0.04070900000000000 0.007489
57.1428570000000000 0.00117800000000000 0.003544
57.2448980000000000 -0.0019890000000000 0.002975
57.3469390000000000 0.00011300000000000 0.003404
57.4489800000000000 0.00543300000000000 0.004136
57.5510200000000000 0.00755400000000000 0.004403
57.6530610000000000 -0.0009430000000000 0.003165
57.7551020000000000 0.00011800000000000 0.003549
57.8571430000000000 -0.0020080000000000 0.003003
57.9591840000000000 -0.0042080000000000 0.002655
58.0612240000000000 -0.0065310000000000 0.002234
58.1632650000000000 0.00787200000000000 0.004589
58.2653060000000000 0.02817300000000000 0.006592
58.3673470000000000 0.03339200000000000 0.007317
58.4693880000000000 0.05218800000000000 0.008659
58.5714290000000000 0.07690300000000000 0.010335
58.6734690000000000 0.08556100000000000 0.010604
58.7755100000000000 0.07988200000000000 0.010748
58.8775510000000000 0.04829100000000000 0.008418
58.9795920000000000 0.05401700000000000 0.008470
59.0816330000000000 0.02409000000000000 0.006258
59.1836730000000000 0.06228500000000000 0.009695
59.2857140000000000 0.11621500000000000 0.012699
59.3877550000000000 0.13947900000000000 0.014333
59.4897960000000000 0.17451100000000000 0.016364
59.5918370000000000 0.19452100000000000 0.017019
59.6938780000000000 0.18263100000000000 0.016651
59.7959180000000000 0.17424200000000000 0.015882
59.8979590000000000 0.24888200000000000 0.019545
60.0000000000000000 0.22496400000000000 0.018916
