55.0000000000000000 0.30013000000000000 0.021895
55.1020410000000000 0.30926800000000000 0.022039
55.2040820000000000 0.30409000000000000 0.021698
55.3061220000000000 0.34575200000000000 0.024190
55.4081630000000000 0.33002600000000000 0.023402
55.5102040000000000 0.26856500000000000 0.020328
55.6122450000000000 0.27950700000000000 0.020181
55.7142860000000000 0.22184100000000000 0.018076
55.8163270000000000 0.23936400000000000 0.019003
55.9183670000000000 0.24232000000000000 0.018797
56.0204080000000000 0.25691300000000000 0.019616
56.1224490000000000 0.25964200000000000 0.020148
56.2244900000000000 0.31095100000000000 0.022445
56.3265310000000000 0.26179500000000000 0.020253
56.4285710000000000 0.31090700000000000 0.022303
56.5306120000000000 0.25318000000000000 0.019834
56.6326530000000000 0.27525100000000000 0.020697
56.7346940000000000 0.25159600000000000 0.019939
56.8367350000000000 0.23751100000000000 0.018727
56.9387760000000000 0.23424300000000000 0.019439
57.0408160000000000 0.18645000000000000 0.016218
57.1428570000000000 0.16862600000000000 0.015479
57.2448980000000000 0.11768200000000000 0.012570
57.3469390000000000 0.07425800000000000 0.010046
57.4489800000000000 0.02778300000000000 0.006500
57.5510200000000000 0.00649000000000000 0.004270
57.6530610000000000 0.00011000000000000 0.003336
57.7551020000000000 0.00459900000000000 0.004205
57.8571430000000000 -0.0009490000000000 0.003185
57.9591840000000000 0.00659600000000000 0.004339
58.0612240000000000 -0.0021000000000000 0.003140
58.1632650000000000 -0.0043150000000000 0.002723
58.2653060000000000 -0.0042040000000000 0.002652
58.3673470000000000 0.00126800000000000 0.003813
58.4693880000000000 -0.0032070000000000 0.002939
58.5714290000000000 -0.0009820000000000 0.003297
58.6734690000000000 0.00740400000000000 0.004316
58.7755100000000000 0.01379300000000000 0.005387
58.8775510000000000 0.01132100000000000 0.005043
58.9795920000000000 0.01876900000000000 0.005550
59.0816330000000000 0.01864100000000000 0.005727
59.1836730000000000 0.03648200000000000 0.007684
59.2857140000000000 0.05979200000000000 0.009107
59.3877550000000000 0.06809900000000000 0.009918
59.4897960000000000 0.10337800000000000 0.012290
59.5918370000000000 0.12462200000000000 0.013229
59.6938780000000000 0.12179400000000000 0.013275
59.7959180000000000 0.13422500000000000 0.013708
59.8979590000000000 0.14638500000000000 0.014292
60.0000000000000000 0.13298200000000000 0.013979
