55.0000000000000000 0.28005800000000000 0.020946
55.1020410000000000 0.26921000000000000 0.020164
55.2040820000000000 0.27359000000000000 0.020275
55.3061220000000000 0.25987900000000000 0.020129
55.4081630000000000 0.25208500000000000 0.019701
55.5102040000000000 0.27380800000000000 0.020578
55.6122450000000000 0.24433700000000000 0.018538
55.7142860000000000 0.21448500000000000 0.017710
55.8163270000000000 0.22560200000000000 0.018326
55.9183670000000000 0.20466500000000000 0.016957
56.0204080000000000 0.25794500000000000 0.019666
56.1224490000000000 0.27794900000000000 0.021032
56.2244900000000000 0.26745500000000000 0.020384
56.3265310000000000 0.30056300000000000 0.022109
56.4285710000000000 0.25439900000000000 0.019628
56.5306120000000000 0.24995000000000000 0.019676
56.6326530000000000 0.27735900000000000 0.020797
56.7346940000000000 0.28124600000000000 0.021383
56.8367350000000000 0.27690600000000000 0.020615
56.9387760000000000 0.26051100000000000 0.020755
57.0408160000000000 0.29263300000000000 0.021397
57.1428570000000000 0.27421400000000000 0.020759
57.2448980000000000 0.26254800000000000 0.020049
57.3469390000000000 0.26123300000000000 0.020205
57.4489800000000000 0.26405200000000000 0.020251
57.5510200000000000 0.31692800000000000 0.022747
57.6530610000000000 0.26759000000000000 0.020321
57.7551020000000000 0.27235400000000000 0.021149
57.8571430000000000 0.25657400000000000 0.019850
57.9591840000000000 0.22267000000000000 0.018357
58.0612240000000000 0.28041600000000000 0.021430
58.1632650000000000 0.27487600000000000 0.021162
58.2653060000000000 0.24509300000000000 0.019458
58.3673470000000000 0.26973700000000000 0.021257
58.4693880000000000 0.27266000000000000 0.021054
58.5714290000000000 0.23376800000000000 0.019046
58.6734690000000000 0.27939000000000000 0.020783
58.7755100000000000 0.24738300000000000 0.020078
58.8775510000000000 0.14351800000000000 0.014479
58.9795920000000000 0.09652100000000000 0.011248
59.0816330000000000 0.07966900000000000 0.010479
59.1836730000000000 0.10685500000000000 0.012648
59.2857140000000000 0.19325500000000000 0.016900
59.3877550000000000 0.22898600000000000 0.019099
59.4897960000000000 0.28006300000000000 0.021765
59.5918370000000000 0.26332800000000000 0.020461
59.6938780000000000 0.25360900000000000 0.020281
59.7959180000000000 0.26725400000000000 0.020558
59.8979590000000000 0.22752900000000000 0.018495
60.0000000000000000 0.24654000000000000 0.020004
