55.0000000000000000 0.30963700000000000 0.022341
55.1020410000000000 0.30515900000000000 0.021848
55.2040820000000000 0.31730700000000000 0.022307
55.3061220000000000 0.30710900000000000 0.022385
55.4081630000000000 0.29372500000000000 0.021699
55.5102040000000000 0.28744000000000000 0.021224
55.6122450000000000 0.27657600000000000 0.020045
55.7142860000000000 0.24706100000000000 0.019312
55.8163270000000000 0.22030900000000000 0.018063
55.9183670000000000 0.22400100000000000 0.017909
56.0204080000000000 0.27135200000000000 0.020304
56.1224490000000000 0.25856500000000000 0.020096
56.2244900000000000 0.25366400000000000 0.019719
56.3265310000000000 0.26179500000000000 0.020253
56.4285710000000000 0.24184100000000000 0.019021
56.5306120000000000 0.22733500000000000 0.018561
56.6326530000000000 0.17932100000000000 0.015949
56.7346940000000000 0.16484100000000000 0.015499
56.8367350000000000 0.11932800000000000 0.012584
56.9387760000000000 0.06064900000000000 0.009434
57.0408160000000000 0.03342100000000000 0.006897
57.1428570000000000 0.00971100000000000 0.004676
57.2448980000000000 0.00011000000000000 0.003326
57.3469390000000000 0.00011300000000000 0.003404
57.4489800000000000 -0.0009530000000000 0.003198
57.5510200000000000 -0.0009520000000000 0.003195
57.6530610000000000 -0.0083140000000000 0.001525
57.7551020000000000 0.00459900000000000 0.004205
57.8571430000000000 -0.0041280000000000 0.002605
57.9591840000000000 0.00443500000000000 0.004055
58.0612240000000000 0.00011600000000000 0.003510
58.1632650000000000 0.00011600000000000 0.003510
58.2653060000000000 0.00227200000000000 0.003747
58.3673470000000000 0.00815200000000000 0.004753
58.4693880000000000 0.03667700000000000 0.007439
58.5714290000000000 0.04618800000000000 0.008155
58.6734690000000000 0.05534000000000000 0.008590
58.7755100000000000 0.06165100000000000 0.009494
58.8775510000000000 0.06285500000000000 0.009490
58.9795920000000000 0.03639300000000000 0.007125
59.0816330000000000 0.04043700000000000 0.007672
59.1836730000000000 0.04117400000000000 0.008076
59.2857140000000000 0.08800400000000000 0.010989
59.3877550000000000 0.10888800000000000 0.012545
59.4897960000000000 0.12402900000000000 0.013531
59.5918370000000000 0.15848000000000000 0.015115
59.6938780000000000 0.13193300000000000 0.013863
59.7959180000000000 0.17640500000000000 0.015996
59.8979590000000000 0.19336300000000000 0.016774
60.0000000000000000 0.16477800000000000 0.015755
