55.0000000000000000 0.28534000000000000 0.021197
55.1020410000000000 0.33083700000000000 0.023032
55.2040820000000000 0.36407300000000000 0.024434
55.3061220000000000 0.34682500000000000 0.024240
55.4081630000000000 0.32895900000000000 0.023353
55.5102040000000000 0.32414300000000000 0.022940
55.6122450000000000 0.24433700000000000 0.018538
55.7142860000000000 0.25231500000000000 0.019566
55.8163270000000000 0.22242600000000000 0.018168
55.9183670000000000 0.30948800000000000 0.021957
56.0204080000000000 0.24453700000000000 0.019022
56.1224490000000000 0.28010200000000000 0.021135
56.2244900000000000 0.26321200000000000 0.020180
56.3265310000000000 0.26071800000000000 0.020201
56.4285710000000000 0.24916600000000000 0.019376
56.5306120000000000 0.19718200000000000 0.017040
56.6326530000000000 0.20567500000000000 0.017295
56.7346940000000000 0.15825200000000000 0.015144
56.8367350000000000 0.09963100000000000 0.011435
56.9387760000000000 0.08577500000000000 0.011148
57.0408160000000000 0.04175000000000000 0.007570
57.1428570000000000 0.01397700000000000 0.005158
57.2448980000000000 0.00745800000000000 0.004348
57.3469390000000000 -0.0041860000000000 0.002641
57.4489800000000000 -0.0084030000000000 0.001542
57.5510200000000000 0.00649000000000000 0.004270
57.6530610000000000 -0.0030490000000000 0.002793
57.7551020000000000 -0.0032430000000000 0.002971
57.8571430000000000 -0.0041280000000000 0.002605
57.9591840000000000 0.00443500000000000 0.004055
58.0612240000000000 0.00233200000000000 0.003846
58.1632650000000000 0.00344000000000000 0.004005
58.2653060000000000 -0.0031240000000000 0.002862
58.3673470000000000 -0.0033220000000000 0.003043
58.4693880000000000 0.00011600000000000 0.003510
58.5714290000000000 0.00011500000000000 0.003475
58.6734690000000000 0.00219400000000000 0.003618
58.7755100000000000 0.00353800000000000 0.004119
58.8775510000000000 0.01132100000000000 0.005043
58.9795920000000000 0.00736600000000000 0.004294
59.0816330000000000 0.01101200000000000 0.004905
59.1836730000000000 0.01419800000000000 0.005546
59.2857140000000000 0.03483600000000000 0.007193
59.3877550000000000 0.04997100000000000 0.008602
59.4897960000000000 0.07584300000000000 0.010518
59.5918370000000000 0.07219800000000000 0.009997
59.6938780000000000 0.08123500000000000 0.010772
59.7959180000000000 0.11908300000000000 0.012845
59.8979590000000000 0.09193300000000000 0.011140
60.0000000000000000 0.09550800000000000 0.011735
