55.0000000000000000 0.34872400000000000 0.024153
55.1020410000000000 0.31234900000000000 0.022181
55.2040820000000000 0.30612300000000000 0.021791
55.3061220000000000 0.30710900000000000 0.022385
55.4081630000000000 0.29159000000000000 0.021598
55.5102040000000000 0.25073700000000000 0.019471
55.6122450000000000 0.27364500000000000 0.019909
55.7142860000000000 0.21973900000000000 0.017972
55.8163270000000000 0.22030900000000000 0.018063
55.9183670000000000 0.23214300000000000 0.018305
56.0204080000000000 0.22494200000000000 0.018068
56.1224490000000000 0.24887300000000000 0.019624
56.2244900000000000 0.21759300000000000 0.017946
56.3265310000000000 0.21979700000000000 0.018185
56.4285710000000000 0.21044700000000000 0.017474
56.5306120000000000 0.22087400000000000 0.018239
56.6326530000000000 0.17826700000000000 0.015894
56.7346940000000000 0.15385900000000000 0.014905
56.8367350000000000 0.11829200000000000 0.012525
56.9387760000000000 0.06636000000000000 0.009840
57.0408160000000000 0.05320100000000000 0.008431
57.1428570000000000 0.02677600000000000 0.006418
57.2448980000000000 0.01165700000000000 0.004844
57.3469390000000000 -0.0041860000000000 0.002641
57.4489800000000000 -0.0020170000000000 0.003016
57.5510200000000000 -0.0009520000000000 0.003195
57.6530610000000000 -0.0019960000000000 0.002984
57.7551020000000000 0.00347800000000000 0.004050
57.8571430000000000 0.00117100000000000 0.003522
57.9591840000000000 0.00227400000000000 0.003751
58.0612240000000000 0.00344000000000000 0.004005
58.1632650000000000 -0.0009920000000000 0.003330
58.2653060000000000 -0.0009660000000000 0.003243
58.3673470000000000 0.00241500000000000 0.003983
58.4693880000000000 0.00122400000000000 0.003682
58.5714290000000000 -0.0031760000000000 0.002909
58.6734690000000000 -0.0051010000000000 0.002342
58.7755100000000000 -0.0021590000000000 0.003229
58.8775510000000000 -0.0021230000000000 0.003175
58.9795920000000000 -0.0050750000000000 0.002330
59.0816330000000000 0.00011400000000000 0.003452
59.1836730000000000 0.00598700000000000 0.004559
59.2857140000000000 0.00445400000000000 0.004072
59.3877550000000000 0.01371500000000000 0.005357
59.4897960000000000 0.01503500000000000 0.005550
59.5918370000000000 0.03834100000000000 0.007512
59.6938780000000000 0.03279000000000000 0.007183
59.7959180000000000 0.05959800000000000 0.009077
59.8979590000000000 0.05776700000000000 0.008882
60.0000000000000000 0.06030500000000000 0.009379
