55.0000000000000000 0.27688900000000000 0.020795
55.1020410000000000 0.29488800000000000 0.021371
55.2040820000000000 0.26444000000000000 0.019843
55.3061220000000000 0.27920000000000000 0.021060
55.4081630000000000 0.26596500000000000 0.020373
55.5102040000000000 0.25493200000000000 0.019673
55.6122450000000000 0.22772900000000000 0.017747
55.7142860000000000 0.21238300000000000 0.017605
55.8163270000000000 0.20866300000000000 0.017481
55.9183670000000000 0.26063800000000000 0.019672
56.0204080000000000 0.25072500000000000 0.019320
56.1224490000000000 0.25856500000000000 0.020096
56.2244900000000000 0.25260300000000000 0.019667
56.3265310000000000 0.28225600000000000 0.021238
56.4285710000000000 0.25125900000000000 0.019477
56.5306120000000000 0.23810400000000000 0.019095
56.6326530000000000 0.29106400000000000 0.021447
56.7346940000000000 0.25818500000000000 0.020262
56.8367350000000000 0.28519900000000000 0.021007
56.9387760000000000 0.26165300000000000 0.020811
57.0408160000000000 0.26660700000000000 0.020165
57.1428570000000000 0.27848000000000000 0.020963
57.2448980000000000 0.28354300000000000 0.021050
57.3469390000000000 0.25586000000000000 0.019944
57.4489800000000000 0.25766600000000000 0.019942
57.5510200000000000 0.26164500000000000 0.020125
57.6530610000000000 0.24336900000000000 0.019151
57.7551020000000000 0.28467700000000000 0.021749
57.8571430000000000 0.25445400000000000 0.019747
57.9591840000000000 0.32314500000000000 0.023206
58.0612240000000000 0.27930800000000000 0.021377
58.1632650000000000 0.26268900000000000 0.020567
58.2653060000000000 0.26559800000000000 0.020457
58.3673470000000000 0.22155100000000000 0.018834
58.4693880000000000 0.28595500000000000 0.021698
58.5714290000000000 0.24035000000000000 0.019374
58.6734690000000000 0.27209600000000000 0.020437
58.7755100000000000 0.22345400000000000 0.018869
58.8775510000000000 0.12895400000000000 0.013653
58.9795920000000000 0.07889700000000000 0.010153
59.0816330000000000 0.08184900000000000 0.010621
59.1836730000000000 0.12092900000000000 0.013501
59.2857140000000000 0.19217000000000000 0.016844
59.3877550000000000 0.24144900000000000 0.019728
59.4897960000000000 0.27088500000000000 0.021313
59.5918370000000000 0.24476100000000000 0.019552
59.6938780000000000 0.26036900000000000 0.020615
59.7959180000000000 0.26184600000000000 0.020296
59.8979590000000000 0.25315300000000000 0.019753
60.0000000000000000 0.27493000000000000 0.021410
