55.0000000000000000 0.27583300000000000 0.020744
55.1020410000000000 0.23428900000000000 0.018489
55.2040820000000000 0.26545700000000000 0.019891
55.3061220000000000 0.25665900000000000 0.019973
55.4081630000000000 0.26596500000000000 0.020373
55.5102040000000000 0.25493200000000000 0.019673
55.6122450000000000 0.27169100000000000 0.019819
55.7142860000000000 0.22289100000000000 0.018128
55.8163270000000000 0.21395700000000000 0.017746
55.9183670000000000 0.22400100000000000 0.017909
56.0204080000000000 0.24969400000000000 0.019270
56.1224490000000000 0.25641100000000000 0.019991
56.2244900000000000 0.26533300000000000 0.020282
56.3265310000000000 0.25748800000000000 0.020044
56.4285710000000000 0.25125900000000000 0.019477
56.5306120000000000 0.28656400000000000 0.021444
56.6326530000000000 0.27841400000000000 0.020847
56.7346940000000000 0.28234500000000000 0.021436
56.8367350000000000 0.24995200000000000 0.019329
56.9387760000000000 0.28106800000000000 0.021768
57.0408160000000000 0.27285400000000000 0.020463
57.1428570000000000 0.27208100000000000 0.020657
57.2448980000000000 0.28459300000000000 0.021099
57.3469390000000000 0.27520200000000000 0.020879
57.4489800000000000 0.29491600000000000 0.021723
57.5510200000000000 0.29141300000000000 0.021547
57.6530610000000000 0.26232400000000000 0.020068
57.7551020000000000 0.27795500000000000 0.021422
57.8571430000000000 0.26505200000000000 0.020259
57.9591840000000000 0.25292100000000000 0.019851
58.0612240000000000 0.25161000000000000 0.020023
58.1632650000000000 0.31143700000000000 0.022919
58.2653060000000000 0.24833100000000000 0.019617
58.3673470000000000 0.27432700000000000 0.021483
58.4693880000000000 0.23942300000000000 0.019419
58.5714290000000000 0.30616800000000000 0.022565
58.6734690000000000 0.27522200000000000 0.020585
58.7755100000000000 0.22687300000000000 0.019044
58.8775510000000000 0.16592400000000000 0.015712
58.9795920000000000 0.07578700000000000 0.009953
59.0816330000000000 0.05569400000000000 0.008835
59.1836730000000000 0.11623800000000000 0.013220
59.2857140000000000 0.21387100000000000 0.017952
59.3877550000000000 0.25278000000000000 0.020294
59.4897960000000000 0.21351900000000000 0.018421
59.5918370000000000 0.24585300000000000 0.019605
59.6938780000000000 0.27163500000000000 0.021169
59.7959180000000000 0.27590600000000000 0.020975
59.8979590000000000 0.26810100000000000 0.020476
60.0000000000000000 0.28855700000000000 0.022075
