55.0000000000000000 0.27900200000000000 0.020895
55.1020410000000000 0.32981000000000000 0.022985
55.2040820000000000 0.31019000000000000 0.021979
55.3061220000000000 0.30603600000000000 0.022335
55.4081630000000000 0.31187600000000000 0.022554
55.5102040000000000 0.28953800000000000 0.021323
55.6122450000000000 0.30881500000000000 0.021523
55.7142860000000000 0.27438300000000000 0.020625
55.8163270000000000 0.23513000000000000 0.018796
55.9183670000000000 0.28608100000000000 0.020870
56.0204080000000000 0.29816700000000000 0.021564
56.1224490000000000 0.29302500000000000 0.021751
56.2244900000000000 0.31307300000000000 0.022545
56.3265310000000000 0.26718000000000000 0.020513
56.4285710000000000 0.27742100000000000 0.020729
56.5306120000000000 0.29087100000000000 0.021649
56.6326530000000000 0.28473900000000000 0.021147
56.7346940000000000 0.27905000000000000 0.021277
56.8367350000000000 0.26239200000000000 0.019926
56.9387760000000000 0.24794800000000000 0.020128
57.0408160000000000 0.27077200000000000 0.020364
57.1428570000000000 0.20275600000000000 0.017244
57.2448980000000000 0.18486600000000000 0.016203
57.3469390000000000 0.17311800000000000 0.015773
57.4489800000000000 0.14272500000000000 0.014068
57.5510200000000000 0.08622600000000000 0.010759
57.6530610000000000 0.04539200000000000 0.007904
57.7551020000000000 0.01468200000000000 0.005419
57.8571430000000000 0.00435000000000000 0.003977
57.9591840000000000 -0.0031280000000000 0.002865
58.0612240000000000 0.00344000000000000 0.004005
58.1632650000000000 -0.0032070000000000 0.002939
58.2653060000000000 0.00550900000000000 0.004194
58.3673470000000000 -0.0033220000000000 0.003043
58.4693880000000000 0.00122400000000000 0.003682
58.5714290000000000 -0.0009820000000000 0.003297
58.6734690000000000 0.00115100000000000 0.003463
58.7755100000000000 0.00012000000000000 0.003610
58.8775510000000000 -0.0032430000000000 0.002971
58.9795920000000000 -0.0030010000000000 0.002750
59.0816330000000000 0.00120400000000000 0.003621
59.1836730000000000 0.00833300000000000 0.004859
59.2857140000000000 0.01747500000000000 0.005592
59.3877550000000000 0.01258200000000000 0.005230
59.4897960000000000 0.04371800000000000 0.008175
59.5918370000000000 0.06018400000000000 0.009168
59.6938780000000000 0.08236200000000000 0.010846
59.7959180000000000 0.08339200000000000 0.010677
59.8979590000000000 0.07591800000000000 0.010121
60.0000000000000000 0.10799900000000000 0.012506
