55.0000000000000000 0.36879600000000000 0.025072
55.1020410000000000 0.32364700000000000 0.022702
55.2040820000000000 0.31425700000000000 0.022166
55.3061220000000000 0.31784300000000000 0.022890
55.4081630000000000 0.31080800000000000 0.022504
55.5102040000000000 0.32728900000000000 0.023086
55.6122450000000000 0.29318400000000000 0.020810
55.7142860000000000 0.26702700000000000 0.020274
55.8163270000000000 0.25100900000000000 0.019571
55.9183670000000000 0.26878000000000000 0.020058
56.0204080000000000 0.27238400000000000 0.020352
56.1224490000000000 0.28225600000000000 0.021238
56.2244900000000000 0.26639400000000000 0.020333
56.3265310000000000 0.29625600000000000 0.021905
56.4285710000000000 0.27218800000000000 0.020481
56.5306120000000000 0.22302800000000000 0.018346
56.6326530000000000 0.23413800000000000 0.018710
56.7346940000000000 0.19668700000000000 0.017176
56.8367350000000000 0.15146600000000000 0.014357
56.9387760000000000 0.12003700000000000 0.013265
57.0408160000000000 0.09275900000000000 0.011044
57.1428570000000000 0.05343900000000000 0.008565
57.2448980000000000 0.02950300000000000 0.006596
57.3469390000000000 -0.0041860000000000 0.002641
57.4489800000000000 0.00330400000000000 0.003847
57.5510200000000000 0.00011200000000000 0.003368
57.6530610000000000 0.00853500000000000 0.004491
57.7551020000000000 0.00347800000000000 0.004050
57.8571430000000000 0.00223100000000000 0.003679
57.9591840000000000 0.00659600000000000 0.004339
58.0612240000000000 -0.0032070000000000 0.002939
58.1632650000000000 0.00787200000000000 0.004589
58.2653060000000000 -0.0009660000000000 0.003243
58.3673470000000000 0.00126800000000000 0.003813
58.4693880000000000 -0.0009920000000000 0.003330
58.5714290000000000 -0.0009820000000000 0.003297
58.6734690000000000 0.00010900000000000 0.003301
58.7755100000000000 -0.0010200000000000 0.003424
58.8775510000000000 -0.0010030000000000 0.003367
58.9795920000000000 0.00321900000000000 0.003747
59.0816330000000000 -0.0042450000000000 0.002679
59.1836730000000000 0.00481500000000000 0.004402
59.2857140000000000 0.02073000000000000 0.005918
59.3877550000000000 0.03184300000000000 0.007126
59.4897960000000000 0.03683400000000000 0.007611
59.5918370000000000 0.02632700000000000 0.006475
59.6938780000000000 0.05307000000000000 0.008808
59.7959180000000000 0.05094600000000000 0.008448
59.8979590000000000 0.07698500000000000 0.010191
60.0000000000000000 0.07279600000000000 0.010253
