55.0000000000000000 0.30752500000000000 0.022242
55.1020410000000000 0.28975200000000000 0.021131
55.2040820000000000 0.24105700000000000 0.018727
55.3061220000000000 0.27812700000000000 0.021009
55.4081630000000000 0.27664200000000000 0.020886
55.5102040000000000 0.25702900000000000 0.019774
55.6122450000000000 0.25117600000000000 0.018860
55.7142860000000000 0.24075600000000000 0.019005
55.8163270000000000 0.22983600000000000 0.018535
55.9183670000000000 0.18939900000000000 0.016191
56.0204080000000000 0.24247500000000000 0.018922
56.1224490000000000 0.28441000000000000 0.021341
56.2244900000000000 0.29291600000000000 0.021597
56.3265310000000000 0.28225600000000000 0.021238
56.4285710000000000 0.26277000000000000 0.020031
56.5306120000000000 0.26933400000000000 0.020617
56.6326530000000000 0.27314300000000000 0.020596
56.7346940000000000 0.25598900000000000 0.020155
56.8367350000000000 0.26239200000000000 0.019926
56.9387760000000000 0.26507900000000000 0.020981
57.0408160000000000 0.26244300000000000 0.019967
57.1428570000000000 0.25181700000000000 0.019678
57.2448980000000000 0.25939900000000000 0.019898
57.3469390000000000 0.25908400000000000 0.020101
57.4489800000000000 0.26192300000000000 0.020148
57.5510200000000000 0.26908700000000000 0.020483
57.6530610000000000 0.28654500000000000 0.021223
57.7551020000000000 0.29252000000000000 0.022128
57.8571430000000000 0.25975300000000000 0.020003
57.9591840000000000 0.27452800000000000 0.020899
58.0612240000000000 0.27487600000000000 0.021162
58.1632650000000000 0.26712100000000000 0.020784
58.2653060000000000 0.26559800000000000 0.020457
58.3673470000000000 0.26055900000000000 0.020802
58.4693880000000000 0.27155200000000000 0.021000
58.5714290000000000 0.28093800000000000 0.021357
58.6734690000000000 0.23249600000000000 0.018528
58.7755100000000000 0.25649900000000000 0.020533
58.8775510000000000 0.14351800000000000 0.014479
58.9795920000000000 0.09444800000000000 0.011123
59.0816330000000000 0.08293800000000000 0.010691
59.1836730000000000 0.12913900000000000 0.013986
59.2857140000000000 0.18131900000000000 0.016279
59.3877550000000000 0.24031600000000000 0.019671
59.4897960000000000 0.25941200000000000 0.020745
59.5918370000000000 0.26332800000000000 0.020461
59.6938780000000000 0.25586200000000000 0.020392
59.7959180000000000 0.29104800000000000 0.021701
59.8979590000000000 0.26169500000000000 0.020167
60.0000000000000000 0.26811600000000000 0.021075
