55.0000000000000000 0.27477600000000000 0.020694
55.1020410000000000 0.29694200000000000 0.021466
55.2040820000000000 0.25325700000000000 0.019312
55.3061220000000000 0.28456700000000000 0.021317
55.4081630000000000 0.25742400000000000 0.019960
55.5102040000000000 0.20774300000000000 0.017356
55.6122450000000000 0.19744400000000000 0.016275
55.7142860000000000 0.13251800000000000 0.013416
55.8163270000000000 0.09750600000000000 0.011432
55.9183670000000000 0.10594800000000000 0.011698
56.0204080000000000 0.07024000000000000 0.009562
56.1224490000000000 0.02918900000000000 0.006674
56.2244900000000000 0.01284200000000000 0.005014
56.3265310000000000 0.00334400000000000 0.003893
56.4285710000000000 -0.0030300000000000 0.002775
56.5306120000000000 -0.0031180000000000 0.002856
56.6326530000000000 -0.0009440000000000 0.003168
56.7346940000000000 0.00231200000000000 0.003813
56.8367350000000000 0.00114500000000000 0.003445
56.9387760000000000 0.00012000000000000 0.003618
57.0408160000000000 0.00115000000000000 0.003459
57.1428570000000000 -0.0041540000000000 0.002621
57.2448980000000000 0.00535900000000000 0.004080
57.3469390000000000 -0.0009620000000000 0.003229
57.4489800000000000 -0.0020170000000000 0.003016
57.5510200000000000 0.00223800000000000 0.003691
57.6530610000000000 0.00011000000000000 0.003336
57.7551020000000000 -0.0066040000000000 0.002259
57.8571430000000000 0.00117100000000000 0.003522
57.9591840000000000 0.00227400000000000 0.003751
58.0612240000000000 0.00454800000000000 0.004158
58.1632650000000000 0.01562700000000000 0.005478
58.2653060000000000 0.02169700000000000 0.005991
58.3673470000000000 0.02536100000000000 0.006591
58.4693880000000000 0.04221700000000000 0.007890
58.5714290000000000 0.04509100000000000 0.008070
58.6734690000000000 0.06576100000000000 0.009316
58.7755100000000000 0.04683800000000000 0.008388
58.8775510000000000 0.04717100000000000 0.008332
58.9795920000000000 0.02498900000000000 0.006143
59.0816330000000000 0.02191000000000000 0.006050
59.1836730000000000 0.03765500000000000 0.007783
59.2857140000000000 0.07389800000000000 0.010075
59.3877550000000000 0.08849300000000000 0.011276
59.4897960000000000 0.11829300000000000 0.013193
59.5918370000000000 0.12243800000000000 0.013104
59.6938780000000000 0.12292000000000000 0.013341
59.7959180000000000 0.12340900000000000 0.013094
59.8979590000000000 0.15706200000000000 0.014870
60.0000000000000000 0.12844000000000000 0.013717
