55.0000000000000000 0.27372000000000000 0.020644
55.1020410000000000 0.26612900000000000 0.020017
55.2040820000000000 0.27359000000000000 0.020275
55.3061220000000000 0.25236500000000000 0.019764
55.4081630000000000 0.25635600000000000 0.019909
55.5102040000000000 0.26751600000000000 0.020277
55.6122450000000000 0.22479800000000000 0.017606
55.7142860000000000 0.23655200000000000 0.018800
55.8163270000000000 0.20337000000000000 0.017214
55.9183670000000000 0.23417800000000000 0.018404
56.0204080000000000 0.25691300000000000 0.019616
56.1224490000000000 0.26825700000000000 0.020565
56.2244900000000000 0.24729800000000000 0.019410
56.3265310000000000 0.27364100000000000 0.020825
56.4285710000000000 0.28056000000000000 0.020878
56.5306120000000000 0.26179500000000000 0.020253
56.6326530000000000 0.25838400000000000 0.019888
56.7346940000000000 0.27136300000000000 0.020905
56.8367350000000000 0.28830900000000000 0.021153
56.9387760000000000 0.29934100000000000 0.022658
57.0408160000000000 0.26036100000000000 0.019867
57.1428570000000000 0.23795200000000000 0.019000
57.2448980000000000 0.26464700000000000 0.020150
57.3469390000000000 0.26875500000000000 0.020569
57.4489800000000000 0.25128100000000000 0.019633
57.5510200000000000 0.27333900000000000 0.020686
57.6530610000000000 0.26127100000000000 0.020017
57.7551020000000000 0.28131600000000000 0.021586
57.8571430000000000 0.27988900000000000 0.020968
57.9591840000000000 0.28857300000000000 0.021572
58.0612240000000000 0.28595500000000000 0.021698
58.1632650000000000 0.26933600000000000 0.020892
58.2653060000000000 0.23645900000000000 0.019033
58.3673470000000000 0.27662100000000000 0.021596
58.4693880000000000 0.27930800000000000 0.021377
58.5714290000000000 0.27874400000000000 0.021251
58.6734690000000000 0.26063300000000000 0.019890
58.7755100000000000 0.23029100000000000 0.019217
58.8775510000000000 0.15584100000000000 0.015162
58.9795920000000000 0.07682400000000000 0.010020
59.0816330000000000 0.06659200000000000 0.009605
59.1836730000000000 0.10685500000000000 0.012648
59.2857140000000000 0.17480900000000000 0.015937
59.3877550000000000 0.25391300000000000 0.020350
59.4897960000000000 0.25941200000000000 0.020745
59.5918370000000000 0.26114400000000000 0.020355
59.6938780000000000 0.29191400000000000 0.022157
59.7959180000000000 0.27158000000000000 0.020767
59.8979590000000000 0.27450700000000000 0.020783
60.0000000000000000 0.25221800000000000 0.020287
