55.0000000000000000 0.32231400000000000 0.022932
55.1020410000000000 0.35035200000000000 0.023923
55.2040820000000000 0.34272300000000000 0.023468
55.3061220000000000 0.32750400000000000 0.023342
55.4081630000000000 0.29586100000000000 0.021800
55.5102040000000000 0.29478100000000000 0.021570
55.6122450000000000 0.26680700000000000 0.019592
55.7142860000000000 0.23445100000000000 0.018697
55.8163270000000000 0.24995100000000000 0.019519
55.9183670000000000 0.29829300000000000 0.021439
56.0204080000000000 0.27238400000000000 0.020352
56.1224490000000000 0.27256400000000000 0.020773
56.2244900000000000 0.27488100000000000 0.020740
56.3265310000000000 0.27364100000000000 0.020825
56.4285710000000000 0.25858400000000000 0.019830
56.5306120000000000 0.23918100000000000 0.019148
56.6326530000000000 0.18986300000000000 0.016492
56.7346940000000000 0.15056400000000000 0.014724
56.8367350000000000 0.09963100000000000 0.011435
56.9387760000000000 0.05379700000000000 0.008931
57.0408160000000000 0.01780600000000000 0.005469
57.1428570000000000 0.00437800000000000 0.004003
57.2448980000000000 0.00011000000000000 0.003326
57.3469390000000000 -0.0031110000000000 0.002850
57.4489800000000000 0.00224000000000000 0.003695
57.5510200000000000 0.00330100000000000 0.003843
57.6530610000000000 0.00116400000000000 0.003499
57.7551020000000000 -0.0054840000000000 0.002518
57.8571430000000000 0.00011100000000000 0.003357
57.9591840000000000 -0.0031280000000000 0.002865
58.0612240000000000 -0.0021000000000000 0.003140
58.1632650000000000 -0.0043150000000000 0.002723
58.2653060000000000 0.00011300000000000 0.003419
58.3673470000000000 -0.0010270000000000 0.003448
58.4693880000000000 0.01562700000000000 0.005478
58.5714290000000000 0.02424800000000000 0.006300
58.6734690000000000 0.01157200000000000 0.004809
58.7755100000000000 0.02404800000000000 0.006438
58.8775510000000000 0.00123800000000000 0.003723
58.9795920000000000 0.00736600000000000 0.004294
59.0816330000000000 -0.0020650000000000 0.003088
59.1836730000000000 0.00598700000000000 0.004559
59.2857140000000000 0.00336900000000000 0.003922
59.3877550000000000 -0.0032800000000000 0.003005
59.4897960000000000 0.00126800000000000 0.003813
59.5918370000000000 0.00011500000000000 0.003460
59.6938780000000000 -0.0043880000000000 0.002769
59.7959180000000000 -0.0031310000000000 0.002869
59.8979590000000000 0.01933000000000000 0.005717
60.0000000000000000 0.04213600000000000 0.007999
