55.0000000000000000 0.26632500000000000 0.020290
55.1020410000000000 0.25174900000000000 0.019332
55.2040820000000000 0.26647300000000000 0.019939
55.3061220000000000 0.28886100000000000 0.021521
55.4081630000000000 0.26916800000000000 0.020527
55.5102040000000000 0.26961300000000000 0.020378
55.6122450000000000 0.25996800000000000 0.019273
55.7142860000000000 0.21658600000000000 0.017815
55.8163270000000000 0.22136700000000000 0.018116
55.9183670000000000 0.21585900000000000 0.017510
56.0204080000000000 0.26103900000000000 0.019813
56.1224490000000000 0.24995000000000000 0.019676
56.2244900000000000 0.25578500000000000 0.019822
56.3265310000000000 0.27041000000000000 0.020669
56.4285710000000000 0.29311700000000000 0.021471
56.5306120000000000 0.28979400000000000 0.021598
56.6326530000000000 0.30476800000000000 0.022091
56.7346940000000000 0.27026500000000000 0.020851
56.8367350000000000 0.28830900000000000 0.021153
56.9387760000000000 0.27764200000000000 0.021600
57.0408160000000000 0.24474600000000000 0.019115
57.1428570000000000 0.27101400000000000 0.020606
57.2448980000000000 0.26884600000000000 0.020351
57.3469390000000000 0.30529000000000000 0.022311
57.4489800000000000 0.27469500000000000 0.020762
57.5510200000000000 0.27865500000000000 0.020940
57.6530610000000000 0.29181000000000000 0.021471
57.7551020000000000 0.29139900000000000 0.022074
57.8571430000000000 0.26505200000000000 0.020259
57.9591840000000000 0.26480500000000000 0.020429
58.0612240000000000 0.24939400000000000 0.019913
58.1632650000000000 0.28706300000000000 0.021752
58.2653060000000000 0.27423200000000000 0.020874
58.3673470000000000 0.25826400000000000 0.020688
58.4693880000000000 0.26712100000000000 0.020784
58.5714290000000000 0.26338700000000000 0.020506
58.6734690000000000 0.26375900000000000 0.020039
58.7755100000000000 0.23143000000000000 0.019275
58.8775510000000000 0.11439000000000000 0.012801
58.9795920000000000 0.08822800000000000 0.010741
59.0816330000000000 0.06659200000000000 0.009605
59.1836730000000000 0.11154600000000000 0.012936
59.2857140000000000 0.18131900000000000 0.016279
59.3877550000000000 0.23011900000000000 0.019157
59.4897960000000000 0.30530400000000000 0.022995
59.5918370000000000 0.25459100000000000 0.020035
59.6938780000000000 0.27388800000000000 0.021280
59.7959180000000000 0.28131400000000000 0.021235
59.8979590000000000 0.25955900000000000 0.020064
60.0000000000000000 0.27493000000000000 0.021410
