55.0000000000000000 0.27055100000000000 0.020492
55.1020410000000000 0.24353300000000000 0.018937
55.2040820000000000 0.22174000000000000 0.017790
55.3061220000000000 0.20191500000000000 0.017255
55.4081630000000000 0.19549800000000000 0.016883
55.5102040000000000 0.13119100000000000 0.013328
55.6122450000000000 0.11538100000000000 0.011991
55.7142860000000000 0.09468700000000000 0.011217
55.8163270000000000 0.05092600000000000 0.008344
55.9183670000000000 0.03267300000000000 0.006741
56.0204080000000000 0.03104900000000000 0.006658
56.1224490000000000 0.01626600000000000 0.005438
56.2244900000000000 0.00753800000000000 0.004394
56.3265310000000000 -0.0020410000000000 0.003052
56.4285710000000000 0.00115600000000000 0.003477
56.5306120000000000 0.00226700000000000 0.003739
56.6326530000000000 0.00116500000000000 0.003503
56.7346940000000000 0.00450800000000000 0.004121
56.8367350000000000 -0.0030010000000000 0.002750
56.9387760000000000 -0.0021640000000000 0.003237
57.0408160000000000 -0.0040550000000000 0.002558
57.1428570000000000 0.00011200000000000 0.003379
57.2448980000000000 0.00011000000000000 0.003326
57.3469390000000000 0.00978400000000000 0.004711
57.4489800000000000 -0.0030810000000000 0.002823
57.5510200000000000 0.00117500000000000 0.003533
57.6530610000000000 -0.0019960000000000 0.002984
57.7551020000000000 -0.0010030000000000 0.003367
57.8571430000000000 -0.0009490000000000 0.003185
57.9591840000000000 0.00551500000000000 0.004199
58.0612240000000000 0.00454800000000000 0.004158
58.1632650000000000 0.00897900000000000 0.004725
58.2653060000000000 0.01414300000000000 0.005219
58.3673470000000000 0.01044600000000000 0.005031
58.4693880000000000 0.03667700000000000 0.007439
58.5714290000000000 0.02753900000000000 0.006603
58.6734690000000000 0.03970900000000000 0.007414
58.7755100000000000 0.04341900000000000 0.008119
58.8775510000000000 0.02588500000000000 0.006540
58.9795920000000000 0.02084300000000000 0.005753
59.0816330000000000 0.01864100000000000 0.005727
59.1836730000000000 0.02123500000000000 0.006285
59.2857140000000000 0.05436700000000000 0.008717
59.3877550000000000 0.08056200000000000 0.010760
59.4897960000000000 0.07240100000000000 0.010284
59.5918370000000000 0.10387100000000000 0.012008
59.6938780000000000 0.11278100000000000 0.012742
59.7959180000000000 0.12665400000000000 0.013280
59.8979590000000000 0.12289600000000000 0.012979
60.0000000000000000 0.12276200000000000 0.013386
