55.0000000000000000 0.26526800000000000 0.020239
55.1020410000000000 0.28153600000000000 0.020745
55.2040820000000000 0.25020700000000000 0.019166
55.3061220000000000 0.26309900000000000 0.020285
55.4081630000000000 0.25528900000000000 0.019857
55.5102040000000000 0.23815400000000000 0.018860
55.6122450000000000 0.22089000000000000 0.017418
55.7142860000000000 0.22079000000000000 0.018024
55.8163270000000000 0.22030900000000000 0.018063
55.9183670000000000 0.21280600000000000 0.017360
56.0204080000000000 0.24969400000000000 0.019270
56.1224490000000000 0.26502600000000000 0.020409
56.2244900000000000 0.25260300000000000 0.019667
56.3265310000000000 0.26933400000000000 0.020617
56.4285710000000000 0.26067700000000000 0.019930
56.5306120000000000 0.30594800000000000 0.022364
56.6326530000000000 0.28684700000000000 0.021247
56.7346940000000000 0.25928300000000000 0.020316
56.8367350000000000 0.26446500000000000 0.020025
56.9387760000000000 0.30505100000000000 0.022934
57.0408160000000000 0.26973100000000000 0.020314
57.1428570000000000 0.25821600000000000 0.019989
57.2448980000000000 0.27829400000000000 0.020801
57.3469390000000000 0.25908400000000000 0.020101
57.4489800000000000 0.26405200000000000 0.020251
57.5510200000000000 0.26908700000000000 0.020483
57.6530610000000000 0.28022600000000000 0.020923
57.7551020000000000 0.26339100000000000 0.020710
57.8571430000000000 0.28094900000000000 0.021019
57.9591840000000000 0.26372400000000000 0.020377
58.0612240000000000 0.28484700000000000 0.021645
58.1632650000000000 0.31254500000000000 0.022972
58.2653060000000000 0.27639000000000000 0.020978
58.3673470000000000 0.24564400000000000 0.020057
58.4693880000000000 0.28263100000000000 0.021538
58.5714290000000000 0.26777400000000000 0.020720
58.6734690000000000 0.25542200000000000 0.019640
58.7755100000000000 0.20522300000000000 0.017931
58.8775510000000000 0.15024000000000000 0.014853
58.9795920000000000 0.07786100000000000 0.010087
59.0816330000000000 0.07095100000000000 0.009902
59.1836730000000000 0.11623800000000000 0.013220
59.2857140000000000 0.20736100000000000 0.017622
59.3877550000000000 0.23578400000000000 0.019443
59.4897960000000000 0.29497800000000000 0.022494
59.5918370000000000 0.26878900000000000 0.020727
59.6938780000000000 0.28064800000000000 0.021610
59.7959180000000000 0.25860200000000000 0.020138
59.8979590000000000 0.27237100000000000 0.020681
60.0000000000000000 0.26470900000000000 0.020907
