55.0000000000000000 0.27055100000000000 0.020492
55.1020410000000000 0.25688500000000000 0.019577
55.2040820000000000 0.24919000000000000 0.019118
55.3061220000000000 0.25665900000000000 0.019973
55.4081630000000000 0.25528900000000000 0.019857
55.5102040000000000 0.27275900000000000 0.020528
55.6122450000000000 0.25899100000000000 0.019227
55.7142860000000000 0.22709500000000000 0.018335
55.8163270000000000 0.23936400000000000 0.019003
55.9183670000000000 0.23519600000000000 0.018453
56.0204080000000000 0.23731800000000000 0.018672
56.1224490000000000 0.25318000000000000 0.019834
56.2244900000000000 0.29822100000000000 0.021847
56.3265310000000000 0.24671900000000000 0.019518
56.4285710000000000 0.30044300000000000 0.021815
56.5306120000000000 0.28441000000000000 0.021341
56.6326530000000000 0.25416700000000000 0.019685
56.7346940000000000 0.27246100000000000 0.020958
56.8367350000000000 0.25409800000000000 0.019528
56.9387760000000000 0.27193100000000000 0.021319
57.0408160000000000 0.29992000000000000 0.021738
57.1428570000000000 0.28274600000000000 0.021167
57.2448980000000000 0.27304500000000000 0.020551
57.3469390000000000 0.27197800000000000 0.020724
57.4489800000000000 0.28001600000000000 0.021016
57.5510200000000000 0.26058200000000000 0.020073
57.6530610000000000 0.28654500000000000 0.021223
57.7551020000000000 0.27683500000000000 0.021368
57.8571430000000000 0.27776900000000000 0.020867
57.9591840000000000 0.28317100000000000 0.021314
58.0612240000000000 0.30035800000000000 0.022390
58.1632650000000000 0.27044400000000000 0.020946
58.2653060000000000 0.26020200000000000 0.020196
58.3673470000000000 0.27432700000000000 0.021483
58.4693880000000000 0.26712100000000000 0.020784
58.5714290000000000 0.22938100000000000 0.018827
58.6734690000000000 0.28668500000000000 0.021127
58.7755100000000000 0.20294400000000000 0.017812
58.8775510000000000 0.12335200000000000 0.013328
58.9795920000000000 0.07164100000000000 0.009682
59.0816330000000000 0.08511800000000000 0.010831
59.1836730000000000 0.10568200000000000 0.012576
59.2857140000000000 0.18348900000000000 0.016393
59.3877550000000000 0.22332100000000000 0.018811
59.4897960000000000 0.23876000000000000 0.019710
59.5918370000000000 0.25568300000000000 0.020088
59.6938780000000000 0.26149500000000000 0.020671
59.7959180000000000 0.25643900000000000 0.020033
59.8979590000000000 0.29052200000000000 0.021547
60.0000000000000000 0.26130300000000000 0.020738
