55.0000000000000000 0.27160700000000000 0.020543
55.1020410000000000 0.23223400000000000 0.018389
55.2040820000000000 0.26444000000000000 0.019843
55.3061220000000000 0.27920000000000000 0.021060
55.4081630000000000 0.29052200000000000 0.021547
55.5102040000000000 0.25283500000000000 0.019572
55.6122450000000000 0.25410600000000000 0.018998
55.7142860000000000 0.26387500000000000 0.020123
55.8163270000000000 0.20231200000000000 0.017160
55.9183670000000000 0.24028400000000000 0.018699
56.0204080000000000 0.24350600000000000 0.018972
56.1224490000000000 0.24887300000000000 0.019624
56.2244900000000000 0.28124700000000000 0.021043
56.3265310000000000 0.28333300000000000 0.021289
56.4285710000000000 0.26800200000000000 0.020281
56.5306120000000000 0.28225600000000000 0.021238
56.6326530000000000 0.25943800000000000 0.019939
56.7346940000000000 0.27355900000000000 0.021011
56.8367350000000000 0.28623600000000000 0.021056
56.9387760000000000 0.26279500000000000 0.020868
57.0408160000000000 0.29471500000000000 0.021494
57.1428570000000000 0.29234500000000000 0.021623
57.2448980000000000 0.28879200000000000 0.021298
57.3469390000000000 0.29561900000000000 0.021853
57.4489800000000000 0.29598000000000000 0.021774
57.5510200000000000 0.27227600000000000 0.020636
57.6530610000000000 0.27390800000000000 0.020622
57.7551020000000000 0.25106800000000000 0.020101
57.8571430000000000 0.27459000000000000 0.020716
57.9591840000000000 0.27236700000000000 0.020795
58.0612240000000000 0.28484700000000000 0.021645
58.1632650000000000 0.27598400000000000 0.021216
58.2653060000000000 0.26344000000000000 0.020353
58.3673470000000000 0.26400100000000000 0.020973
58.4693880000000000 0.27709200000000000 0.021269
58.5714290000000000 0.29410200000000000 0.021989
58.6734690000000000 0.23562200000000000 0.018681
58.7755100000000000 0.23940700000000000 0.019678
58.8775510000000000 0.16928500000000000 0.015893
58.9795920000000000 0.08926400000000000 0.010805
59.0816330000000000 0.07749000000000000 0.010337
59.1836730000000000 0.11741000000000000 0.013290
59.2857140000000000 0.19108500000000000 0.016788
59.3877550000000000 0.25278000000000000 0.020294
59.4897960000000000 0.25482200000000000 0.020516
59.5918370000000000 0.22947100000000000 0.018793
59.6938780000000000 0.23783600000000000 0.019494
59.7959180000000000 0.24346000000000000 0.019398
59.8979590000000000 0.26596500000000000 0.020373
60.0000000000000000 0.25108200000000000 0.020231
