55.0000000000000000 0.30752500000000000 0.022242
55.1020410000000000 0.30926800000000000 0.022039
55.2040820000000000 0.32645700000000000 0.022726
55.3061220000000000 0.31677000000000000 0.022840
55.4081630000000000 0.29692800000000000 0.021850
55.5102040000000000 0.29268300000000000 0.021471
55.6122450000000000 0.26289900000000000 0.019410
55.7142860000000000 0.25441700000000000 0.019668
55.8163270000000000 0.27006500000000000 0.020489
55.9183670000000000 0.28709900000000000 0.020918
56.0204080000000000 0.26310100000000000 0.019912
56.1224490000000000 0.30594800000000000 0.022364
56.2244900000000000 0.33959500000000000 0.023778
56.3265310000000000 0.30487100000000000 0.022313
56.4285710000000000 0.26591000000000000 0.020181
56.5306120000000000 0.29733200000000000 0.021956
56.6326530000000000 0.26787200000000000 0.020344
56.7346940000000000 0.29881700000000000 0.022226
56.8367350000000000 0.27068500000000000 0.020321
56.9387760000000000 0.31190400000000000 0.023264
57.0408160000000000 0.27701800000000000 0.020660
57.1428570000000000 0.26888100000000000 0.020503
57.2448980000000000 0.24050300000000000 0.018984
57.3469390000000000 0.25156200000000000 0.019735
57.4489800000000000 0.20658100000000000 0.017420
57.5510200000000000 0.18616200000000000 0.016369
57.6530610000000000 0.16228300000000000 0.015048
57.7551020000000000 0.13119400000000000 0.013781
57.8571430000000000 0.08383300000000000 0.010590
57.9591840000000000 0.04332800000000000 0.007862
58.0612240000000000 0.02559800000000000 0.006467
58.1632650000000000 0.00344000000000000 0.004005
58.2653060000000000 0.00658800000000000 0.004334
58.3673470000000000 0.00471000000000000 0.004306
58.4693880000000000 -0.0021000000000000 0.003140
58.5714290000000000 0.00230900000000000 0.003808
58.6734690000000000 -0.0030170000000000 0.002764
58.7755100000000000 -0.0032990000000000 0.003022
58.8775510000000000 0.00235800000000000 0.003890
58.9795920000000000 0.00010900000000000 0.003284
59.0816330000000000 -0.0020650000000000 0.003088
59.1836730000000000 -0.0010500000000000 0.003525
59.2857140000000000 0.00445400000000000 0.004072
59.3877550000000000 0.00578400000000000 0.004404
59.4897960000000000 0.01733000000000000 0.005795
59.5918370000000000 0.02960300000000000 0.006770
59.6938780000000000 0.04969000000000000 0.008553
59.7959180000000000 0.04878300000000000 0.008286
59.8979590000000000 0.06417300000000000 0.009331
60.0000000000000000 0.07279600000000000 0.010253
