55.0000000000000000 0.32759600000000000 0.023177
55.1020410000000000 0.34624300000000000 0.023736
55.2040820000000000 0.36102300000000000 0.024296
55.3061220000000000 0.34038500000000000 0.023941
55.4081630000000000 0.32575600000000000 0.023204
55.5102040000000000 0.30526700000000000 0.022061
55.6122450000000000 0.30295300000000000 0.021257
55.7142860000000000 0.24285800000000000 0.019108
55.8163270000000000 0.24465700000000000 0.019262
55.9183670000000000 0.20466500000000000 0.016957
56.0204080000000000 0.22287900000000000 0.017967
56.1224490000000000 0.22518100000000000 0.018454
56.2244900000000000 0.21441100000000000 0.017787
56.3265310000000000 0.14333800000000000 0.014185
56.4285710000000000 0.13719500000000000 0.013647
56.5306120000000000 0.09057100000000000 0.011106
56.6326530000000000 0.05914500000000000 0.008916
56.7346940000000000 0.02647100000000000 0.006511
56.8367350000000000 0.01669600000000000 0.005341
56.9387760000000000 0.00468800000000000 0.004286
57.0408160000000000 0.00010900000000000 0.003298
57.1428570000000000 0.00011200000000000 0.003379
57.2448980000000000 0.00011000000000000 0.003326
57.3469390000000000 0.00118700000000000 0.003571
57.4489800000000000 -0.0041450000000000 0.002616
57.5510200000000000 -0.0009520000000000 0.003195
57.6530610000000000 -0.0009430000000000 0.003165
57.7551020000000000 -0.0010030000000000 0.003367
57.8571430000000000 -0.0030680000000000 0.002811
57.9591840000000000 -0.0020470000000000 0.003062
58.0612240000000000 -0.0021000000000000 0.003140
58.1632650000000000 0.00011600000000000 0.003510
58.2653060000000000 -0.0009660000000000 0.003243
58.3673470000000000 0.00356200000000000 0.004147
58.4693880000000000 0.00122400000000000 0.003682
58.5714290000000000 0.00340600000000000 0.003965
58.6734690000000000 0.00323600000000000 0.003767
58.7755100000000000 0.00353800000000000 0.004119
58.8775510000000000 0.00908000000000000 0.004778
58.9795920000000000 -0.0009280000000000 0.003116
59.0816330000000000 0.00883300000000000 0.004648
59.1836730000000000 0.01771600000000000 0.005925
59.2857140000000000 0.02615500000000000 0.006432
59.3877550000000000 0.06243400000000000 0.009520
59.4897960000000000 0.04371800000000000 0.008175
59.5918370000000000 0.05909200000000000 0.009091
59.6938780000000000 0.07560200000000000 0.010398
59.7959180000000000 0.07906600000000000 0.010398
59.8979590000000000 0.07485000000000000 0.010051
60.0000000000000000 0.08869400000000000 0.011303
