55.0000000000000000 0.29062200000000000 0.021447
55.1020410000000000 0.26304800000000000 0.019871
55.2040820000000000 0.27054000000000000 0.020131
55.3061220000000000 0.24807100000000000 0.019555
55.4081630000000000 0.19763400000000000 0.016992
55.5102040000000000 0.17733200000000000 0.015805
55.6122450000000000 0.17692800000000000 0.015252
55.7142860000000000 0.15563700000000000 0.014678
55.8163270000000000 0.10385800000000000 0.011814
55.9183670000000000 0.08864700000000000 0.010663
56.0204080000000000 0.11046200000000000 0.012042
56.1224490000000000 0.08518700000000000 0.010767
56.2244900000000000 0.05739900000000000 0.008824
56.3265310000000000 0.04965000000000000 0.008331
56.4285710000000000 0.02941100000000000 0.006575
56.5306120000000000 0.01734300000000000 0.005549
56.6326530000000000 0.00538100000000000 0.004097
56.7346940000000000 0.00011500000000000 0.003479
56.8367350000000000 0.00010900000000000 0.003284
56.9387760000000000 0.00468800000000000 0.004286
57.0408160000000000 0.00531400000000000 0.004046
57.1428570000000000 -0.0041540000000000 0.002621
57.2448980000000000 0.00430900000000000 0.003940
57.3469390000000000 0.00011300000000000 0.003404
57.4489800000000000 -0.0052100000000000 0.002392
57.5510200000000000 -0.0009520000000000 0.003195
57.6530610000000000 0.00221700000000000 0.003656
57.7551020000000000 0.00123800000000000 0.003723
57.8571430000000000 -0.0041280000000000 0.002605
57.9591840000000000 0.00551500000000000 0.004199
58.0612240000000000 -0.0054230000000000 0.002490
58.1632650000000000 -0.0032070000000000 0.002939
58.2653060000000000 -0.0063620000000000 0.002176
58.3673470000000000 0.00012000000000000 0.003635
58.4693880000000000 -0.0032070000000000 0.002939
58.5714290000000000 0.00121200000000000 0.003645
58.6734690000000000 -0.0009330000000000 0.003132
58.7755100000000000 0.00125900000000000 0.003787
58.8775510000000000 0.00011800000000000 0.003549
58.9795920000000000 0.00321900000000000 0.003747
59.0816330000000000 0.00120400000000000 0.003621
59.1836730000000000 0.00129600000000000 0.003898
59.2857140000000000 0.00228400000000000 0.003767
59.3877550000000000 -0.0055460000000000 0.002547
59.4897960000000000 0.00585700000000000 0.004459
59.5918370000000000 -0.0020700000000000 0.003095
59.6938780000000000 0.01363800000000000 0.005326
59.7959180000000000 0.01417400000000000 0.005231
59.8979590000000000 0.02039800000000000 0.005823
60.0000000000000000 0.02056000000000000 0.006083
