55.0000000000000000 0.31492000000000000 0.022587
55.1020410000000000 0.31337600000000000 0.022229
55.2040820000000000 0.28477300000000000 0.020799
55.3061220000000000 0.31355000000000000 0.022688
55.4081630000000000 0.26916800000000000 0.020527
55.5102040000000000 0.30421900000000000 0.022012
55.6122450000000000 0.24824500000000000 0.018722
55.7142860000000000 0.23655200000000000 0.018800
55.8163270000000000 0.21395700000000000 0.017746
55.9183670000000000 0.22094800000000000 0.017760
56.0204080000000000 0.21772200000000000 0.017713
56.1224490000000000 0.24995000000000000 0.019676
56.2244900000000000 0.20274100000000000 0.017199
56.3265310000000000 0.15626100000000000 0.014890
56.4285710000000000 0.09952300000000000 0.011485
56.5306120000000000 0.06149500000000000 0.009189
56.6326530000000000 0.01697700000000000 0.005432
56.7346940000000000 0.00341000000000000 0.003970
56.8367350000000000 0.00321900000000000 0.003747
56.9387760000000000 -0.0101590000000000 0.001213
57.0408160000000000 0.00115000000000000 0.003459
57.1428570000000000 -0.0020210000000000 0.003023
57.2448980000000000 0.00011000000000000 0.003326
57.3469390000000000 -0.0041860000000000 0.002641
57.4489800000000000 0.00224000000000000 0.003695
57.5510200000000000 -0.0009520000000000 0.003195
57.6530610000000000 0.00432300000000000 0.003952
57.7551020000000000 0.01132100000000000 0.005043
57.8571430000000000 0.03084400000000000 0.006752
57.9591840000000000 0.04873000000000000 0.008277
58.0612240000000000 0.07545400000000000 0.010294
58.1632650000000000 0.07877700000000000 0.010514
58.2653060000000000 0.08968700000000000 0.011063
58.3673470000000000 0.10337800000000000 0.012290
58.4693880000000000 0.12530900000000000 0.013366
58.5714290000000000 0.11529600000000000 0.012716
58.6734690000000000 0.14183400000000000 0.013873
58.7755100000000000 0.14483100000000000 0.014677
58.8775510000000000 0.08974300000000000 0.011288
58.9795920000000000 0.04157600000000000 0.007538
59.0816330000000000 0.06877100000000000 0.009754
59.1836730000000000 0.07166800000000000 0.010358
59.2857140000000000 0.14876700000000000 0.014538
59.3877550000000000 0.16553800000000000 0.015778
59.4897960000000000 0.18942600000000000 0.017161
59.5918370000000000 0.19342900000000000 0.016962
59.6938780000000000 0.23558300000000000 0.019380
59.7959180000000000 0.21101400000000000 0.017780
59.8979590000000000 0.23073200000000000 0.018654
60.0000000000000000 0.19543900000000000 0.017391
