55.0000000000000000 0.23991500000000000 0.019011
55.1020410000000000 0.27537300000000000 0.020455
55.2040820000000000 0.26444000000000000 0.019843
55.3061220000000000 0.28242100000000000 0.021214
55.4081630000000000 0.24247600000000000 0.019232
55.5102040000000000 0.25807800000000000 0.019825
55.6122450000000000 0.24824500000000000 0.018722
55.7142860000000000 0.22604400000000000 0.018284
55.8163270000000000 0.21713300000000000 0.017905
55.9183670000000000 0.22298300000000000 0.017860
56.0204080000000000 0.26722700000000000 0.020108
56.1224490000000000 0.27256400000000000 0.020773
56.2244900000000000 0.28124700000000000 0.021043
56.3265310000000000 0.30702400000000000 0.022414
56.4285710000000000 0.25335200000000000 0.019578
56.5306120000000000 0.24779600000000000 0.019571
56.6326530000000000 0.29633500000000000 0.021695
56.7346940000000000 0.30650400000000000 0.022592
56.8367350000000000 0.27379500000000000 0.020468
56.9387760000000000 0.25708500000000000 0.020584
57.0408160000000000 0.25619700000000000 0.019667
57.1428570000000000 0.26568200000000000 0.020349
57.2448980000000000 0.29509000000000000 0.021595
57.3469390000000000 0.26553100000000000 0.020413
57.4489800000000000 0.26405200000000000 0.020251
57.5510200000000000 0.26908700000000000 0.020483
57.6530610000000000 0.29496900000000000 0.021620
57.7551020000000000 0.28019600000000000 0.021531
57.8571430000000000 0.25339500000000000 0.019696
57.9591840000000000 0.27668900000000000 0.021003
58.0612240000000000 0.26712100000000000 0.020784
58.1632650000000000 0.26047300000000000 0.020459
58.2653060000000000 0.27639000000000000 0.020978
58.3673470000000000 0.26859000000000000 0.021200
58.4693880000000000 0.25825700000000000 0.020350
58.5714290000000000 0.26229000000000000 0.020453
58.6734690000000000 0.23458000000000000 0.018630
58.7755100000000000 0.21319900000000000 0.018344
58.8775510000000000 0.17152600000000000 0.016013
58.9795920000000000 0.08615400000000000 0.010612
59.0816330000000000 0.08511800000000000 0.010831
59.1836730000000000 0.11741000000000000 0.013290
59.2857140000000000 0.19217000000000000 0.016844
59.3877550000000000 0.22672000000000000 0.018984
59.4897960000000000 0.23876000000000000 0.019710
59.5918370000000000 0.28407900000000000 0.021465
59.6938780000000000 0.22995000000000000 0.019097
59.7959180000000000 0.24994900000000000 0.019716
59.8979590000000000 0.27877800000000000 0.020988
60.0000000000000000 0.28628600000000000 0.021965
