55.0000000000000000 0.27160700000000000 0.020543
55.1020410000000000 0.26818300000000000 0.020115
55.2040820000000000 0.26952300000000000 0.020083
55.3061220000000000 0.22553000000000000 0.018443
55.4081630000000000 0.21685200000000000 0.017963
55.5102040000000000 0.16474800000000000 0.015147
55.6122450000000000 0.15543600000000000 0.014151
55.7142860000000000 0.13567000000000000 0.013591
55.8163270000000000 0.07950900000000000 0.010307
55.9183670000000000 0.07948700000000000 0.010091
56.0204080000000000 0.04342500000000000 0.007659
56.1224490000000000 0.03457300000000000 0.007138
56.2244900000000000 0.01602500000000000 0.005356
56.3265310000000000 0.00119000000000000 0.003579
56.4285710000000000 0.00115600000000000 0.003477
56.5306120000000000 -0.0020410000000000 0.003052
56.6326530000000000 -0.0019980000000000 0.002988
56.7346940000000000 0.00231200000000000 0.003813
56.8367350000000000 0.00114500000000000 0.003445
56.9387760000000000 0.00012000000000000 0.003618
57.0408160000000000 -0.0009320000000000 0.003129
57.1428570000000000 0.00117800000000000 0.003544
57.2448980000000000 -0.0051390000000000 0.002359
57.3469390000000000 0.00118700000000000 0.003571
57.4489800000000000 -0.0020170000000000 0.003016
57.5510200000000000 0.00117500000000000 0.003533
57.6530610000000000 -0.0030490000000000 0.002793
57.7551020000000000 0.00347800000000000 0.004050
57.8571430000000000 0.00117100000000000 0.003522
57.9591840000000000 0.00335400000000000 0.003905
58.0612240000000000 -0.0009920000000000 0.003330
58.1632650000000000 0.00011600000000000 0.003510
58.2653060000000000 0.00227200000000000 0.003747
58.3673470000000000 0.01044600000000000 0.005031
58.4693880000000000 0.01341100000000000 0.005237
58.5714290000000000 0.03412100000000000 0.007180
58.6734690000000000 0.03449800000000000 0.006991
58.7755100000000000 0.02290900000000000 0.006328
58.8775510000000000 0.02812500000000000 0.006745
58.9795920000000000 0.00943900000000000 0.004545
59.0816330000000000 0.02300000000000000 0.006155
59.1836730000000000 0.04117400000000000 0.008076
59.2857140000000000 0.06087700000000000 0.009184
59.3877550000000000 0.07603000000000000 0.010459
59.4897960000000000 0.08043200000000000 0.010825
59.5918370000000000 0.07329000000000000 0.010071
59.6938780000000000 0.10264100000000000 0.012128
59.7959180000000000 0.12773500000000000 0.013342
59.8979590000000000 0.10688000000000000 0.012047
60.0000000000000000 0.10005000000000000 0.012019
