55.0000000000000000 0.23146400000000000 0.018597
55.1020410000000000 0.24147800000000000 0.018837
55.2040820000000000 0.27562300000000000 0.020371
55.3061220000000000 0.25880500000000000 0.020077
55.4081630000000000 0.26810100000000000 0.020476
55.5102040000000000 0.26227300000000000 0.020026
55.6122450000000000 0.23359100000000000 0.018027
55.7142860000000000 0.20712900000000000 0.017342
55.8163270000000000 0.22030900000000000 0.018063
55.9183670000000000 0.22196600000000000 0.017810
56.0204080000000000 0.25588200000000000 0.019567
56.1224490000000000 0.27256400000000000 0.020773
56.2244900000000000 0.27275900000000000 0.020638
56.3265310000000000 0.24887300000000000 0.019624
56.4285710000000000 0.26067700000000000 0.019930
56.5306120000000000 0.27794900000000000 0.021032
56.6326530000000000 0.30582200000000000 0.022141
56.7346940000000000 0.28234500000000000 0.021436
56.8367350000000000 0.27483200000000000 0.020517
56.9387760000000000 0.26393700000000000 0.020924
57.0408160000000000 0.29471500000000000 0.021494
57.1428570000000000 0.27528100000000000 0.020810
57.2448980000000000 0.28564200000000000 0.021149
57.3469390000000000 0.29239500000000000 0.021700
57.4489800000000000 0.24915200000000000 0.019529
57.5510200000000000 0.26483400000000000 0.020278
57.6530610000000000 0.25495300000000000 0.019713
57.7551020000000000 0.26563200000000000 0.020820
57.8571430000000000 0.29366600000000000 0.021622
57.9591840000000000 0.24535800000000000 0.019481
58.0612240000000000 0.26047300000000000 0.020459
58.1632650000000000 0.26601300000000000 0.020730
58.2653060000000000 0.25696400000000000 0.020038
58.3673470000000000 0.23876000000000000 0.019710
58.4693880000000000 0.26379700000000000 0.020622
58.5714290000000000 0.25680500000000000 0.020184
58.6734690000000000 0.25959100000000000 0.019840
58.7755100000000000 0.24168600000000000 0.019793
58.8775510000000000 0.14015700000000000 0.014290
58.9795920000000000 0.08097100000000000 0.010286
59.0816330000000000 0.07204100000000000 0.009975
59.1836730000000000 0.09981700000000000 0.012210
59.2857140000000000 0.17480900000000000 0.015937
59.3877550000000000 0.21199100000000000 0.018231
59.4897960000000000 0.25826400000000000 0.020688
59.5918370000000000 0.24257700000000000 0.019444
59.6938780000000000 0.24459600000000000 0.019832
59.7959180000000000 0.24454200000000000 0.019451
59.8979590000000000 0.29799600000000000 0.021901
60.0000000000000000 0.28855700000000000 0.022075
