55.0000000000000000 0.26526800000000000 0.020239
55.1020410000000000 0.28872500000000000 0.021083
55.2040820000000000 0.27155700000000000 0.020179
55.3061220000000000 0.27598000000000000 0.020906
55.4081630000000000 0.27023600000000000 0.020578
55.5102040000000000 0.27485600000000000 0.020627
55.6122450000000000 0.24238300000000000 0.018445
55.7142860000000000 0.24811200000000000 0.019363
55.8163270000000000 0.22348400000000000 0.018221
55.9183670000000000 0.23010700000000000 0.018207
56.0204080000000000 0.25175700000000000 0.019369
56.1224490000000000 0.24995000000000000 0.019676
56.2244900000000000 0.27382000000000000 0.020689
56.3265310000000000 0.27471800000000000 0.020876
56.4285710000000000 0.29416400000000000 0.021520
56.5306120000000000 0.27148700000000000 0.020721
56.6326530000000000 0.28157600000000000 0.020997
56.7346940000000000 0.32078100000000000 0.023269
56.8367350000000000 0.28208900000000000 0.020860
56.9387760000000000 0.24794800000000000 0.020128
57.0408160000000000 0.26452500000000000 0.020066
57.1428570000000000 0.29767800000000000 0.021875
57.2448980000000000 0.30558800000000000 0.022087
57.3469390000000000 0.25371100000000000 0.019840
57.4489800000000000 0.28959400000000000 0.021471
57.5510200000000000 0.28503400000000000 0.021244
57.6530610000000000 0.27917300000000000 0.020873
57.7551020000000000 0.30596300000000000 0.022775
57.8571430000000000 0.27353000000000000 0.020665
57.9591840000000000 0.27668900000000000 0.021003
58.0612240000000000 0.26047300000000000 0.020459
58.1632650000000000 0.26601300000000000 0.020730
58.2653060000000000 0.29257800000000000 0.021752
58.3673470000000000 0.24334900000000000 0.019941
58.4693880000000000 0.27266000000000000 0.021054
58.5714290000000000 0.26119300000000000 0.020399
58.6734690000000000 0.28876900000000000 0.021225
58.7755100000000000 0.21661700000000000 0.018519
58.8775510000000000 0.14015700000000000 0.014290
58.9795920000000000 0.06749400000000000 0.009406
59.0816330000000000 0.06550200000000000 0.009530
59.1836730000000000 0.12679300000000000 0.013848
59.2857140000000000 0.18348900000000000 0.016393
59.3877550000000000 0.20632600000000000 0.017939
59.4897960000000000 0.25941200000000000 0.020745
59.5918370000000000 0.27097300000000000 0.020832
59.6938780000000000 0.25135600000000000 0.020169
59.7959180000000000 0.26400900000000000 0.020401
59.8979590000000000 0.29586100000000000 0.021800
60.0000000000000000 0.23291300000000000 0.019319
