55.0000000000000000 0.28745300000000000 0.021297
55.1020410000000000 0.26099300000000000 0.019773
55.2040820000000000 0.28070700000000000 0.020609
55.3061220000000000 0.25021800000000000 0.019660
55.4081630000000000 0.25955900000000000 0.020064
55.5102040000000000 0.25178600000000000 0.019522
55.6122450000000000 0.25606000000000000 0.019090
55.7142860000000000 0.21448500000000000 0.017710
55.8163270000000000 0.22454300000000000 0.018273
55.9183670000000000 0.24130200000000000 0.018748
56.0204080000000000 0.26722700000000000 0.020108
56.1224490000000000 0.25641100000000000 0.019991
56.2244900000000000 0.28655100000000000 0.021295
56.3265310000000000 0.27256400000000000 0.020773
56.4285710000000000 0.28265300000000000 0.020977
56.5306120000000000 0.26502600000000000 0.020409
56.6326530000000000 0.26049200000000000 0.019990
56.7346940000000000 0.27246100000000000 0.020958
56.8367350000000000 0.29141900000000000 0.021299
56.9387760000000000 0.26279500000000000 0.020868
57.0408160000000000 0.30200200000000000 0.021835
57.1428570000000000 0.26994800000000000 0.020554
57.2448980000000000 0.28879200000000000 0.021298
57.3469390000000000 0.26338200000000000 0.020309
57.4489800000000000 0.26830900000000000 0.020455
57.5510200000000000 0.29247600000000000 0.021597
57.6530610000000000 0.25600600000000000 0.019764
57.7551020000000000 0.28803800000000000 0.021912
57.8571430000000000 0.22266200000000000 0.018189
57.9591840000000000 0.27560800000000000 0.020951
58.0612240000000000 0.27266000000000000 0.021054
58.1632650000000000 0.25382600000000000 0.020132
58.2653060000000000 0.28502400000000000 0.021391
58.3673470000000000 0.26859000000000000 0.021200
58.4693880000000000 0.22723600000000000 0.018808
58.5714290000000000 0.24912600000000000 0.019807
58.6734690000000000 0.24291700000000000 0.019036
58.7755100000000000 0.21206000000000000 0.018285
58.8775510000000000 0.13007400000000000 0.013717
58.9795920000000000 0.09341100000000000 0.011060
59.0816330000000000 0.07966900000000000 0.010479
59.1836730000000000 0.09864400000000000 0.012136
59.2857140000000000 0.18674400000000000 0.016562
59.3877550000000000 0.22445400000000000 0.018869
59.4897960000000000 0.25367500000000000 0.020459
59.5918370000000000 0.24366900000000000 0.019498
59.6938780000000000 0.25135600000000000 0.020169
59.7959180000000000 0.27049900000000000 0.020715
59.8979590000000000 0.26916800000000000 0.020527
60.0000000000000000 0.24199800000000000 0.019776
