55.0000000000000000 0.29801700000000000 0.021795
55.1020410000000000 0.27537300000000000 0.020455
55.2040820000000000 0.28985700000000000 0.021037
55.3061220000000000 0.28242100000000000 0.021214
55.4081630000000000 0.26596500000000000 0.020373
55.5102040000000000 0.23186200000000000 0.018552
55.6122450000000000 0.23066000000000000 0.017887
55.7142860000000000 0.18506100000000000 0.016221
55.8163270000000000 0.17796300000000000 0.015911
55.9183670000000000 0.15785000000000000 0.014565
56.0204080000000000 0.13830900000000000 0.013609
56.1224490000000000 0.10349400000000000 0.011898
56.2244900000000000 0.04254700000000000 0.007717
56.3265310000000000 0.01303600000000000 0.005090
56.4285710000000000 0.00743500000000000 0.004334
56.5306120000000000 0.00119000000000000 0.003579
56.6326530000000000 0.00011100000000000 0.003340
56.7346940000000000 -0.0020810000000000 0.003112
56.8367350000000000 -0.0009280000000000 0.003116
56.9387760000000000 -0.0021640000000000 0.003237
57.0408160000000000 0.00115000000000000 0.003459
57.1428570000000000 -0.0062870000000000 0.002150
57.2448980000000000 0.00430900000000000 0.003940
57.3469390000000000 0.00333600000000000 0.003884
57.4489800000000000 0.00969000000000000 0.004666
57.5510200000000000 0.01818500000000000 0.005586
57.6530610000000000 0.03380900000000000 0.006978
57.7551020000000000 0.04941100000000000 0.008504
57.8571430000000000 0.06687600000000000 0.009478
57.9591840000000000 0.08870400000000000 0.011008
58.0612240000000000 0.11644600000000000 0.012849
58.1632650000000000 0.10536700000000000 0.012188
58.2653060000000000 0.10587500000000000 0.012054
58.3673470000000000 0.12173500000000000 0.013396
58.4693880000000000 0.13638800000000000 0.013998
58.5714290000000000 0.16027200000000000 0.015245
58.6734690000000000 0.15746500000000000 0.014715
58.7755100000000000 0.11976300000000000 0.013233
58.8775510000000000 0.08974300000000000 0.011288
58.9795920000000000 0.04987000000000000 0.008168
59.0816330000000000 0.03498800000000000 0.007224
59.1836730000000000 0.09747200000000000 0.012062
59.2857140000000000 0.12706600000000000 0.013325
59.3877550000000000 0.17800100000000000 0.016450
59.4897960000000000 0.17451100000000000 0.016364
59.5918370000000000 0.20981200000000000 0.017802
59.6938780000000000 0.19840400000000000 0.017479
59.7959180000000000 0.19695400000000000 0.017063
59.8979590000000000 0.20617500000000000 0.017426
60.0000000000000000 0.19543900000000000 0.017391
