55.0000000000000000 0.20399700000000000 0.017228
55.1020410000000000 0.21785500000000000 0.017685
55.2040820000000000 0.16989000000000000 0.015186
55.3061220000000000 0.16005100000000000 0.015070
55.4081630000000000 0.13036900000000000 0.013403
55.5102040000000000 0.11021800000000000 0.012131
55.6122450000000000 0.08118800000000000 0.009980
55.7142860000000000 0.04845000000000000 0.008125
55.8163270000000000 0.04669100000000000 0.008027
55.9183670000000000 0.01028400000000000 0.004580
56.0204080000000000 0.01454700000000000 0.005098
56.1224490000000000 0.00765100000000000 0.004460
56.2244900000000000 -0.0009500000000000 0.003188
56.3265310000000000 -0.0031180000000000 0.002856
56.4285710000000000 -0.0009370000000000 0.003145
56.5306120000000000 0.00011300000000000 0.003411
56.6326530000000000 -0.0030520000000000 0.002796
56.7346940000000000 -0.0031790000000000 0.002913
56.8367350000000000 0.00632900000000000 0.004163
56.9387760000000000 0.00126200000000000 0.003795
57.0408160000000000 -0.0009320000000000 0.003129
57.1428570000000000 0.00011200000000000 0.003379
57.2448980000000000 0.00116000000000000 0.003488
57.3469390000000000 -0.0020360000000000 0.003045
57.4489800000000000 0.00436900000000000 0.003994
57.5510200000000000 0.00223800000000000 0.003691
57.6530610000000000 -0.0019960000000000 0.002984
57.7551020000000000 0.00011800000000000 0.003549
57.8571430000000000 -0.0030680000000000 0.002811
57.9591840000000000 0.00011300000000000 0.003423
58.0612240000000000 0.00122400000000000 0.003682
58.1632650000000000 -0.0009920000000000 0.003330
58.2653060000000000 -0.0042040000000000 0.002652
58.3673470000000000 -0.0010270000000000 0.003448
58.4693880000000000 -0.0009920000000000 0.003330
58.5714290000000000 -0.0009820000000000 0.003297
58.6734690000000000 -0.0051010000000000 0.002342
58.7755100000000000 0.00467700000000000 0.004276
58.8775510000000000 0.00459900000000000 0.004205
58.9795920000000000 0.00632900000000000 0.004163
59.0816330000000000 0.00120400000000000 0.003621
59.1836730000000000 0.00716000000000000 0.004711
59.2857140000000000 0.01205000000000000 0.005008
59.3877550000000000 0.01824700000000000 0.005840
59.4897960000000000 0.02077200000000000 0.006147
59.5918370000000000 0.03506400000000000 0.007240
59.6938780000000000 0.02490400000000000 0.006471
59.7959180000000000 0.02390700000000000 0.006210
59.8979590000000000 0.03107500000000000 0.006803
60.0000000000000000 0.05235600000000000 0.008794
