55.0000000000000000 0.25998600000000000 0.019985
55.1020410000000000 0.25791200000000000 0.019626
55.2040820000000000 0.29697300000000000 0.021368
55.3061220000000000 0.27276000000000000 0.020751
55.4081630000000000 0.26062700000000000 0.020115
55.5102040000000000 0.27485600000000000 0.020627
55.6122450000000000 0.26094500000000000 0.019318
55.7142860000000000 0.23760300000000000 0.018851
55.8163270000000000 0.21289800000000000 0.017693
55.9183670000000000 0.20364700000000000 0.016906
56.0204080000000000 0.24969400000000000 0.019270
56.1224490000000000 0.28010200000000000 0.021135
56.2244900000000000 0.26851600000000000 0.020435
56.3265310000000000 0.27687200000000000 0.020980
56.4285710000000000 0.24393400000000000 0.019122
56.5306120000000000 0.28441000000000000 0.021341
56.6326530000000000 0.26260100000000000 0.020091
56.7346940000000000 0.25159600000000000 0.019939
56.8367350000000000 0.26135500000000000 0.019876
56.9387760000000000 0.26850500000000000 0.021150
57.0408160000000000 0.28951000000000000 0.021250
57.1428570000000000 0.27954700000000000 0.021014
57.2448980000000000 0.28669200000000000 0.021199
57.3469390000000000 0.25908400000000000 0.020101
57.4489800000000000 0.25660200000000000 0.019891
57.5510200000000000 0.27759200000000000 0.020890
57.6530610000000000 0.28338600000000000 0.021073
57.7551020000000000 0.25554900000000000 0.020323
57.8571430000000000 0.28412800000000000 0.021170
57.9591840000000000 0.28425100000000000 0.021365
58.0612240000000000 0.24607100000000000 0.019749
58.1632650000000000 0.27598400000000000 0.021216
58.2653060000000000 0.26451900000000000 0.020405
58.3673470000000000 0.23990700000000000 0.019768
58.4693880000000000 0.27487600000000000 0.021162
58.5714290000000000 0.23267200000000000 0.018992
58.6734690000000000 0.26480100000000000 0.020089
58.7755100000000000 0.24168600000000000 0.019793
58.8775510000000000 0.14127700000000000 0.014353
58.9795920000000000 0.08304400000000000 0.010417
59.0816330000000000 0.06986100000000000 0.009828
59.1836730000000000 0.10685500000000000 0.012648
59.2857140000000000 0.18674400000000000 0.016562
59.3877550000000000 0.25731200000000000 0.020519
59.4897960000000000 0.24908600000000000 0.020229
59.5918370000000000 0.28189500000000000 0.021360
59.6938780000000000 0.24346900000000000 0.019776
59.7959180000000000 0.28131400000000000 0.021235
59.8979590000000000 0.28518400000000000 0.021293
60.0000000000000000 0.29082800000000000 0.022186
