55.0000000000000000 0.26843800000000000 0.020391
55.1020410000000000 0.26510200000000000 0.019969
55.2040820000000000 0.28375700000000000 0.020752
55.3061220000000000 0.25558500000000000 0.019921
55.4081630000000000 0.21685200000000000 0.017963
55.5102040000000000 0.22557000000000000 0.018242
55.6122450000000000 0.18865100000000000 0.015840
55.7142860000000000 0.15878900000000000 0.014846
55.8163270000000000 0.14196900000000000 0.013990
55.9183670000000000 0.12630200000000000 0.012858
56.0204080000000000 0.09499200000000000 0.011126
56.1224490000000000 0.06903300000000000 0.009708
56.2244900000000000 0.04254700000000000 0.007717
56.3265310000000000 0.01626600000000000 0.005438
56.4285710000000000 0.00848100000000000 0.004462
56.5306120000000000 0.00011300000000000 0.003411
56.6326530000000000 -0.0030520000000000 0.002796
56.7346940000000000 0.00121300000000000 0.003649
56.8367350000000000 0.00010900000000000 0.003284
56.9387760000000000 -0.0033060000000000 0.003029
57.0408160000000000 -0.0030140000000000 0.002761
57.1428570000000000 0.00544500000000000 0.004145
57.2448980000000000 0.00640900000000000 0.004216
57.3469390000000000 -0.0020360000000000 0.003045
57.4489800000000000 0.00011200000000000 0.003372
57.5510200000000000 -0.0041410000000000 0.002613
57.6530610000000000 0.00221700000000000 0.003656
57.7551020000000000 0.00347800000000000 0.004050
57.8571430000000000 0.00117100000000000 0.003522
57.9591840000000000 0.01956000000000000 0.005786
58.0612240000000000 0.01451900000000000 0.005359
58.1632650000000000 0.02670600000000000 0.006569
58.2653060000000000 0.03896500000000000 0.007509
58.3673470000000000 0.04830700000000000 0.008537
58.4693880000000000 0.05440300000000000 0.008823
58.5714290000000000 0.05276900000000000 0.008653
58.6734690000000000 0.09389800000000000 0.011120
58.7755100000000000 0.06734800000000000 0.009897
58.8775510000000000 0.06845700000000000 0.009881
58.9795920000000000 0.03639300000000000 0.007125
59.0816330000000000 0.03498800000000000 0.007224
59.1836730000000000 0.05759400000000000 0.009352
59.2857140000000000 0.08800400000000000 0.010989
59.3877550000000000 0.10888800000000000 0.012545
59.4897960000000000 0.14123900000000000 0.014524
59.5918370000000000 0.11806900000000000 0.012850
59.6938780000000000 0.13306000000000000 0.013927
59.7959180000000000 0.14828500000000000 0.014488
59.8979590000000000 0.15172300000000000 0.014582
60.0000000000000000 0.16591400000000000 0.015816
