55.0000000000000000 0.25153500000000000 0.019577
55.1020410000000000 0.23839700000000000 0.018688
55.2040820000000000 0.26342300000000000 0.019795
55.3061220000000000 0.27920000000000000 0.021060
55.4081630000000000 0.27877800000000000 0.020988
55.5102040000000000 0.28429400000000000 0.021075
55.6122450000000000 0.25801400000000000 0.019181
55.7142860000000000 0.22394200000000000 0.018180
55.8163270000000000 0.22242600000000000 0.018168
55.9183670000000000 0.25758500000000000 0.019527
56.0204080000000000 0.30435500000000000 0.021852
56.1224490000000000 0.28548700000000000 0.021392
56.2244900000000000 0.25684600000000000 0.019873
56.3265310000000000 0.28117900000000000 0.021186
56.4285710000000000 0.27532800000000000 0.020630
56.5306120000000000 0.27041000000000000 0.020669
56.6326530000000000 0.27735900000000000 0.020797
56.7346940000000000 0.25598900000000000 0.020155
56.8367350000000000 0.28208900000000000 0.020860
56.9387760000000000 0.29477300000000000 0.022436
57.0408160000000000 0.26868900000000000 0.020265
57.1428570000000000 0.26994800000000000 0.020554
57.2448980000000000 0.27724400000000000 0.020751
57.3469390000000000 0.27197800000000000 0.020724
57.4489800000000000 0.26085900000000000 0.020097
57.5510200000000000 0.27652900000000000 0.020839
57.6530610000000000 0.26759000000000000 0.020321
57.7551020000000000 0.27795500000000000 0.021422
57.8571430000000000 0.29578500000000000 0.021722
57.9591840000000000 0.27993000000000000 0.021158
58.0612240000000000 0.27930800000000000 0.021377
58.1632650000000000 0.26158100000000000 0.020513
58.2653060000000000 0.30337000000000000 0.022264
58.3673470000000000 0.26400100000000000 0.020973
58.4693880000000000 0.30700500000000000 0.022708
58.5714290000000000 0.26887100000000000 0.020773
58.6734690000000000 0.23458000000000000 0.018630
58.7755100000000000 0.21547800000000000 0.018461
58.8775510000000000 0.12783300000000000 0.013588
58.9795920000000000 0.08822800000000000 0.010741
59.0816330000000000 0.07095100000000000 0.009902
59.1836730000000000 0.12913900000000000 0.013986
59.2857140000000000 0.17806400000000000 0.016109
59.3877550000000000 0.23238500000000000 0.019271
59.4897960000000000 0.26514800000000000 0.021030
59.5918370000000000 0.27971100000000000 0.021255
59.6938780000000000 0.25586200000000000 0.020392
59.7959180000000000 0.26941700000000000 0.020663
59.8979590000000000 0.25635600000000000 0.019909
60.0000000000000000 0.25789600000000000 0.020570
