55.0000000000000000 0.23568900000000000 0.018804
55.1020410000000000 0.27948100000000000 0.020649
55.2040820000000000 0.25630700000000000 0.019457
55.3061220000000000 0.29100800000000000 0.021623
55.4081630000000000 0.26276200000000000 0.020219
55.5102040000000000 0.26332100000000000 0.020077
55.6122450000000000 0.24824500000000000 0.018722
55.7142860000000000 0.20397600000000000 0.017184
55.8163270000000000 0.20760500000000000 0.017427
55.9183670000000000 0.21993000000000000 0.017710
56.0204080000000000 0.28166600000000000 0.020791
56.1224490000000000 0.25533400000000000 0.019939
56.2244900000000000 0.28336800000000000 0.021144
56.3265310000000000 0.23918100000000000 0.019148
56.4285710000000000 0.24498000000000000 0.019173
56.5306120000000000 0.28548700000000000 0.021392
56.6326530000000000 0.26470900000000000 0.020192
56.7346940000000000 0.27355900000000000 0.021011
56.8367350000000000 0.25513500000000000 0.019578
56.9387760000000000 0.25365800000000000 0.020414
57.0408160000000000 0.28118200000000000 0.020857
57.1428570000000000 0.27314800000000000 0.020708
57.2448980000000000 0.26359800000000000 0.020100
57.3469390000000000 0.25156200000000000 0.019735
57.4489800000000000 0.26618000000000000 0.020353
57.5510200000000000 0.29885500000000000 0.021899
57.6530610000000000 0.22336100000000000 0.018169
57.7551020000000000 0.25218800000000000 0.020157
57.8571430000000000 0.25657400000000000 0.019850
57.9591840000000000 0.29505500000000000 0.021880
58.0612240000000000 0.29703400000000000 0.022231
58.1632650000000000 0.27376800000000000 0.021108
58.2653060000000000 0.29689500000000000 0.021957
58.3673470000000000 0.24908600000000000 0.020229
58.4693880000000000 0.25161000000000000 0.020023
58.5714290000000000 0.29300500000000000 0.021937
58.6734690000000000 0.22415900000000000 0.018119
58.7755100000000000 0.22573300000000000 0.018986
58.8775510000000000 0.16144300000000000 0.015468
58.9795920000000000 0.09341100000000000 0.011060
59.0816330000000000 0.06550200000000000 0.009530
59.1836730000000000 0.10450900000000000 0.012503
59.2857140000000000 0.16938300000000000 0.015650
59.3877550000000000 0.24144900000000000 0.019728
59.4897960000000000 0.25711700000000000 0.020631
59.5918370000000000 0.27206500000000000 0.020885
59.6938780000000000 0.24684900000000000 0.019945
59.7959180000000000 0.25319400000000000 0.019875
59.8979590000000000 0.27343900000000000 0.020732
60.0000000000000000 0.27833600000000000 0.021576
