55.0000000000000000 0.34766800000000000 0.024104
55.1020410000000000 0.30002400000000000 0.021610
55.2040820000000000 0.31019000000000000 0.021979
55.3061220000000000 0.28242100000000000 0.021214
55.4081630000000000 0.29586100000000000 0.021800
55.5102040000000000 0.30526700000000000 0.022061
55.6122450000000000 0.28927600000000000 0.020631
55.7142860000000000 0.22919700000000000 0.018439
55.8163270000000000 0.23618800000000000 0.018848
55.9183670000000000 0.24639000000000000 0.018992
56.0204080000000000 0.26207000000000000 0.019862
56.1224490000000000 0.28871700000000000 0.021546
56.2244900000000000 0.27912500000000000 0.020942
56.3265310000000000 0.29840900000000000 0.022007
56.4285710000000000 0.26800200000000000 0.020281
56.5306120000000000 0.23487300000000000 0.018935
56.6326530000000000 0.22148800000000000 0.018085
56.7346940000000000 0.20437500000000000 0.017571
56.8367350000000000 0.15975900000000000 0.014799
56.9387760000000000 0.07549600000000000 0.010468
57.0408160000000000 0.01468300000000000 0.005146
57.1428570000000000 -0.0020210000000000 0.003023
57.2448980000000000 -0.0019890000000000 0.002975
57.3469390000000000 -0.0009620000000000 0.003229
57.4489800000000000 -0.0030810000000000 0.002823
57.5510200000000000 0.00117500000000000 0.003533
57.6530610000000000 0.00327000000000000 0.003807
57.7551020000000000 -0.0021230000000000 0.003175
57.8571430000000000 0.00541000000000000 0.004119
57.9591840000000000 0.04116800000000000 0.007691
58.0612240000000000 0.06880600000000000 0.009845
58.1632650000000000 0.10536700000000000 0.012188
58.2653060000000000 0.14472700000000000 0.014277
58.3673470000000000 0.16418500000000000 0.015803
58.4693880000000000 0.16408600000000000 0.015526
58.5714290000000000 0.18550200000000000 0.016586
58.6734690000000000 0.19081200000000000 0.016449
58.7755100000000000 0.18471200000000000 0.016854
58.8775510000000000 0.12335200000000000 0.013328
58.9795920000000000 0.08719100000000000 0.010677
59.0816330000000000 0.06659200000000000 0.009605
59.1836730000000000 0.09278000000000000 0.011763
59.2857140000000000 0.17046900000000000 0.015708
59.3877550000000000 0.19839500000000000 0.017527
59.4897960000000000 0.22843400000000000 0.019186
59.5918370000000000 0.24148500000000000 0.019390
59.6938780000000000 0.21981000000000000 0.018582
59.7959180000000000 0.23697100000000000 0.019078
59.8979590000000000 0.23393500000000000 0.018812
60.0000000000000000 0.24426900000000000 0.019890
