55.0000000000000000 0.33604800000000000 0.023568
55.1020410000000000 0.31748400000000000 0.022419
55.2040820000000000 0.29697300000000000 0.021368
55.3061220000000000 0.25451200000000000 0.019869
55.4081630000000000 0.26276200000000000 0.020219
55.5102040000000000 0.25283500000000000 0.019572
55.6122450000000000 0.20037500000000000 0.016420
55.7142860000000000 0.15143300000000000 0.014452
55.8163270000000000 0.13561700000000000 0.013639
55.9183670000000000 0.09068200000000000 0.010787
56.0204080000000000 0.06508300000000000 0.009217
56.1224490000000000 0.01411200000000000 0.005208
56.2244900000000000 0.00117200000000000 0.003525
56.3265310000000000 -0.0020410000000000 0.003052
56.4285710000000000 0.00324900000000000 0.003783
56.5306120000000000 0.00442100000000000 0.004041
56.6326530000000000 -0.0019980000000000 0.002988
56.7346940000000000 0.00011500000000000 0.003479
56.8367350000000000 -0.0040380000000000 0.002548
56.9387760000000000 0.00811400000000000 0.004731
57.0408160000000000 0.00323200000000000 0.003763
57.1428570000000000 -0.0052210000000000 0.002397
57.2448980000000000 0.00116000000000000 0.003488
57.3469390000000000 -0.0009620000000000 0.003229
57.4489800000000000 0.01714000000000000 0.005484
57.5510200000000000 0.01924800000000000 0.005693
57.6530610000000000 0.04012700000000000 0.007493
57.7551020000000000 0.05837400000000000 0.009169
57.8571430000000000 0.06157700000000000 0.009113
57.9591840000000000 0.07033800000000000 0.009814
58.0612240000000000 0.09207200000000000 0.011369
58.1632650000000000 0.09982700000000000 0.011851
58.2653060000000000 0.08321200000000000 0.010653
58.3673470000000000 0.09420000000000000 0.011716
58.4693880000000000 0.10093500000000000 0.011918
58.5714290000000000 0.06703000000000000 0.009670
58.6734690000000000 0.07930800000000000 0.010208
58.7755100000000000 0.04911600000000000 0.008565
58.8775510000000000 0.01356100000000000 0.005296
58.9795920000000000 0.00114500000000000 0.003445
59.0816330000000000 -0.0009750000000000 0.003275
59.1836730000000000 0.00012300000000000 0.003716
59.2857140000000000 0.00445400000000000 0.004072
59.3877550000000000 0.00465100000000000 0.004252
59.4897960000000000 0.00126800000000000 0.003813
59.5918370000000000 -0.0009780000000000 0.003282
59.6938780000000000 -0.0010080000000000 0.003386
59.7959180000000000 -0.0042130000000000 0.002658
59.8979590000000000 -0.0009560000000000 0.003209
60.0000000000000000 0.00239000000000000 0.003943
