55.0000000000000000 0.27583300000000000 0.020744
55.1020410000000000 0.28564400000000000 0.020938
55.2040820000000000 0.27054000000000000 0.020131
55.3061220000000000 0.25987900000000000 0.020129
55.4081630000000000 0.28198100000000000 0.021141
55.5102040000000000 0.26437000000000000 0.020127
55.6122450000000000 0.26876000000000000 0.019683
55.7142860000000000 0.22184100000000000 0.018076
55.8163270000000000 0.21289800000000000 0.017693
55.9183670000000000 0.23214300000000000 0.018305
56.0204080000000000 0.26825800000000000 0.020157
56.1224490000000000 0.24995000000000000 0.019676
56.2244900000000000 0.25154200000000000 0.019616
56.3265310000000000 0.31563900000000000 0.022820
56.4285710000000000 0.26695600000000000 0.020231
56.5306120000000000 0.29517900000000000 0.021854
56.6326530000000000 0.29633500000000000 0.021695
56.7346940000000000 0.27355900000000000 0.021011
56.8367350000000000 0.28208900000000000 0.020860
56.9387760000000000 0.27535800000000000 0.021488
57.0408160000000000 0.25932000000000000 0.019817
57.1428570000000000 0.27848000000000000 0.020963
57.2448980000000000 0.25729900000000000 0.019797
57.3469390000000000 0.26982900000000000 0.020620
57.4489800000000000 0.25979500000000000 0.020045
57.5510200000000000 0.28928700000000000 0.021446
57.6530610000000000 0.27706700000000000 0.020773
57.7551020000000000 0.23986500000000000 0.019543
57.8571430000000000 0.25551400000000000 0.019799
57.9591840000000000 0.27452800000000000 0.020899
58.0612240000000000 0.25382600000000000 0.020132
58.1632650000000000 0.27930800000000000 0.021377
58.2653060000000000 0.28610300000000000 0.021443
58.3673470000000000 0.24334900000000000 0.019941
58.4693880000000000 0.22612800000000000 0.018753
58.5714290000000000 0.23376800000000000 0.019046
58.6734690000000000 0.26063300000000000 0.019890
58.7755100000000000 0.19041000000000000 0.017156
58.8775510000000000 0.15584100000000000 0.015162
58.9795920000000000 0.09237400000000000 0.010996
59.0816330000000000 0.07095100000000000 0.009902
59.1836730000000000 0.11623800000000000 0.013220
59.2857140000000000 0.18457400000000000 0.016449
59.3877550000000000 0.23465100000000000 0.019386
59.4897960000000000 0.25597000000000000 0.020573
59.5918370000000000 0.24694500000000000 0.019659
59.6938780000000000 0.26487500000000000 0.020837
59.7959180000000000 0.25319400000000000 0.019875
59.8979590000000000 0.28625100000000000 0.021344
60.0000000000000000 0.28401400000000000 0.021854
