55.0000000000000000 0.25364800000000000 0.019679
55.1020410000000000 0.23531600000000000 0.018539
55.2040820000000000 0.25834000000000000 0.019554
55.3061220000000000 0.27061300000000000 0.020648
55.4081630000000000 0.27023600000000000 0.020578
55.5102040000000000 0.24444600000000000 0.019166
55.6122450000000000 0.23652100000000000 0.018167
55.7142860000000000 0.23970500000000000 0.018954
55.8163270000000000 0.24465700000000000 0.019262
55.9183670000000000 0.23112500000000000 0.018256
56.0204080000000000 0.24660000000000000 0.019121
56.1224490000000000 0.24995000000000000 0.019676
56.2244900000000000 0.26109000000000000 0.020078
56.3265310000000000 0.26394900000000000 0.020357
56.4285710000000000 0.26172400000000000 0.019981
56.5306120000000000 0.24241100000000000 0.019307
56.6326530000000000 0.26049200000000000 0.019990
56.7346940000000000 0.27905000000000000 0.021277
56.8367350000000000 0.26031800000000000 0.019827
56.9387760000000000 0.27421600000000000 0.021432
57.0408160000000000 0.26973100000000000 0.020314
57.1428570000000000 0.27421400000000000 0.020759
57.2448980000000000 0.29194100000000000 0.021446
57.3469390000000000 0.26660600000000000 0.020465
57.4489800000000000 0.30555900000000000 0.022225
57.5510200000000000 0.26696100000000000 0.020380
57.6530610000000000 0.28443900000000000 0.021123
57.7551020000000000 0.27571500000000000 0.021313
57.8571430000000000 0.28306800000000000 0.021120
57.9591840000000000 0.26480500000000000 0.020429
58.0612240000000000 0.31143700000000000 0.022919
58.1632650000000000 0.26601300000000000 0.020730
58.2653060000000000 0.26344000000000000 0.020353
58.3673470000000000 0.25826400000000000 0.020688
58.4693880000000000 0.25161000000000000 0.020023
58.5714290000000000 0.31275000000000000 0.022877
58.6734690000000000 0.26792700000000000 0.020238
58.7755100000000000 0.21889600000000000 0.018636
58.8775510000000000 0.13119400000000000 0.013781
58.9795920000000000 0.08097100000000000 0.010286
59.0816330000000000 0.08947700000000000 0.011107
59.1836730000000000 0.12327500000000000 0.013640
59.2857140000000000 0.18023400000000000 0.016223
59.3877550000000000 0.23805000000000000 0.019557
59.4897960000000000 0.23876000000000000 0.019710
59.5918370000000000 0.27425000000000000 0.020991
59.6938780000000000 0.28740800000000000 0.021938
59.7959180000000000 0.24778600000000000 0.019610
59.8979590000000000 0.23820600000000000 0.019023
60.0000000000000000 0.25676000000000000 0.020513
