55.0000000000000000 0.28745300000000000 0.021297
55.1020410000000000 0.29386100000000000 0.021323
55.2040820000000000 0.23902300000000000 0.018629
55.3061220000000000 0.28134700000000000 0.021163
55.4081630000000000 0.31187600000000000 0.022554
55.5102040000000000 0.25912700000000000 0.019875
55.6122450000000000 0.24824500000000000 0.018722
55.7142860000000000 0.21028100000000000 0.017500
55.8163270000000000 0.21078100000000000 0.017587
55.9183670000000000 0.26878000000000000 0.020058
56.0204080000000000 0.25588200000000000 0.019567
56.1224490000000000 0.28548700000000000 0.021392
56.2244900000000000 0.26639400000000000 0.020333
56.3265310000000000 0.26394900000000000 0.020357
56.4285710000000000 0.25963100000000000 0.019880
56.5306120000000000 0.27041000000000000 0.020669
56.6326530000000000 0.26365500000000000 0.020142
56.7346940000000000 0.26806800000000000 0.020745
56.8367350000000000 0.27690600000000000 0.020615
56.9387760000000000 0.23081700000000000 0.019265
57.0408160000000000 0.25515600000000000 0.019617
57.1428570000000000 0.28061300000000000 0.021065
57.2448980000000000 0.27514500000000000 0.020651
57.3469390000000000 0.24726300000000000 0.019525
57.4489800000000000 0.28001600000000000 0.021016
57.5510200000000000 0.24357100000000000 0.019247
57.6530610000000000 0.27180200000000000 0.020522
57.7551020000000000 0.27571500000000000 0.021313
57.8571430000000000 0.25657400000000000 0.019850
57.9591840000000000 0.28317100000000000 0.021314
58.0612240000000000 0.29038700000000000 0.021912
58.1632650000000000 0.28817100000000000 0.021805
58.2653060000000000 0.25048900000000000 0.019723
58.3673470000000000 0.27088500000000000 0.021313
58.4693880000000000 0.28817100000000000 0.021805
58.5714290000000000 0.27874400000000000 0.021251
58.6734690000000000 0.26792700000000000 0.020238
58.7755100000000000 0.22573300000000000 0.018986
58.8775510000000000 0.13455500000000000 0.013973
58.9795920000000000 0.07267700000000000 0.009750
59.0816330000000000 0.05787300000000000 0.008992
59.1836730000000000 0.09981700000000000 0.012210
59.2857140000000000 0.21170100000000000 0.017842
59.3877550000000000 0.21312400000000000 0.018290
59.4897960000000000 0.25482200000000000 0.020516
59.5918370000000000 0.24694500000000000 0.019659
59.6938780000000000 0.24572200000000000 0.019888
59.7959180000000000 0.26941700000000000 0.020663
59.8979590000000000 0.30333400000000000 0.022153
60.0000000000000000 0.25676000000000000 0.020513
