55.0000000000000000 0.28850900000000000 0.021347
55.1020410000000000 0.28564400000000000 0.020938
55.2040820000000000 0.30612300000000000 0.021791
55.3061220000000000 0.26095200000000000 0.020181
55.4081630000000000 0.26489800000000000 0.020322
55.5102040000000000 0.24339700000000000 0.019115
55.6122450000000000 0.22479800000000000 0.017606
55.7142860000000000 0.19977300000000000 0.016971
55.8163270000000000 0.14302800000000000 0.014048
55.9183670000000000 0.15479700000000000 0.014404
56.0204080000000000 0.14552800000000000 0.014001
56.1224490000000000 0.10887800000000000 0.012219
56.2244900000000000 0.07861700000000000 0.010261
56.3265310000000000 0.03565000000000000 0.007228
56.4285710000000000 0.01266700000000000 0.004946
56.5306120000000000 0.00442100000000000 0.004041
56.6326530000000000 0.00116500000000000 0.003503
56.7346940000000000 0.00121300000000000 0.003649
56.8367350000000000 0.00736600000000000 0.004294
56.9387760000000000 -0.0021640000000000 0.003237
57.0408160000000000 -0.0009320000000000 0.003129
57.1428570000000000 -0.0041540000000000 0.002621
57.2448980000000000 -0.0009400000000000 0.003155
57.3469390000000000 -0.0020360000000000 0.003045
57.4489800000000000 -0.0009530000000000 0.003198
57.5510200000000000 -0.0009520000000000 0.003195
57.6530610000000000 0.00221700000000000 0.003656
57.7551020000000000 -0.0066040000000000 0.002259
57.8571430000000000 0.00329000000000000 0.003831
57.9591840000000000 -0.0020470000000000 0.003062
58.0612240000000000 -0.0054230000000000 0.002490
58.1632650000000000 0.00454800000000000 0.004158
58.2653060000000000 0.01630100000000000 0.005449
58.3673470000000000 0.01159300000000000 0.005165
58.4693880000000000 0.02005800000000000 0.005934
58.5714290000000000 0.02863600000000000 0.006702
58.6734690000000000 0.02616200000000000 0.006270
58.7755100000000000 0.03316400000000000 0.007266
58.8775510000000000 0.02924600000000000 0.006846
58.9795920000000000 0.01773300000000000 0.005447
59.0816330000000000 0.01428200000000000 0.005271
59.1836730000000000 0.02240800000000000 0.006401
59.2857140000000000 0.05111200000000000 0.008476
59.3877550000000000 0.07263100000000000 0.010229
59.4897960000000000 0.07010600000000000 0.010126
59.5918370000000000 0.06346100000000000 0.009399
59.6938780000000000 0.03166400000000000 0.007085
59.7959180000000000 0.00119500000000000 0.003594
59.8979590000000000 0.00011200000000000 0.003382
60.0000000000000000 -0.0010160000000000 0.003413
