55.0000000000000000 0.28850900000000000 0.021347
55.1020410000000000 0.31234900000000000 0.022181
55.2040820000000000 0.29494000000000000 0.021273
55.3061220000000000 0.27705400000000000 0.020957
55.4081630000000000 0.26169500000000000 0.020167
55.5102040000000000 0.25807800000000000 0.019825
55.6122450000000000 0.25801400000000000 0.019181
55.7142860000000000 0.20397600000000000 0.017184
55.8163270000000000 0.23195400000000000 0.018639
55.9183670000000000 0.22400100000000000 0.017909
56.0204080000000000 0.25897600000000000 0.019715
56.1224490000000000 0.27687200000000000 0.020980
56.2244900000000000 0.28124700000000000 0.021043
56.3265310000000000 0.29517900000000000 0.021854
56.4285710000000000 0.26381700000000000 0.020081
56.5306120000000000 0.28441000000000000 0.021341
56.6326530000000000 0.24889700000000000 0.019430
56.7346940000000000 0.26257800000000000 0.020477
56.8367350000000000 0.26342900000000000 0.019975
56.9387760000000000 0.26507900000000000 0.020981
57.0408160000000000 0.24786900000000000 0.019266
57.1428570000000000 0.25181700000000000 0.019678
57.2448980000000000 0.28144300000000000 0.020950
57.3469390000000000 0.26660600000000000 0.020465
57.4489800000000000 0.26298800000000000 0.020199
57.5510200000000000 0.24144500000000000 0.019143
57.6530610000000000 0.27074900000000000 0.020472
57.7551020000000000 0.27795500000000000 0.021422
57.8571430000000000 0.28942700000000000 0.021421
57.9591840000000000 0.28317100000000000 0.021314
58.0612240000000000 0.25050200000000000 0.019968
58.1632650000000000 0.26047300000000000 0.020459
58.2653060000000000 0.23861800000000000 0.019139
58.3673470000000000 0.25826400000000000 0.020688
58.4693880000000000 0.26158100000000000 0.020513
58.5714290000000000 0.23925300000000000 0.019319
58.6734690000000000 0.26584300000000000 0.020139
58.7755100000000000 0.21889600000000000 0.018636
58.8775510000000000 0.16592400000000000 0.015712
58.9795920000000000 0.08304400000000000 0.010417
59.0816330000000000 0.06768100000000000 0.009680
59.1836730000000000 0.11741000000000000 0.013290
59.2857140000000000 0.19651000000000000 0.017067
59.3877550000000000 0.23351800000000000 0.019328
59.4897960000000000 0.26055900000000000 0.020802
59.5918370000000000 0.27643400000000000 0.021097
59.6938780000000000 0.26600200000000000 0.020893
59.7959180000000000 0.25968300000000000 0.020191
59.8979590000000000 0.25422100000000000 0.019805
60.0000000000000000 0.29082800000000000 0.022186
