55.0000000000000000 0.31808900000000000 0.022735
55.1020410000000000 0.34418900000000000 0.023643
55.2040820000000000 0.27562300000000000 0.020371
55.3061220000000000 0.32857700000000000 0.023392
55.4081630000000000 0.28945400000000000 0.021496
55.5102040000000000 0.31994800000000000 0.022745
55.6122450000000000 0.24238300000000000 0.018445
55.7142860000000000 0.23760300000000000 0.018851
55.8163270000000000 0.21183900000000000 0.017640
55.9183670000000000 0.21382400000000000 0.017410
56.0204080000000000 0.19297000000000000 0.016477
56.1224490000000000 0.19287500000000000 0.016818
56.2244900000000000 0.17834000000000000 0.015947
56.3265310000000000 0.13041600000000000 0.013464
56.4285710000000000 0.08591900000000000 0.010650
56.5306120000000000 0.06364900000000000 0.009339
56.6326530000000000 0.05387400000000000 0.008540
56.7346940000000000 0.01329300000000000 0.005191
56.8367350000000000 0.00321900000000000 0.003747
56.9387760000000000 -0.0033060000000000 0.003029
57.0408160000000000 0.00010900000000000 0.003298
57.1428570000000000 0.00224500000000000 0.003703
57.2448980000000000 0.00221000000000000 0.003644
57.3469390000000000 -0.0009620000000000 0.003229
57.4489800000000000 -0.0030810000000000 0.002823
57.5510200000000000 0.00223800000000000 0.003691
57.6530610000000000 0.00116400000000000 0.003499
57.7551020000000000 0.01020000000000000 0.004912
57.8571430000000000 -0.0020080000000000 0.003003
57.9591840000000000 -0.0042080000000000 0.002655
58.0612240000000000 0.00344000000000000 0.004005
58.1632650000000000 -0.0065310000000000 0.002234
58.2653060000000000 0.00227200000000000 0.003747
58.3673470000000000 0.00012000000000000 0.003635
58.4693880000000000 0.00233200000000000 0.003846
58.5714290000000000 0.00560000000000000 0.004263
58.6734690000000000 0.00219400000000000 0.003618
58.7755100000000000 0.00695600000000000 0.004576
58.8775510000000000 0.00011800000000000 0.003549
58.9795920000000000 0.00321900000000000 0.003747
59.0816330000000000 0.00447400000000000 0.004090
59.1836730000000000 0.00598700000000000 0.004559
59.2857140000000000 0.01964500000000000 0.005811
59.3877550000000000 0.01484800000000000 0.005481
59.4897960000000000 0.02650800000000000 0.006699
59.5918370000000000 0.01212800000000000 0.005041
59.6938780000000000 0.00913100000000000 0.004805
59.7959180000000000 0.00119500000000000 0.003594
59.8979590000000000 -0.0052260000000000 0.002399
60.0000000000000000 0.00125500000000000 0.003774
