55.0000000000000000 0.25998600000000000 0.019985
55.1020410000000000 0.27742700000000000 0.020552
55.2040820000000000 0.26952300000000000 0.020083
55.3061220000000000 0.27061300000000000 0.020648
55.4081630000000000 0.27771000000000000 0.020937
55.5102040000000000 0.27590500000000000 0.020677
55.6122450000000000 0.23847500000000000 0.018260
55.7142860000000000 0.22079000000000000 0.018024
55.8163270000000000 0.23195400000000000 0.018639
55.9183670000000000 0.23112500000000000 0.018256
56.0204080000000000 0.27135200000000000 0.020304
56.1224490000000000 0.25748800000000000 0.020044
56.2244900000000000 0.25154200000000000 0.019616
56.3265310000000000 0.29410200000000000 0.021803
56.4285710000000000 0.24079500000000000 0.018970
56.5306120000000000 0.26502600000000000 0.020409
56.6326530000000000 0.28263000000000000 0.021047
56.7346940000000000 0.25708700000000000 0.020209
56.8367350000000000 0.27690600000000000 0.020615
56.9387760000000000 0.27193100000000000 0.021319
57.0408160000000000 0.25203300000000000 0.019467
57.1428570000000000 0.28061300000000000 0.021065
57.2448980000000000 0.24050300000000000 0.018984
57.3469390000000000 0.30099200000000000 0.022107
57.4489800000000000 0.25128100000000000 0.019633
57.5510200000000000 0.26802400000000000 0.020432
57.6530610000000000 0.23494500000000000 0.018740
57.7551020000000000 0.24210500000000000 0.019655
57.8571430000000000 0.28094900000000000 0.021019
57.9591840000000000 0.27560800000000000 0.020951
58.0612240000000000 0.27930800000000000 0.021377
58.1632650000000000 0.24939400000000000 0.019913
58.2653060000000000 0.25048900000000000 0.019723
58.3673470000000000 0.28924200000000000 0.022214
58.4693880000000000 0.24385500000000000 0.019639
58.5714290000000000 0.25790200000000000 0.020238
58.6734690000000000 0.25333800000000000 0.019539
58.7755100000000000 0.20864100000000000 0.018108
58.8775510000000000 0.15360100000000000 0.015039
58.9795920000000000 0.06956700000000000 0.009544
59.0816330000000000 0.08947700000000000 0.011107
59.1836730000000000 0.13265800000000000 0.014192
59.2857140000000000 0.22689200000000000 0.018606
59.3877550000000000 0.24598200000000000 0.019955
59.4897960000000000 0.27776900000000000 0.021652
59.5918370000000000 0.26769700000000000 0.020674
59.6938780000000000 0.23445600000000000 0.019324
59.7959180000000000 0.28455900000000000 0.021391
59.8979590000000000 0.26916800000000000 0.020527
60.0000000000000000 0.30218400000000000 0.022735
