55.0000000000000000 0.27266300000000000 0.020593
55.1020410000000000 0.25688500000000000 0.019577
55.2040820000000000 0.29697300000000000 0.021368
55.3061220000000000 0.27812700000000000 0.021009
55.4081630000000000 0.29586100000000000 0.021800
55.5102040000000000 0.28429400000000000 0.021075
55.6122450000000000 0.23163700000000000 0.017934
55.7142860000000000 0.22079000000000000 0.018024
55.8163270000000000 0.21395700000000000 0.017746
55.9183670000000000 0.19957600000000000 0.016703
56.0204080000000000 0.26619500000000000 0.020059
56.1224490000000000 0.28225600000000000 0.021238
56.2244900000000000 0.29291600000000000 0.021597
56.3265310000000000 0.28979400000000000 0.021598
56.4285710000000000 0.30672100000000000 0.022108
56.5306120000000000 0.30164000000000000 0.022160
56.6326530000000000 0.28157600000000000 0.020997
56.7346940000000000 0.27136300000000000 0.020905
56.8367350000000000 0.25720800000000000 0.019678
56.9387760000000000 0.25822700000000000 0.020641
57.0408160000000000 0.25203300000000000 0.019467
57.1428570000000000 0.28168000000000000 0.021116
57.2448980000000000 0.25310000000000000 0.019595
57.3469390000000000 0.24404000000000000 0.019367
57.4489800000000000 0.25447300000000000 0.019788
57.5510200000000000 0.29460200000000000 0.021698
57.6530610000000000 0.26021800000000000 0.019967
57.7551020000000000 0.26003000000000000 0.020544
57.8571430000000000 0.27670900000000000 0.020817
57.9591840000000000 0.27776900000000000 0.021054
58.0612240000000000 0.24828600000000000 0.019858
58.1632650000000000 0.23609900000000000 0.019253
58.2653060000000000 0.24077600000000000 0.019246
58.3673470000000000 0.23990700000000000 0.019768
58.4693880000000000 0.25936500000000000 0.020404
58.5714290000000000 0.23925300000000000 0.019319
58.6734690000000000 0.26896900000000000 0.020288
58.7755100000000000 0.19610700000000000 0.017455
58.8775510000000000 0.16256300000000000 0.015529
58.9795920000000000 0.09859500000000000 0.011373
59.0816330000000000 0.07313000000000000 0.010048
59.1836730000000000 0.10802700000000000 0.012720
59.2857140000000000 0.19325500000000000 0.016900
59.3877550000000000 0.20745900000000000 0.017998
59.4897960000000000 0.24449700000000000 0.019999
59.5918370000000000 0.27534200000000000 0.021044
59.6938780000000000 0.27163500000000000 0.021169
59.7959180000000000 0.29645600000000000 0.021958
59.8979590000000000 0.29265700000000000 0.021648
60.0000000000000000 0.29082800000000000 0.022186
