55.0000000000000000 0.30224300000000000 0.021994
55.1020410000000000 0.26921000000000000 0.020164
55.2040820000000000 0.27359000000000000 0.020275
55.3061220000000000 0.29208100000000000 0.021674
55.4081630000000000 0.28838700000000000 0.021446
55.5102040000000000 0.23710500000000000 0.018808
55.6122450000000000 0.22968300000000000 0.017841
55.7142860000000000 0.21028100000000000 0.017500
55.8163270000000000 0.20760500000000000 0.017427
55.9183670000000000 0.24130200000000000 0.018748
56.0204080000000000 0.26722700000000000 0.020108
56.1224490000000000 0.25964200000000000 0.020148
56.2244900000000000 0.29397700000000000 0.021647
56.3265310000000000 0.27041000000000000 0.020669
56.4285710000000000 0.25649100000000000 0.019729
56.5306120000000000 0.26287200000000000 0.020305
56.6326530000000000 0.25943800000000000 0.019939
56.7346940000000000 0.28234500000000000 0.021436
56.8367350000000000 0.28208900000000000 0.020860
56.9387760000000000 0.26165300000000000 0.020811
57.0408160000000000 0.27389500000000000 0.020512
57.1428570000000000 0.26781500000000000 0.020452
57.2448980000000000 0.30138900000000000 0.021890
57.3469390000000000 0.29884300000000000 0.022006
57.4489800000000000 0.28214500000000000 0.021117
57.5510200000000000 0.29353900000000000 0.021647
57.6530610000000000 0.27285500000000000 0.020572
57.7551020000000000 0.26787300000000000 0.020930
57.8571430000000000 0.26187300000000000 0.020106
57.9591840000000000 0.25400100000000000 0.019904
58.0612240000000000 0.27709200000000000 0.021269
58.1632650000000000 0.27266000000000000 0.021054
58.2653060000000000 0.26883600000000000 0.020614
58.3673470000000000 0.27776900000000000 0.021652
58.4693880000000000 0.26712100000000000 0.020784
58.5714290000000000 0.27874400000000000 0.021251
58.6734690000000000 0.24187500000000000 0.018985
58.7755100000000000 0.21889600000000000 0.018636
58.8775510000000000 0.11439000000000000 0.012801
58.9795920000000000 0.09548400000000000 0.011186
59.0816330000000000 0.06768100000000000 0.009680
59.1836730000000000 0.11858300000000000 0.013361
59.2857140000000000 0.18457400000000000 0.016449
59.3877550000000000 0.22558700000000000 0.018927
59.4897960000000000 0.25711700000000000 0.020631
59.5918370000000000 0.27534200000000000 0.021044
59.6938780000000000 0.24684900000000000 0.019945
59.7959180000000000 0.26509100000000000 0.020453
59.8979590000000000 0.28411600000000000 0.021242
60.0000000000000000 0.26584500000000000 0.020963
