55.0000000000000000 0.27688900000000000 0.020795
55.1020410000000000 0.27023700000000000 0.020212
55.2040820000000000 0.25630700000000000 0.019457
55.3061220000000000 0.28564100000000000 0.021368
55.4081630000000000 0.26169500000000000 0.020167
55.5102040000000000 0.25073700000000000 0.019471
55.6122450000000000 0.25703700000000000 0.019135
55.7142860000000000 0.22604400000000000 0.018284
55.8163270000000000 0.21289800000000000 0.017693
55.9183670000000000 0.22807200000000000 0.018108
56.0204080000000000 0.28579100000000000 0.020985
56.1224490000000000 0.26179500000000000 0.020253
56.2244900000000000 0.25366400000000000 0.019719
56.3265310000000000 0.24456500000000000 0.019413
56.4285710000000000 0.24916600000000000 0.019376
56.5306120000000000 0.24456500000000000 0.019413
56.6326530000000000 0.29528000000000000 0.021645
56.7346940000000000 0.29113000000000000 0.021858
56.8367350000000000 0.28830900000000000 0.021153
56.9387760000000000 0.24909000000000000 0.020186
57.0408160000000000 0.28118200000000000 0.020857
57.1428570000000000 0.28488000000000000 0.021268
57.2448980000000000 0.26464700000000000 0.020150
57.3469390000000000 0.26445600000000000 0.020361
57.4489800000000000 0.25340900000000000 0.019736
57.5510200000000000 0.27121300000000000 0.020585
57.6530610000000000 0.28970400000000000 0.021372
57.7551020000000000 0.25330900000000000 0.020212
57.8571430000000000 0.26293300000000000 0.020157
57.9591840000000000 0.24751900000000000 0.019587
58.0612240000000000 0.27820000000000000 0.021323
58.1632650000000000 0.27709200000000000 0.021269
58.2653060000000000 0.27099400000000000 0.020718
58.3673470000000000 0.25482200000000000 0.020516
58.4693880000000000 0.25493400000000000 0.020187
58.5714290000000000 0.30068300000000000 0.022304
58.6734690000000000 0.24604300000000000 0.019187
58.7755100000000000 0.20978100000000000 0.018167
58.8775510000000000 0.15136000000000000 0.014915
58.9795920000000000 0.08304400000000000 0.010417
59.0816330000000000 0.06768100000000000 0.009680
59.1836730000000000 0.13148500000000000 0.014123
59.2857140000000000 0.17263900000000000 0.015823
59.3877550000000000 0.22105500000000000 0.018696
59.4897960000000000 0.28121000000000000 0.021821
59.5918370000000000 0.28407900000000000 0.021465
59.6938780000000000 0.26600200000000000 0.020893
59.7959180000000000 0.27374300000000000 0.020871
59.8979590000000000 0.25528900000000000 0.019857
60.0000000000000000 0.27606500000000000 0.021465
