55.0000000000000000 0.31914500000000000 0.022784
55.1020410000000000 0.29180700000000000 0.021227
55.2040820000000000 0.26952300000000000 0.020083
55.3061220000000000 0.27276000000000000 0.020751
55.4081630000000000 0.25742400000000000 0.019960
55.5102040000000000 0.23815400000000000 0.018860
55.6122450000000000 0.25801400000000000 0.019181
55.7142860000000000 0.18295900000000000 0.016113
55.8163270000000000 0.17055200000000000 0.015524
55.9183670000000000 0.14665600000000000 0.013970
56.0204080000000000 0.16409200000000000 0.014989
56.1224490000000000 0.10672400000000000 0.012091
56.2244900000000000 0.09877400000000000 0.011522
56.3265310000000000 0.04426500000000000 0.007920
56.4285710000000000 0.02627100000000000 0.006296
56.5306120000000000 0.01842000000000000 0.005659
56.6326530000000000 0.00538100000000000 0.004097
56.7346940000000000 0.00560600000000000 0.004268
56.8367350000000000 -0.0030010000000000 0.002750
56.9387760000000000 0.00468800000000000 0.004286
57.0408160000000000 -0.0019730000000000 0.002950
57.1428570000000000 -0.0009550000000000 0.003205
57.2448980000000000 -0.0030390000000000 0.002784
57.3469390000000000 0.00226200000000000 0.003731
57.4489800000000000 0.00011200000000000 0.003372
57.5510200000000000 0.00011200000000000 0.003368
57.6530610000000000 -0.0030490000000000 0.002793
57.7551020000000000 -0.0066040000000000 0.002259
57.8571430000000000 -0.0020080000000000 0.003003
57.9591840000000000 -0.0020470000000000 0.003062
58.0612240000000000 -0.0021000000000000 0.003140
58.1632650000000000 -0.0054230000000000 0.002490
58.2653060000000000 0.00335100000000000 0.003901
58.3673470000000000 0.00356200000000000 0.004147
58.4693880000000000 0.00122400000000000 0.003682
58.5714290000000000 0.00669700000000000 0.004406
58.6734690000000000 0.00636200000000000 0.004185
58.7755100000000000 0.00695600000000000 0.004576
58.8775510000000000 0.01580200000000000 0.005540
58.9795920000000000 0.01151200000000000 0.004784
59.0816330000000000 0.00556300000000000 0.004236
59.1836730000000000 0.01067900000000000 0.005143
59.2857140000000000 0.04568600000000000 0.008065
59.3877550000000000 0.04543900000000000 0.008251
59.4897960000000000 0.05633800000000000 0.009144
59.5918370000000000 0.06346100000000000 0.009399
59.6938780000000000 0.06208300000000000 0.009465
59.7959180000000000 0.07041400000000000 0.009825
59.8979590000000000 0.08766200000000000 0.010874
60.0000000000000000 0.07733900000000000 0.010559
