55.0000000000000000 0.27688900000000000 0.020795
55.1020410000000000 0.30515900000000000 0.021848
55.2040820000000000 0.28070700000000000 0.020609
55.3061220000000000 0.29637500000000000 0.021878
55.4081630000000000 0.28411600000000000 0.021242
55.5102040000000000 0.26751600000000000 0.020277
55.6122450000000000 0.28243800000000000 0.020316
55.7142860000000000 0.23865400000000000 0.018903
55.8163270000000000 0.18537300000000000 0.016295
55.9183670000000000 0.21077100000000000 0.017259
56.0204080000000000 0.20328300000000000 0.016996
56.1224490000000000 0.17456800000000000 0.015866
56.2244900000000000 0.16136600000000000 0.015054
56.3265310000000000 0.13472300000000000 0.013706
56.4285710000000000 0.07440800000000000 0.009913
56.5306120000000000 0.05611100000000000 0.008806
56.6326530000000000 0.02751900000000000 0.006438
56.7346940000000000 0.00890100000000000 0.004683
56.8367350000000000 0.00010900000000000 0.003284
56.9387760000000000 0.00354600000000000 0.004128
57.0408160000000000 0.00115000000000000 0.003459
57.1428570000000000 0.00011200000000000 0.003379
57.2448980000000000 0.00116000000000000 0.003488
57.3469390000000000 -0.0020360000000000 0.003045
57.4489800000000000 -0.0020170000000000 0.003016
57.5510200000000000 0.00011200000000000 0.003368
57.6530610000000000 -0.0062080000000000 0.002123
57.7551020000000000 -0.0021230000000000 0.003175
57.8571430000000000 0.00223100000000000 0.003679
57.9591840000000000 -0.0031280000000000 0.002865
58.0612240000000000 0.00233200000000000 0.003846
58.1632650000000000 0.00122400000000000 0.003682
58.2653060000000000 -0.0031240000000000 0.002862
58.3673470000000000 0.01503500000000000 0.005550
58.4693880000000000 0.00676400000000000 0.004450
58.5714290000000000 0.02205400000000000 0.006090
58.6734690000000000 0.04491900000000000 0.007820
58.7755100000000000 0.04000100000000000 0.007842
58.8775510000000000 0.02812500000000000 0.006745
58.9795920000000000 0.02913600000000000 0.006513
59.0816330000000000 0.02518000000000000 0.006360
59.1836730000000000 0.02944500000000000 0.007065
59.2857140000000000 0.05653700000000000 0.008874
59.3877550000000000 0.08396100000000000 0.010983
59.4897960000000000 0.10452500000000000 0.012361
59.5918370000000000 0.11370000000000000 0.012594
59.6938780000000000 0.11503400000000000 0.012877
59.7959180000000000 0.12124600000000000 0.012970
59.8979590000000000 0.13250500000000000 0.013523
60.0000000000000000 0.11708400000000000 0.013051
