55.0000000000000000 0.26315600000000000 0.020138
55.1020410000000000 0.25483100000000000 0.019479
55.2040820000000000 0.25834000000000000 0.019554
55.3061220000000000 0.24592500000000000 0.019450
55.4081630000000000 0.22539300000000000 0.018389
55.5102040000000000 0.24864000000000000 0.019369
55.6122450000000000 0.22577500000000000 0.017653
55.7142860000000000 0.21448500000000000 0.017710
55.8163270000000000 0.20866300000000000 0.017481
55.9183670000000000 0.24333700000000000 0.018846
56.0204080000000000 0.24247500000000000 0.018922
56.1224490000000000 0.27579500000000000 0.020928
56.2244900000000000 0.27063800000000000 0.020537
56.3265310000000000 0.27364100000000000 0.020825
56.4285710000000000 0.29625700000000000 0.021618
56.5306120000000000 0.27364100000000000 0.020825
56.6326530000000000 0.25733000000000000 0.019837
56.7346940000000000 0.28673700000000000 0.021647
56.8367350000000000 0.28001600000000000 0.020762
56.9387760000000000 0.32332400000000000 0.023813
57.0408160000000000 0.29367400000000000 0.021446
57.1428570000000000 0.29341200000000000 0.021673
57.2448980000000000 0.28144300000000000 0.020950
57.3469390000000000 0.27950000000000000 0.021085
57.4489800000000000 0.27256600000000000 0.020660
57.5510200000000000 0.26164500000000000 0.020125
57.6530610000000000 0.25705900000000000 0.019815
57.7551020000000000 0.26339100000000000 0.020710
57.8571430000000000 0.26505200000000000 0.020259
57.9591840000000000 0.24967900000000000 0.019693
58.0612240000000000 0.29149500000000000 0.021965
58.1632650000000000 0.27598400000000000 0.021216
58.2653060000000000 0.26020200000000000 0.020196
58.3673470000000000 0.28580000000000000 0.022046
58.4693880000000000 0.27598400000000000 0.021216
58.5714290000000000 0.25680500000000000 0.020184
58.6734690000000000 0.24187500000000000 0.018985
58.7755100000000000 0.19952600000000000 0.017634
58.8775510000000000 0.15584100000000000 0.015162
58.9795920000000000 0.09444800000000000 0.011123
59.0816330000000000 0.10473400000000000 0.012046
59.1836730000000000 0.10450900000000000 0.012503
59.2857140000000000 0.18131900000000000 0.016279
59.3877550000000000 0.27090800000000000 0.021190
59.4897960000000000 0.26744300000000000 0.021143
59.5918370000000000 0.27425000000000000 0.020991
59.6938780000000000 0.26938200000000000 0.021059
59.7959180000000000 0.26184600000000000 0.020296
59.8979590000000000 0.30119900000000000 0.022052
60.0000000000000000 0.28287900000000000 0.021798
