55.0000000000000000 0.24942200000000000 0.019474
55.1020410000000000 0.27434600000000000 0.020406
55.2040820000000000 0.24512300000000000 0.018923
55.3061220000000000 0.28349400000000000 0.021265
55.4081630000000000 0.25422100000000000 0.019805
55.5102040000000000 0.26646700000000000 0.020227
55.6122450000000000 0.23749800000000000 0.018213
55.7142860000000000 0.19872200000000000 0.016918
55.8163270000000000 0.18854900000000000 0.016459
55.9183670000000000 0.20670000000000000 0.017058
56.0204080000000000 0.26103900000000000 0.019813
56.1224490000000000 0.27148700000000000 0.020721
56.2244900000000000 0.28549000000000000 0.021245
56.3265310000000000 0.28117900000000000 0.021186
56.4285710000000000 0.28893200000000000 0.021274
56.5306120000000000 0.25210300000000000 0.019781
56.6326530000000000 0.26049200000000000 0.019990
56.7346940000000000 0.25489000000000000 0.020101
56.8367350000000000 0.29349300000000000 0.021396
56.9387760000000000 0.24338000000000000 0.019899
57.0408160000000000 0.25099200000000000 0.019417
57.1428570000000000 0.27634700000000000 0.020861
57.2448980000000000 0.28249300000000000 0.021000
57.3469390000000000 0.32463200000000000 0.023219
57.4489800000000000 0.28853000000000000 0.021421
57.5510200000000000 0.25101300000000000 0.019610
57.6530610000000000 0.26443000000000000 0.020169
57.7551020000000000 0.26899300000000000 0.020984
57.8571430000000000 0.26505200000000000 0.020259
57.9591840000000000 0.27560800000000000 0.020951
58.0612240000000000 0.27820000000000000 0.021323
58.1632650000000000 0.24939400000000000 0.019913
58.2653060000000000 0.27207300000000000 0.020770
58.3673470000000000 0.27203200000000000 0.021370
58.4693880000000000 0.26490500000000000 0.020676
58.5714290000000000 0.25790200000000000 0.020238
58.6734690000000000 0.24500100000000000 0.019137
58.7755100000000000 0.20750200000000000 0.018049
58.8775510000000000 0.13455500000000000 0.013973
58.9795920000000000 0.08822800000000000 0.010741
59.0816330000000000 0.06441200000000000 0.009454
59.1836730000000000 0.13148500000000000 0.014123
59.2857140000000000 0.19976500000000000 0.017234
59.3877550000000000 0.23125200000000000 0.019214
59.4897960000000000 0.23646600000000000 0.019594
59.5918370000000000 0.26660500000000000 0.020621
59.6938780000000000 0.25360900000000000 0.020281
59.7959180000000000 0.24778600000000000 0.019610
59.8979590000000000 0.28198100000000000 0.021141
60.0000000000000000 0.27833600000000000 0.021576
