55.0000000000000000 0.25893000000000000 0.019934
55.1020410000000000 0.26921000000000000 0.020164
55.2040820000000000 0.26240700000000000 0.019747
55.3061220000000000 0.24592500000000000 0.019450
55.4081630000000000 0.26810100000000000 0.020476
55.5102040000000000 0.30212100000000000 0.021914
55.6122450000000000 0.22968300000000000 0.017841
55.7142860000000000 0.23655200000000000 0.018800
55.8163270000000000 0.21289800000000000 0.017693
55.9183670000000000 0.21993000000000000 0.017710
56.0204080000000000 0.25175700000000000 0.019369
56.1224490000000000 0.27471800000000000 0.020876
56.2244900000000000 0.27063800000000000 0.020537
56.3265310000000000 0.25533400000000000 0.019939
56.4285710000000000 0.25963100000000000 0.019880
56.5306120000000000 0.26933400000000000 0.020617
56.6326530000000000 0.29528000000000000 0.021645
56.7346940000000000 0.29003200000000000 0.021805
56.8367350000000000 0.26653900000000000 0.020123
56.9387760000000000 0.28106800000000000 0.021768
57.0408160000000000 0.27181300000000000 0.020413
57.1428570000000000 0.28914600000000000 0.021471
57.2448980000000000 0.29404000000000000 0.021545
57.3469390000000000 0.26553100000000000 0.020413
57.4489800000000000 0.24063800000000000 0.019113
57.5510200000000000 0.27333900000000000 0.020686
57.6530610000000000 0.26969600000000000 0.020421
57.7551020000000000 0.29139900000000000 0.022074
57.8571430000000000 0.27459000000000000 0.020716
57.9591840000000000 0.26048300000000000 0.020220
58.0612240000000000 0.24717800000000000 0.019804
58.1632650000000000 0.27266000000000000 0.021054
58.2653060000000000 0.28502400000000000 0.021391
58.3673470000000000 0.28694700000000000 0.022102
58.4693880000000000 0.28927900000000000 0.021858
58.5714290000000000 0.26558000000000000 0.020613
58.6734690000000000 0.26063300000000000 0.019890
58.7755100000000000 0.24282500000000000 0.019850
58.8775510000000000 0.13119400000000000 0.013781
58.9795920000000000 0.08615400000000000 0.010612
59.0816330000000000 0.07095100000000000 0.009902
59.1836730000000000 0.11154600000000000 0.012936
59.2857140000000000 0.17372400000000000 0.015880
59.3877550000000000 0.25051400000000000 0.020181
59.4897960000000000 0.24793900000000000 0.020172
59.5918370000000000 0.27643400000000000 0.021097
59.6938780000000000 0.24346900000000000 0.019776
59.7959180000000000 0.25968300000000000 0.020191
59.8979590000000000 0.25742400000000000 0.019960
60.0000000000000000 0.25448900000000000 0.020400
