55.0000000000000000 0.31175000000000000 0.022439
55.1020410000000000 0.30721300000000000 0.021944
55.2040820000000000 0.27562300000000000 0.020371
55.3061220000000000 0.30710900000000000 0.022385
55.4081630000000000 0.26489800000000000 0.020322
55.5102040000000000 0.28534300000000000 0.021125
55.6122450000000000 0.28243800000000000 0.020316
55.7142860000000000 0.21658600000000000 0.017815
55.8163270000000000 0.22560200000000000 0.018326
55.9183670000000000 0.25758500000000000 0.019527
56.0204080000000000 0.25588200000000000 0.019567
56.1224490000000000 0.29733200000000000 0.021956
56.2244900000000000 0.27594200000000000 0.020790
56.3265310000000000 0.26718000000000000 0.020513
56.4285710000000000 0.27218800000000000 0.020481
56.5306120000000000 0.27794900000000000 0.021032
56.6326530000000000 0.25522200000000000 0.019736
56.7346940000000000 0.25049800000000000 0.019885
56.8367350000000000 0.22196100000000000 0.017966
56.9387760000000000 0.21825400000000000 0.018624
57.0408160000000000 0.19477800000000000 0.016642
57.1428570000000000 0.17182600000000000 0.015647
57.2448980000000000 0.11978200000000000 0.012691
57.3469390000000000 0.08285400000000000 0.010606
57.4489800000000000 0.03204000000000000 0.006873
57.5510200000000000 0.00223800000000000 0.003691
57.6530610000000000 0.00116400000000000 0.003499
57.7551020000000000 -0.0010030000000000 0.003367
57.8571430000000000 -0.0020080000000000 0.003003
57.9591840000000000 0.00335400000000000 0.003905
58.0612240000000000 -0.0009920000000000 0.003330
58.1632650000000000 -0.0065310000000000 0.002234
58.2653060000000000 0.00335100000000000 0.003901
58.3673470000000000 -0.0021740000000000 0.003252
58.4693880000000000 0.00344000000000000 0.004005
58.5714290000000000 0.00340600000000000 0.003965
58.6734690000000000 0.00636200000000000 0.004185
58.7755100000000000 0.03316400000000000 0.007266
58.8775510000000000 0.02476400000000000 0.006435
58.9795920000000000 0.02706300000000000 0.006330
59.0816330000000000 0.02300000000000000 0.006155
59.1836730000000000 0.04586500000000000 0.008454
59.2857140000000000 0.08366400000000000 0.010713
59.3877550000000000 0.10322300000000000 0.012200
59.4897960000000000 0.14123900000000000 0.014524
59.5918370000000000 0.13226700000000000 0.013666
59.6938780000000000 0.13418700000000000 0.013992
59.7959180000000000 0.17424200000000000 0.015882
59.8979590000000000 0.15065500000000000 0.014524
60.0000000000000000 0.15796500000000000 0.015382
