55.0000000000000000 0.27794500000000000 0.020845
55.1020410000000000 0.25996600000000000 0.019724
55.2040820000000000 0.27664000000000000 0.020418
55.3061220000000000 0.25987900000000000 0.020129
55.4081630000000000 0.24034100000000000 0.019127
55.5102040000000000 0.25493200000000000 0.019673
55.6122450000000000 0.21014400000000000 0.016898
55.7142860000000000 0.22604400000000000 0.018284
55.8163270000000000 0.19807700000000000 0.016945
55.9183670000000000 0.23723100000000000 0.018552
56.0204080000000000 0.27032100000000000 0.020255
56.1224490000000000 0.26718000000000000 0.020513
56.2244900000000000 0.24623700000000000 0.019358
56.3265310000000000 0.24564200000000000 0.019465
56.4285710000000000 0.23974800000000000 0.018919
56.5306120000000000 0.23918100000000000 0.019148
56.6326530000000000 0.30687600000000000 0.022190
56.7346940000000000 0.25379200000000000 0.020047
56.8367350000000000 0.27172200000000000 0.020370
56.9387760000000000 0.26964700000000000 0.021207
57.0408160000000000 0.24891000000000000 0.019316
57.1428570000000000 0.29021200000000000 0.021522
57.2448980000000000 0.26359800000000000 0.020100
57.3469390000000000 0.28487300000000000 0.021342
57.4489800000000000 0.28214500000000000 0.021117
57.5510200000000000 0.26270800000000000 0.020176
57.6530610000000000 0.27285500000000000 0.020572
57.7551020000000000 0.27907600000000000 0.021477
57.8571430000000000 0.28094900000000000 0.021019
57.9591840000000000 0.27884900000000000 0.021106
58.0612240000000000 0.29260200000000000 0.022018
58.1632650000000000 0.27044400000000000 0.020946
58.2653060000000000 0.24509300000000000 0.019458
58.3673470000000000 0.25252800000000000 0.020402
58.4693880000000000 0.25493400000000000 0.020187
58.5714290000000000 0.25351400000000000 0.020023
58.6734690000000000 0.25229600000000000 0.019489
58.7755100000000000 0.21889600000000000 0.018636
58.8775510000000000 0.17040500000000000 0.015953
58.9795920000000000 0.09237400000000000 0.010996
59.0816330000000000 0.07749000000000000 0.010337
59.1836730000000000 0.11271900000000000 0.013007
59.2857140000000000 0.15093700000000000 0.014657
59.3877550000000000 0.23918300000000000 0.019614
59.4897960000000000 0.25711700000000000 0.020631
59.5918370000000000 0.24476100000000000 0.019552
59.6938780000000000 0.27952100000000000 0.021555
59.7959180000000000 0.27590600000000000 0.020975
59.8979590000000000 0.28518400000000000 0.021293
60.0000000000000000 0.27947200000000000 0.021632
