55.0000000000000000 0.23040700000000000 0.018545
55.1020410000000000 0.18087900000000000 0.015829
55.2040820000000000 0.18717300000000000 0.016071
55.3061220000000000 0.14395000000000000 0.014196
55.4081630000000000 0.13357300000000000 0.013583
55.5102040000000000 0.09448900000000000 0.011192
55.6122450000000000 0.07435000000000000 0.009550
55.7142860000000000 0.04319500000000000 0.007725
55.8163270000000000 0.03504600000000000 0.007104
55.9183670000000000 0.02046100000000000 0.005647
56.0204080000000000 0.00217100000000000 0.003581
56.1224490000000000 0.00442100000000000 0.004041
56.2244900000000000 -0.0030710000000000 0.002814
56.3265310000000000 0.00334400000000000 0.003893
56.4285710000000000 -0.0019830000000000 0.002966
56.5306120000000000 -0.0041950000000000 0.002647
56.6326530000000000 -0.0051600000000000 0.002369
56.7346940000000000 0.00450800000000000 0.004121
56.8367350000000000 -0.0009280000000000 0.003116
56.9387760000000000 0.00126200000000000 0.003795
57.0408160000000000 -0.0019730000000000 0.002950
57.1428570000000000 0.00011200000000000 0.003379
57.2448980000000000 0.00011000000000000 0.003326
57.3469390000000000 0.00011300000000000 0.003404
57.4489800000000000 0.00436900000000000 0.003994
57.5510200000000000 0.00117500000000000 0.003533
57.6530610000000000 0.00748200000000000 0.004362
57.7551020000000000 0.00011800000000000 0.003549
57.8571430000000000 -0.0020080000000000 0.003003
57.9591840000000000 -0.0009670000000000 0.003247
58.0612240000000000 -0.0009920000000000 0.003330
58.1632650000000000 -0.0009920000000000 0.003330
58.2653060000000000 0.00335100000000000 0.003901
58.3673470000000000 -0.0021740000000000 0.003252
58.4693880000000000 0.01673500000000000 0.005595
58.5714290000000000 0.01437600000000000 0.005306
58.6734690000000000 0.02303500000000000 0.005982
58.7755100000000000 0.00923500000000000 0.004860
58.8775510000000000 0.00459900000000000 0.004205
58.9795920000000000 0.01047600000000000 0.004666
59.0816330000000000 0.01319200000000000 0.005151
59.1836730000000000 0.01302500000000000 0.005414
59.2857140000000000 0.03158100000000000 0.006915
59.3877550000000000 0.04090700000000000 0.007889
59.4897960000000000 0.05633800000000000 0.009144
59.5918370000000000 0.06018400000000000 0.009168
59.6938780000000000 0.06320900000000000 0.009545
59.7959180000000000 0.07365800000000000 0.010042
59.8979590000000000 0.08552700000000000 0.010739
60.0000000000000000 0.07166100000000000 0.010176
