55.0000000000000000 0.24519700000000000 0.019269
55.1020410000000000 0.26510200000000000 0.019969
55.2040820000000000 0.26850700000000000 0.020035
55.3061220000000000 0.24914500000000000 0.019607
55.4081630000000000 0.25528900000000000 0.019857
55.5102040000000000 0.27066200000000000 0.020428
55.6122450000000000 0.24238300000000000 0.018445
55.7142860000000000 0.22604400000000000 0.018284
55.8163270000000000 0.20972200000000000 0.017534
55.9183670000000000 0.24537300000000000 0.018944
56.0204080000000000 0.24247500000000000 0.018922
56.1224490000000000 0.29087100000000000 0.021649
56.2244900000000000 0.27275900000000000 0.020638
56.3265310000000000 0.27794900000000000 0.021032
56.4285710000000000 0.25963100000000000 0.019880
56.5306120000000000 0.28441000000000000 0.021341
56.6326530000000000 0.25943800000000000 0.019939
56.7346940000000000 0.27795200000000000 0.021224
56.8367350000000000 0.29867600000000000 0.021639
56.9387760000000000 0.27992600000000000 0.021712
57.0408160000000000 0.25203300000000000 0.019467
57.1428570000000000 0.26994800000000000 0.020554
57.2448980000000000 0.24890100000000000 0.019392
57.3469390000000000 0.25908400000000000 0.020101
57.4489800000000000 0.25340900000000000 0.019736
57.5510200000000000 0.27971800000000000 0.020991
57.6530610000000000 0.28654500000000000 0.021223
57.7551020000000000 0.25667000000000000 0.020378
57.8571430000000000 0.26187300000000000 0.020106
57.9591840000000000 0.25832200000000000 0.020115
58.0612240000000000 0.24496300000000000 0.019694
58.1632650000000000 0.25382600000000000 0.020132
58.2653060000000000 0.27207300000000000 0.020770
58.3673470000000000 0.24679100000000000 0.020114
58.4693880000000000 0.25271800000000000 0.020077
58.5714290000000000 0.23596200000000000 0.019156
58.6734690000000000 0.26063300000000000 0.019890
58.7755100000000000 0.20408300000000000 0.017872
58.8775510000000000 0.13455500000000000 0.013973
58.9795920000000000 0.06231000000000000 0.009054
59.0816330000000000 0.08402800000000000 0.010761
59.1836730000000000 0.12679300000000000 0.013848
59.2857140000000000 0.16395800000000000 0.015361
59.3877550000000000 0.20859200000000000 0.018056
59.4897960000000000 0.27088500000000000 0.021313
59.5918370000000000 0.24913000000000000 0.019767
59.6938780000000000 0.25586200000000000 0.020392
59.7959180000000000 0.27158000000000000 0.020767
59.8979590000000000 0.26383000000000000 0.020270
60.0000000000000000 0.26698100000000000 0.021019
