55.0000000000000000 0.29379100000000000 0.021596
55.1020410000000000 0.30515900000000000 0.021848
55.2040820000000000 0.26240700000000000 0.019747
55.3061220000000000 0.26631900000000000 0.020441
55.4081630000000000 0.27557500000000000 0.020834
55.5102040000000000 0.22452100000000000 0.018190
55.6122450000000000 0.19451300000000000 0.016131
55.7142860000000000 0.17875500000000000 0.015895
55.8163270000000000 0.15996600000000000 0.014963
55.9183670000000000 0.14462000000000000 0.013861
56.0204080000000000 0.13624600000000000 0.013496
56.1224490000000000 0.10995500000000000 0.012283
56.2244900000000000 0.09028700000000000 0.011001
56.3265310000000000 0.07226400000000000 0.009925
56.4285710000000000 0.04406100000000000 0.007773
56.5306120000000000 0.03241900000000000 0.006955
56.6326530000000000 0.01697700000000000 0.005432
56.7346940000000000 0.00121300000000000 0.003649
56.8367350000000000 0.00425600000000000 0.003890
56.9387760000000000 -0.0010220000000000 0.003432
57.0408160000000000 0.00115000000000000 0.003459
57.1428570000000000 0.00437800000000000 0.004003
57.2448980000000000 0.00745800000000000 0.004348
57.3469390000000000 -0.0052600000000000 0.002415
57.4489800000000000 -0.0030810000000000 0.002823
57.5510200000000000 -0.0009520000000000 0.003195
57.6530610000000000 0.00221700000000000 0.003656
57.7551020000000000 -0.0010030000000000 0.003367
57.8571430000000000 -0.0009490000000000 0.003185
57.9591840000000000 0.00443500000000000 0.004055
58.0612240000000000 -0.0021000000000000 0.003140
58.1632650000000000 -0.0043150000000000 0.002723
58.2653060000000000 0.00011300000000000 0.003419
58.3673470000000000 0.00012000000000000 0.003635
58.4693880000000000 -0.0043150000000000 0.002723
58.5714290000000000 -0.0042730000000000 0.002696
58.6734690000000000 0.00427800000000000 0.003911
58.7755100000000000 -0.0021590000000000 0.003229
58.8775510000000000 0.00235800000000000 0.003890
58.9795920000000000 0.00529200000000000 0.004029
59.0816330000000000 -0.0042450000000000 0.002679
59.1836730000000000 0.00716000000000000 0.004711
59.2857140000000000 0.00336900000000000 0.003922
59.3877550000000000 0.01031600000000000 0.004968
59.4897960000000000 0.01274100000000000 0.005296
59.5918370000000000 0.01431300000000000 0.005282
59.6938780000000000 0.01025800000000000 0.004940
59.7959180000000000 0.02282600000000000 0.006108
59.8979590000000000 0.01292400000000000 0.005047
60.0000000000000000 0.03532200000000000 0.007436
