55.0000000000000000 0.22618200000000000 0.018336
55.1020410000000000 0.21682800000000000 0.017635
55.2040820000000000 0.20039000000000000 0.016735
55.3061220000000000 0.15039100000000000 0.014549
55.4081630000000000 0.15492600000000000 0.014755
55.5102040000000000 0.13853200000000000 0.013735
55.6122450000000000 0.08411900000000000 0.010161
55.7142860000000000 0.04634800000000000 0.007967
55.8163270000000000 0.02234300000000000 0.005978
55.9183670000000000 0.01028400000000000 0.004580
56.0204080000000000 -0.0019540000000000 0.002923
56.1224490000000000 0.00011300000000000 0.003411
56.2244900000000000 -0.0020100000000000 0.003007
56.3265310000000000 0.00011300000000000 0.003411
56.4285710000000000 -0.0051220000000000 0.002352
56.5306120000000000 0.00334400000000000 0.003893
56.6326530000000000 -0.0009440000000000 0.003168
56.7346940000000000 0.00011500000000000 0.003479
56.8367350000000000 0.00218200000000000 0.003599
56.9387760000000000 0.00012000000000000 0.003618
57.0408160000000000 0.00115000000000000 0.003459
57.1428570000000000 -0.0041540000000000 0.002621
57.2448980000000000 0.00325900000000000 0.003795
57.3469390000000000 -0.0009620000000000 0.003229
57.4489800000000000 -0.0030810000000000 0.002823
57.5510200000000000 -0.0009520000000000 0.003195
57.6530610000000000 0.00011000000000000 0.003336
57.7551020000000000 0.00459900000000000 0.004205
57.8571430000000000 0.00541000000000000 0.004119
57.9591840000000000 0.01199700000000000 0.004986
58.0612240000000000 0.01341100000000000 0.005237
58.1632650000000000 0.03446100000000000 0.007252
58.2653060000000000 0.03680600000000000 0.007333
58.3673470000000000 0.04142300000000000 0.007991
58.4693880000000000 0.03446100000000000 0.007252
58.5714290000000000 0.04509100000000000 0.008070
58.6734690000000000 0.04283500000000000 0.007660
58.7755100000000000 0.05139500000000000 0.008739
58.8775510000000000 0.04268900000000000 0.007980
58.9795920000000000 0.01980600000000000 0.005653
59.0816330000000000 0.01646100000000000 0.005503
59.1836730000000000 0.04234700000000000 0.008172
59.2857140000000000 0.06087700000000000 0.009184
59.3877550000000000 0.08509400000000000 0.011057
59.4897960000000000 0.08272600000000000 0.010976
59.5918370000000000 0.12899100000000000 0.013479
59.6938780000000000 0.11728700000000000 0.013010
59.7959180000000000 0.13855100000000000 0.013950
59.8979590000000000 0.11328700000000000 0.012424
60.0000000000000000 0.11935500000000000 0.013186
