55.0000000000000000 0.26843800000000000 0.020391
55.1020410000000000 0.26304800000000000 0.019871
55.2040820000000000 0.23089000000000000 0.018236
55.3061220000000000 0.26417300000000000 0.020337
55.4081630000000000 0.27343900000000000 0.020732
55.5102040000000000 0.27905100000000000 0.020827
55.6122450000000000 0.26680700000000000 0.019592
55.7142860000000000 0.22079000000000000 0.018024
55.8163270000000000 0.23407100000000000 0.018744
55.9183670000000000 0.22094800000000000 0.017760
56.0204080000000000 0.29404200000000000 0.021371
56.1224490000000000 0.31994700000000000 0.023022
56.2244900000000000 0.27063800000000000 0.020537
56.3265310000000000 0.26179500000000000 0.020253
56.4285710000000000 0.27637400000000000 0.020680
56.5306120000000000 0.26394900000000000 0.020357
56.6326530000000000 0.28157600000000000 0.020997
56.7346940000000000 0.28124600000000000 0.021383
56.8367350000000000 0.24995200000000000 0.019329
56.9387760000000000 0.26051100000000000 0.020755
57.0408160000000000 0.26036100000000000 0.019867
57.1428570000000000 0.26568200000000000 0.020349
57.2448980000000000 0.28564200000000000 0.021149
57.3469390000000000 0.28917100000000000 0.021547
57.4489800000000000 0.28001600000000000 0.021016
57.5510200000000000 0.24676100000000000 0.019403
57.6530610000000000 0.25390000000000000 0.019662
57.7551020000000000 0.23986500000000000 0.019543
57.8571430000000000 0.27988900000000000 0.020968
57.9591840000000000 0.27452800000000000 0.020899
58.0612240000000000 0.29814200000000000 0.022284
58.1632650000000000 0.27487600000000000 0.021162
58.2653060000000000 0.29689500000000000 0.021957
58.3673470000000000 0.28350500000000000 0.021934
58.4693880000000000 0.26490500000000000 0.020676
58.5714290000000000 0.26009600000000000 0.020345
58.6734690000000000 0.27626400000000000 0.020634
58.7755100000000000 0.23370900000000000 0.019390
58.8775510000000000 0.15024000000000000 0.014853
58.9795920000000000 0.08719100000000000 0.010677
59.0816330000000000 0.07095100000000000 0.009902
59.1836730000000000 0.10333600000000000 0.012430
59.2857140000000000 0.18891500000000000 0.016675
59.3877550000000000 0.25844500000000000 0.020575
59.4897960000000000 0.27891600000000000 0.021709
59.5918370000000000 0.28626400000000000 0.021570
59.6938780000000000 0.24121600000000000 0.019663
59.7959180000000000 0.24346000000000000 0.019398
59.8979590000000000 0.25422100000000000 0.019805
60.0000000000000000 0.27152300000000000 0.021242
