55.0000000000000000 0.21139200000000000 0.017600
55.1020410000000000 0.20861100000000000 0.017228
55.2040820000000000 0.16684000000000000 0.015028
55.3061220000000000 0.14180300000000000 0.014078
55.4081630000000000 0.13997900000000000 0.013939
55.5102040000000000 0.09239100000000000 0.011064
55.6122450000000000 0.06555700000000000 0.008980
55.7142860000000000 0.03268700000000000 0.006874
55.8163270000000000 0.01281500000000000 0.005004
55.9183670000000000 -0.0009110000000000 0.003058
56.0204080000000000 0.00423400000000000 0.003870
56.1224490000000000 -0.0009640000000000 0.003236
56.2244900000000000 -0.0041320000000000 0.002607
56.3265310000000000 0.00334400000000000 0.003893
56.4285710000000000 0.00011000000000000 0.003315
56.5306120000000000 0.00226700000000000 0.003739
56.6326530000000000 -0.0051600000000000 0.002369
56.7346940000000000 0.00670400000000000 0.004410
56.8367350000000000 -0.0019650000000000 0.002938
56.9387760000000000 0.00012000000000000 0.003618
57.0408160000000000 -0.0019730000000000 0.002950
57.1428570000000000 -0.0009550000000000 0.003205
57.2448980000000000 0.00221000000000000 0.003644
57.3469390000000000 0.00763500000000000 0.004451
57.4489800000000000 -0.0020170000000000 0.003016
57.5510200000000000 -0.0030780000000000 0.002820
57.6530610000000000 -0.0009430000000000 0.003165
57.7551020000000000 -0.0032430000000000 0.002971
57.8571430000000000 0.00435000000000000 0.003977
57.9591840000000000 0.00983700000000000 0.004737
58.0612240000000000 0.00897900000000000 0.004725
58.1632650000000000 0.01673500000000000 0.005595
58.2653060000000000 0.01738100000000000 0.005561
58.3673470000000000 0.01962500000000000 0.006031
58.4693880000000000 0.03224500000000000 0.007062
58.5714290000000000 0.04947800000000000 0.008407
58.6734690000000000 0.05429800000000000 0.008515
58.7755100000000000 0.04911600000000000 0.008565
58.8775510000000000 0.03708800000000000 0.007523
58.9795920000000000 0.02187900000000000 0.005853
59.0816330000000000 0.01755100000000000 0.005616
59.1836730000000000 0.03882800000000000 0.007882
59.2857140000000000 0.04894200000000000 0.008314
59.3877550000000000 0.08509400000000000 0.011057
59.4897960000000000 0.09420000000000000 0.011716
59.5918370000000000 0.10059400000000000 0.011809
59.6938780000000000 0.10714800000000000 0.012403
59.7959180000000000 0.12232800000000000 0.013032
59.8979590000000000 0.10688000000000000 0.012047
60.0000000000000000 0.13866000000000000 0.014303
