55.0000000000000000 0.14906400000000000 0.014362
55.1020410000000000 0.14184900000000000 0.013774
55.2040820000000000 0.11194000000000000 0.012039
55.3061220000000000 0.10101400000000000 0.011728
55.4081630000000000 0.06310500000000000 0.009257
55.5102040000000000 0.04310500000000000 0.007709
55.6122450000000000 0.03331800000000000 0.006629
55.7142860000000000 0.02533100000000000 0.006228
55.8163270000000000 0.01599100000000000 0.005345
55.9183670000000000 0.00214200000000000 0.003533
56.0204080000000000 0.00010800000000000 0.003267
56.1224490000000000 0.00765100000000000 0.004460
56.2244900000000000 0.00435500000000000 0.003981
56.3265310000000000 0.00765100000000000 0.004460
56.4285710000000000 0.00011000000000000 0.003315
56.5306120000000000 0.00226700000000000 0.003739
56.6326530000000000 -0.0041060000000000 0.002591
56.7346940000000000 0.00121300000000000 0.003649
56.8367350000000000 -0.0019650000000000 0.002938
56.9387760000000000 0.00240400000000000 0.003965
57.0408160000000000 -0.0030140000000000 0.002761
57.1428570000000000 0.00011200000000000 0.003379
57.2448980000000000 -0.0019890000000000 0.002975
57.3469390000000000 -0.0009620000000000 0.003229
57.4489800000000000 0.00224000000000000 0.003695
57.5510200000000000 0.00649000000000000 0.004270
57.6530610000000000 -0.0019960000000000 0.002984
57.7551020000000000 0.00908000000000000 0.004778
57.8571430000000000 -0.0062470000000000 0.002136
57.9591840000000000 0.00011300000000000 0.003423
58.0612240000000000 0.00122400000000000 0.003682
58.1632650000000000 0.01341100000000000 0.005237
58.2653060000000000 0.00011300000000000 0.003419
58.3673470000000000 0.00356200000000000 0.004147
58.4693880000000000 -0.0009920000000000 0.003330
58.5714290000000000 0.00011500000000000 0.003475
58.6734690000000000 0.00323600000000000 0.003767
58.7755100000000000 0.00239800000000000 0.003956
58.8775510000000000 0.00235800000000000 0.003890
58.9795920000000000 -0.0040380000000000 0.002548
59.0816330000000000 -0.0009750000000000 0.003275
59.1836730000000000 0.00481500000000000 0.004402
59.2857140000000000 0.00879400000000000 0.004627
59.3877550000000000 0.00465100000000000 0.004252
59.4897960000000000 0.02077200000000000 0.006147
59.5918370000000000 0.01758900000000000 0.005628
59.6938780000000000 0.02377700000000000 0.006365
59.7959180000000000 0.02282600000000000 0.006108
59.8979590000000000 0.02680400000000000 0.006425
60.0000000000000000 0.04781400000000000 0.008448
