55.0000000000000000 0.27266300000000000 0.020593
55.1020410000000000 0.28975200000000000 0.021131
55.2040820000000000 0.27155700000000000 0.020179
55.3061220000000000 0.28671400000000000 0.021419
55.4081630000000000 0.29906400000000000 0.021951
55.5102040000000000 0.25073700000000000 0.019471
55.6122450000000000 0.28146100000000000 0.020271
55.7142860000000000 0.21553500000000000 0.017763
55.8163270000000000 0.20337000000000000 0.017214
55.9183670000000000 0.23010700000000000 0.018207
56.0204080000000000 0.23422400000000000 0.018522
56.1224490000000000 0.23810400000000000 0.019095
56.2244900000000000 0.22183700000000000 0.018157
56.3265310000000000 0.22733500000000000 0.018561
56.4285710000000000 0.16335700000000000 0.015058
56.5306120000000000 0.13903100000000000 0.013947
56.6326530000000000 0.09814900000000000 0.011446
56.7346940000000000 0.06820200000000000 0.009756
56.8367350000000000 0.03121000000000000 0.006692
56.9387760000000000 0.01039800000000000 0.005008
57.0408160000000000 -0.0019730000000000 0.002950
57.1428570000000000 -0.0041540000000000 0.002621
57.2448980000000000 0.00221000000000000 0.003644
57.3469390000000000 0.00763500000000000 0.004451
57.4489800000000000 -0.0030810000000000 0.002823
57.5510200000000000 -0.0009520000000000 0.003195
57.6530610000000000 0.00116400000000000 0.003499
57.7551020000000000 0.00347800000000000 0.004050
57.8571430000000000 -0.0020080000000000 0.003003
57.9591840000000000 0.00551500000000000 0.004199
58.0612240000000000 0.00122400000000000 0.003682
58.1632650000000000 0.01562700000000000 0.005478
58.2653060000000000 0.03033100000000000 0.006783
58.3673470000000000 0.03912900000000000 0.007803
58.4693880000000000 0.06769800000000000 0.009769
58.5714290000000000 0.07032100000000000 0.009895
58.6734690000000000 0.07722400000000000 0.010074
58.7755100000000000 0.08557900000000000 0.011122
58.8775510000000000 0.05613300000000000 0.009006
58.9795920000000000 0.03743000000000000 0.007209
59.0816330000000000 0.04043700000000000 0.007672
59.1836730000000000 0.06580400000000000 0.009947
59.2857140000000000 0.10428000000000000 0.011992
59.3877550000000000 0.12701600000000000 0.013619
59.4897960000000000 0.15959600000000000 0.015551
59.5918370000000000 0.17704600000000000 0.016107
59.6938780000000000 0.18488500000000000 0.016770
59.7959180000000000 0.17964900000000000 0.016166
59.8979590000000000 0.18375400000000000 0.016278
60.0000000000000000 0.18635400000000000 0.016913
