55.0000000000000000 0.28111500000000000 0.020996
55.1020410000000000 0.32262000000000000 0.022655
55.2040820000000000 0.31832300000000000 0.022353
55.3061220000000000 0.28886100000000000 0.021521
55.4081630000000000 0.29372500000000000 0.021699
55.5102040000000000 0.27485600000000000 0.020627
55.6122450000000000 0.27364500000000000 0.019909
55.7142860000000000 0.23550200000000000 0.018748
55.8163270000000000 0.23513000000000000 0.018796
55.9183670000000000 0.24232000000000000 0.018797
56.0204080000000000 0.24660000000000000 0.019121
56.1224490000000000 0.24025800000000000 0.019201
56.2244900000000000 0.25366400000000000 0.019719
56.3265310000000000 0.22195100000000000 0.018293
56.4285710000000000 0.16963600000000000 0.015388
56.5306120000000000 0.17887500000000000 0.016092
56.6326530000000000 0.14664100000000000 0.014215
56.7346940000000000 0.11212800000000000 0.012537
56.8367350000000000 0.08511800000000000 0.010547
56.9387760000000000 0.04123400000000000 0.007954
57.0408160000000000 0.01468300000000000 0.005146
57.1428570000000000 0.00224500000000000 0.003703
57.2448980000000000 -0.0030390000000000 0.002784
57.3469390000000000 -0.0009620000000000 0.003229
57.4489800000000000 0.00543300000000000 0.004136
57.5510200000000000 -0.0020150000000000 0.003013
57.6530610000000000 0.00221700000000000 0.003656
57.7551020000000000 -0.0021230000000000 0.003175
57.8571430000000000 0.00541000000000000 0.004119
57.9591840000000000 0.00227400000000000 0.003751
58.0612240000000000 0.01119500000000000 0.004987
58.1632650000000000 0.00122400000000000 0.003682
58.2653060000000000 -0.0074410000000000 0.001894
58.3673470000000000 -0.0033220000000000 0.003043
58.4693880000000000 -0.0009920000000000 0.003330
58.5714290000000000 0.00779400000000000 0.004544
58.6734690000000000 0.01574100000000000 0.005261
58.7755100000000000 0.00695600000000000 0.004576
58.8775510000000000 0.01692200000000000 0.005658
58.9795920000000000 0.00840200000000000 0.004421
59.0816330000000000 0.01973100000000000 0.005837
59.1836730000000000 0.01302500000000000 0.005414
59.2857140000000000 0.04785700000000000 0.008231
59.3877550000000000 0.05790200000000000 0.009193
59.4897960000000000 0.07240100000000000 0.010284
59.5918370000000000 0.09950200000000000 0.011742
59.6938780000000000 0.09250100000000000 0.011497
59.7959180000000000 0.08447400000000000 0.010746
59.8979590000000000 0.10261000000000000 0.011792
60.0000000000000000 0.12389700000000000 0.013453
