55.0000000000000000 0.30224300000000000 0.021994
55.1020410000000000 0.32262000000000000 0.022655
55.2040820000000000 0.30917300000000000 0.021932
55.3061220000000000 0.27276000000000000 0.020751
55.4081630000000000 0.30440200000000000 0.022203
55.5102040000000000 0.29687800000000000 0.021668
55.6122450000000000 0.29318400000000000 0.020810
55.7142860000000000 0.22814600000000000 0.018387
55.8163270000000000 0.21819100000000000 0.017958
55.9183670000000000 0.24130200000000000 0.018748
56.0204080000000000 0.25691300000000000 0.019616
56.1224490000000000 0.24456500000000000 0.019413
56.2244900000000000 0.24942000000000000 0.019513
56.3265310000000000 0.25425700000000000 0.019886
56.4285710000000000 0.21672600000000000 0.017786
56.5306120000000000 0.23164300000000000 0.018775
56.6326530000000000 0.18775400000000000 0.016384
56.7346940000000000 0.14617200000000000 0.014482
56.8367350000000000 0.17323600000000000 0.015505
56.9387760000000000 0.11090000000000000 0.012719
57.0408160000000000 0.07089800000000000 0.009655
57.1428570000000000 0.02997500000000000 0.006703
57.2448980000000000 0.00745800000000000 0.004348
57.3469390000000000 0.00333600000000000 0.003884
57.4489800000000000 -0.0041450000000000 0.002616
57.5510200000000000 -0.0020150000000000 0.003013
57.6530610000000000 0.00011000000000000 0.003336
57.7551020000000000 -0.0043640000000000 0.002754
57.8571430000000000 0.00647000000000000 0.004256
57.9591840000000000 0.00335400000000000 0.003905
58.0612240000000000 -0.0009920000000000 0.003330
58.1632650000000000 -0.0009920000000000 0.003330
58.2653060000000000 0.00011300000000000 0.003419
58.3673470000000000 0.00241500000000000 0.003983
58.4693880000000000 -0.0054230000000000 0.002490
58.5714290000000000 0.00450300000000000 0.004117
58.6734690000000000 0.00323600000000000 0.003767
58.7755100000000000 0.00353800000000000 0.004119
58.8775510000000000 0.00123800000000000 0.003723
58.9795920000000000 0.01358600000000000 0.005013
59.0816330000000000 0.00992200000000000 0.004778
59.1836730000000000 0.01419800000000000 0.005546
59.2857140000000000 0.02290000000000000 0.006128
59.3877550000000000 0.05223700000000000 0.008774
59.4897960000000000 0.07354800000000000 0.010362
59.5918370000000000 0.06892100000000000 0.009776
59.6938780000000000 0.08574200000000000 0.011065
59.7959180000000000 0.09528900000000000 0.011424
59.8979590000000000 0.09193300000000000 0.011140
60.0000000000000000 0.13184700000000000 0.013914
