55.0000000000000000 0.27372000000000000 0.020644
55.1020410000000000 0.26304800000000000 0.019871
55.2040820000000000 0.27359000000000000 0.020275
55.3061220000000000 0.26202600000000000 0.020233
55.4081630000000000 0.25635600000000000 0.019909
55.5102040000000000 0.25912700000000000 0.019875
55.6122450000000000 0.23847500000000000 0.018260
55.7142860000000000 0.23655200000000000 0.018800
55.8163270000000000 0.19807700000000000 0.016945
55.9183670000000000 0.22705400000000000 0.018058
56.0204080000000000 0.24660000000000000 0.019121
56.1224490000000000 0.23272000000000000 0.018829
56.2244900000000000 0.25578500000000000 0.019822
56.3265310000000000 0.27364100000000000 0.020825
56.4285710000000000 0.26486300000000000 0.020131
56.5306120000000000 0.27471800000000000 0.020876
56.6326530000000000 0.27630500000000000 0.020747
56.7346940000000000 0.24390900000000000 0.019560
56.8367350000000000 0.29452900000000000 0.021445
56.9387760000000000 0.26507900000000000 0.020981
57.0408160000000000 0.30200200000000000 0.021835
57.1428570000000000 0.23368500000000000 0.018790
57.2448980000000000 0.28144300000000000 0.020950
57.3469390000000000 0.31388700000000000 0.022715
57.4489800000000000 0.25340900000000000 0.019736
57.5510200000000000 0.27865500000000000 0.020940
57.6530610000000000 0.25916500000000000 0.019916
57.7551020000000000 0.26451200000000000 0.020765
57.8571430000000000 0.27459000000000000 0.020716
57.9591840000000000 0.26588500000000000 0.020482
58.0612240000000000 0.27044400000000000 0.020946
58.1632650000000000 0.30257400000000000 0.022496
58.2653060000000000 0.22998400000000000 0.018712
58.3673470000000000 0.28580000000000000 0.022046
58.4693880000000000 0.24717800000000000 0.019804
58.5714290000000000 0.26887100000000000 0.020773
58.6734690000000000 0.25333800000000000 0.019539
58.7755100000000000 0.21319900000000000 0.018344
58.8775510000000000 0.12895400000000000 0.013653
58.9795920000000000 0.07267700000000000 0.009750
59.0816330000000000 0.08729800000000000 0.010970
59.1836730000000000 0.09747200000000000 0.012062
59.2857140000000000 0.19868000000000000 0.017179
59.3877550000000000 0.25051400000000000 0.020181
59.4897960000000000 0.24793900000000000 0.020172
59.5918370000000000 0.25459100000000000 0.020035
59.6938780000000000 0.25248200000000000 0.020225
59.7959180000000000 0.27266200000000000 0.020819
59.8979590000000000 0.30013100000000000 0.022002
60.0000000000000000 0.27720100000000000 0.021521
