55.0000000000000000 0.23146400000000000 0.018597
55.1020410000000000 0.29283400000000000 0.021275
55.2040820000000000 0.26139000000000000 0.019699
55.3061220000000000 0.23733700000000000 0.019028
55.4081630000000000 0.29159000000000000 0.021598
55.5102040000000000 0.26856500000000000 0.020328
55.6122450000000000 0.23066000000000000 0.017887
55.7142860000000000 0.21868800000000000 0.017919
55.8163270000000000 0.22877800000000000 0.018483
55.9183670000000000 0.24944400000000000 0.019139
56.0204080000000000 0.24556900000000000 0.019071
56.1224490000000000 0.25641100000000000 0.019991
56.2244900000000000 0.26639400000000000 0.020333
56.3265310000000000 0.25318000000000000 0.019834
56.4285710000000000 0.24812000000000000 0.019325
56.5306120000000000 0.29517900000000000 0.021854
56.6326530000000000 0.28368400000000000 0.021097
56.7346940000000000 0.27355900000000000 0.021011
56.8367350000000000 0.28934600000000000 0.021202
56.9387760000000000 0.29705700000000000 0.022547
57.0408160000000000 0.26660700000000000 0.020165
57.1428570000000000 0.28381300000000000 0.021217
57.2448980000000000 0.28879200000000000 0.021298
57.3469390000000000 0.28057500000000000 0.021136
57.4489800000000000 0.25979500000000000 0.020045
57.5510200000000000 0.25526600000000000 0.019816
57.6530610000000000 0.24863400000000000 0.019407
57.7551020000000000 0.28467700000000000 0.021749
57.8571430000000000 0.25127500000000000 0.019593
57.9591840000000000 0.27452800000000000 0.020899
58.0612240000000000 0.27266000000000000 0.021054
58.1632650000000000 0.27266000000000000 0.021054
58.2653060000000000 0.24617200000000000 0.019511
58.3673470000000000 0.26055900000000000 0.020802
58.4693880000000000 0.26379700000000000 0.020622
58.5714290000000000 0.26119300000000000 0.020399
58.6734690000000000 0.25959100000000000 0.019840
58.7755100000000000 0.22801200000000000 0.019102
58.8775510000000000 0.14239700000000000 0.014416
58.9795920000000000 0.08511800000000000 0.010547
59.0816330000000000 0.05678300000000000 0.008914
59.1836730000000000 0.09629900000000000 0.011988
59.2857140000000000 0.17914900000000000 0.016166
59.3877550000000000 0.22445400000000000 0.018869
59.4897960000000000 0.24793900000000000 0.020172
59.5918370000000000 0.30264600000000000 0.022352
59.6938780000000000 0.24346900000000000 0.019776
59.7959180000000000 0.27915100000000000 0.021131
59.8979590000000000 0.25742400000000000 0.019960
60.0000000000000000 0.24994700000000000 0.020174
