55.0000000000000000 0.00011100000000000 0.003347
55.1020410000000000 0.00113500000000000 0.003413
55.2040820000000000 0.00010700000000000 0.003221
55.3061220000000000 -0.0031080000000000 0.002847
55.4081630000000000 -0.0052260000000000 0.002399
55.5102040000000000 0.00325600000000000 0.003791
55.6122450000000000 -0.0018510000000000 0.002769
55.7142860000000000 0.00221200000000000 0.003648
55.8163270000000000 0.00434600000000000 0.003973
55.9183670000000000 -0.0049820000000000 0.002287
56.0204080000000000 0.00217100000000000 0.003581
56.1224490000000000 0.00119000000000000 0.003579
56.2244900000000000 0.00011100000000000 0.003361
56.3265310000000000 -0.0031180000000000 0.002856
56.4285710000000000 0.00220300000000000 0.003633
56.5306120000000000 -0.0020410000000000 0.003052
56.6326530000000000 0.00011100000000000 0.003340
56.7346940000000000 -0.0020810000000000 0.003112
56.8367350000000000 0.00218200000000000 0.003599
56.9387760000000000 0.00468800000000000 0.004286
57.0408160000000000 -0.0050960000000000 0.002339
57.1428570000000000 -0.0009550000000000 0.003205
57.2448980000000000 0.00850800000000000 0.004477
57.3469390000000000 0.00226200000000000 0.003731
57.4489800000000000 0.01394700000000000 0.005147
57.5510200000000000 0.01180600000000000 0.004906
57.6530610000000000 0.00958800000000000 0.004617
57.7551020000000000 0.02812500000000000 0.006745
57.8571430000000000 0.01812700000000000 0.005568
57.9591840000000000 0.02064000000000000 0.005892
58.0612240000000000 0.03113700000000000 0.006966
58.1632650000000000 0.02670600000000000 0.006569
58.2653060000000000 0.05191500000000000 0.008510
58.3673470000000000 0.03912900000000000 0.007803
58.4693880000000000 0.06326700000000000 0.009460
58.5714290000000000 0.07580600000000000 0.010262
58.6734690000000000 0.06159300000000000 0.009030
58.7755100000000000 0.04683800000000000 0.008388
58.8775510000000000 0.03484700000000000 0.007335
58.9795920000000000 0.02187900000000000 0.005853
59.0816330000000000 0.01537100000000000 0.005388
59.1836730000000000 0.04703800000000000 0.008547
59.2857140000000000 0.06087700000000000 0.009184
59.3877550000000000 0.08056200000000000 0.010760
59.4897960000000000 0.08157900000000000 0.010901
59.5918370000000000 0.08093500000000000 0.010574
59.6938780000000000 0.09362800000000000 0.011568
59.7959180000000000 0.09528900000000000 0.011424
59.8979590000000000 0.10581300000000000 0.011983
60.0000000000000000 0.12389700000000000 0.013453
