55.0000000000000000 0.25787400000000000 0.019883
55.1020410000000000 0.24045100000000000 0.018788
55.2040820000000000 0.27359000000000000 0.020275
55.3061220000000000 0.23304400000000000 0.018816
55.4081630000000000 0.27771000000000000 0.020937
55.5102040000000000 0.24130000000000000 0.019013
55.6122450000000000 0.22479800000000000 0.017606
55.7142860000000000 0.24075600000000000 0.019005
55.8163270000000000 0.21183900000000000 0.017640
55.9183670000000000 0.22603600000000000 0.018009
56.0204080000000000 0.26619500000000000 0.020059
56.1224490000000000 0.27148700000000000 0.020721
56.2244900000000000 0.29609900000000000 0.021747
56.3265310000000000 0.26718000000000000 0.020513
56.4285710000000000 0.29102400000000000 0.021372
56.5306120000000000 0.28010200000000000 0.021135
56.6326530000000000 0.29949700000000000 0.021844
56.7346940000000000 0.29662100000000000 0.022121
56.8367350000000000 0.28623600000000000 0.021056
56.9387760000000000 0.25023200000000000 0.020243
57.0408160000000000 0.26036100000000000 0.019867
57.1428570000000000 0.29447800000000000 0.021724
57.2448980000000000 0.30348800000000000 0.021989
57.3469390000000000 0.26553100000000000 0.020413
57.4489800000000000 0.28320900000000000 0.021168
57.5510200000000000 0.27865500000000000 0.020940
57.6530610000000000 0.25284700000000000 0.019611
57.7551020000000000 0.25779000000000000 0.020434
57.8571430000000000 0.25763400000000000 0.019901
57.9591840000000000 0.26048300000000000 0.020220
58.0612240000000000 0.31032900000000000 0.022866
58.1632650000000000 0.27820000000000000 0.021323
58.2653060000000000 0.29905300000000000 0.022059
58.3673470000000000 0.26285400000000000 0.020916
58.4693880000000000 0.23831500000000000 0.019363
58.5714290000000000 0.22389600000000000 0.018552
58.6734690000000000 0.26688500000000000 0.020188
58.7755100000000000 0.20864100000000000 0.018108
58.8775510000000000 0.13567600000000000 0.014037
58.9795920000000000 0.06853000000000000 0.009475
59.0816330000000000 0.07204100000000000 0.009975
59.1836730000000000 0.11154600000000000 0.012936
59.2857140000000000 0.18348900000000000 0.016393
59.3877550000000000 0.25957800000000000 0.020631
59.4897960000000000 0.25597000000000000 0.020573
59.5918370000000000 0.25786700000000000 0.020195
59.6938780000000000 0.28064800000000000 0.021610
59.7959180000000000 0.28131400000000000 0.021235
59.8979590000000000 0.29159000000000000 0.021598
60.0000000000000000 0.27152300000000000 0.021242
