55.0000000000000000 0.27477600000000000 0.020694
55.1020410000000000 0.29899600000000000 0.021562
55.2040820000000000 0.29799000000000000 0.021415
55.3061220000000000 0.31784300000000000 0.022890
55.4081630000000000 0.28625100000000000 0.021344
55.5102040000000000 0.28324600000000000 0.021026
55.6122450000000000 0.27364500000000000 0.019909
55.7142860000000000 0.23760300000000000 0.018851
55.8163270000000000 0.26900600000000000 0.020438
55.9183670000000000 0.22705400000000000 0.018058
56.0204080000000000 0.25485100000000000 0.019518
56.1224490000000000 0.27902500000000000 0.021083
56.2244900000000000 0.27594200000000000 0.020790
56.3265310000000000 0.28010200000000000 0.021135
56.4285710000000000 0.26904900000000000 0.020331
56.5306120000000000 0.28979400000000000 0.021598
56.6326530000000000 0.27208800000000000 0.020546
56.7346940000000000 0.23402500000000000 0.019069
56.8367350000000000 0.22196100000000000 0.017966
56.9387760000000000 0.19427100000000000 0.017378
57.0408160000000000 0.16042500000000000 0.014864
57.1428570000000000 0.14409600000000000 0.014159
57.2448980000000000 0.08514000000000000 0.010619
57.3469390000000000 0.02482800000000000 0.006270
57.4489800000000000 0.00330400000000000 0.003847
57.5510200000000000 -0.0009520000000000 0.003195
57.6530610000000000 -0.0062080000000000 0.002123
57.7551020000000000 0.00011800000000000 0.003549
57.8571430000000000 0.00011100000000000 0.003357
57.9591840000000000 0.00119400000000000 0.003590
58.0612240000000000 -0.0009920000000000 0.003330
58.1632650000000000 0.00233200000000000 0.003846
58.2653060000000000 -0.0031240000000000 0.002862
58.3673470000000000 0.00012000000000000 0.003635
58.4693880000000000 0.01562700000000000 0.005478
58.5714290000000000 0.01437600000000000 0.005306
58.6734690000000000 0.03658300000000000 0.007163
58.7755100000000000 0.02974600000000000 0.006965
58.8775510000000000 0.03708800000000000 0.007523
58.9795920000000000 0.02187900000000000 0.005853
59.0816330000000000 0.02191000000000000 0.006050
59.1836730000000000 0.05290200000000000 0.009001
59.2857140000000000 0.09017400000000000 0.011126
59.3877550000000000 0.12475000000000000 0.013487
59.4897960000000000 0.16074300000000000 0.015614
59.5918370000000000 0.15411100000000000 0.014878
59.6938780000000000 0.15446600000000000 0.015129
59.7959180000000000 0.13530600000000000 0.013769
59.8979590000000000 0.19870100000000000 0.017047
60.0000000000000000 0.16932100000000000 0.016001
