55.0000000000000000 0.30752500000000000 0.022242
55.1020410000000000 0.26304800000000000 0.019871
55.2040820000000000 0.27867300000000000 0.020514
55.3061220000000000 0.28564100000000000 0.021368
55.4081630000000000 0.29692800000000000 0.021850
55.5102040000000000 0.28010000000000000 0.020877
55.6122450000000000 0.21112100000000000 0.016945
55.7142860000000000 0.19136600000000000 0.016544
55.8163270000000000 0.20866300000000000 0.017481
55.9183670000000000 0.23316000000000000 0.018355
56.0204080000000000 0.25175700000000000 0.019369
56.1224490000000000 0.24779600000000000 0.019571
56.2244900000000000 0.26321200000000000 0.020180
56.3265310000000000 0.25210300000000000 0.019781
56.4285710000000000 0.29835000000000000 0.021717
56.5306120000000000 0.26179500000000000 0.020253
56.6326530000000000 0.26049200000000000 0.019990
56.7346940000000000 0.28783500000000000 0.021700
56.8367350000000000 0.27068500000000000 0.020321
56.9387760000000000 0.26165300000000000 0.020811
57.0408160000000000 0.29263300000000000 0.021397
57.1428570000000000 0.28488000000000000 0.021268
57.2448980000000000 0.28249300000000000 0.021000
57.3469390000000000 0.27842600000000000 0.021033
57.4489800000000000 0.29704400000000000 0.021824
57.5510200000000000 0.23825600000000000 0.018987
57.6530610000000000 0.28128000000000000 0.020973
57.7551020000000000 0.28131600000000000 0.021586
57.8571430000000000 0.27670900000000000 0.020817
57.9591840000000000 0.25076000000000000 0.019746
58.0612240000000000 0.25936500000000000 0.020404
58.1632650000000000 0.29371000000000000 0.022072
58.2653060000000000 0.24941000000000000 0.019670
58.3673470000000000 0.27088500000000000 0.021313
58.4693880000000000 0.24163900000000000 0.019529
58.5714290000000000 0.21731400000000000 0.018220
58.6734690000000000 0.26063300000000000 0.019890
58.7755100000000000 0.22687300000000000 0.019044
58.8775510000000000 0.14351800000000000 0.014479
58.9795920000000000 0.08615400000000000 0.010612
59.0816330000000000 0.06332200000000000 0.009378
59.1836730000000000 0.13031200000000000 0.014055
59.2857140000000000 0.17046900000000000 0.015708
59.3877550000000000 0.21878900000000000 0.018580
59.4897960000000000 0.28121000000000000 0.021821
59.5918370000000000 0.26988100000000000 0.020780
59.6938780000000000 0.25924200000000000 0.020560
59.7959180000000000 0.25860200000000000 0.020138
59.8979590000000000 0.28091300000000000 0.021090
60.0000000000000000 0.25108200000000000 0.020231
