55.0000000000000000 0.26738100000000000 0.020340
55.1020410000000000 0.25072200000000000 0.019282
55.2040820000000000 0.25630700000000000 0.019457
55.3061220000000000 0.27705400000000000 0.020957
55.4081630000000000 0.26810100000000000 0.020476
55.5102040000000000 0.27485600000000000 0.020627
55.6122450000000000 0.25410600000000000 0.018998
55.7142860000000000 0.24285800000000000 0.019108
55.8163270000000000 0.21713300000000000 0.017905
55.9183670000000000 0.22909000000000000 0.018157
56.0204080000000000 0.22906700000000000 0.018270
56.1224490000000000 0.27794900000000000 0.021032
56.2244900000000000 0.23987200000000000 0.019047
56.3265310000000000 0.26933400000000000 0.020617
56.4285710000000000 0.26277000000000000 0.020031
56.5306120000000000 0.27471800000000000 0.020876
56.6326530000000000 0.28473900000000000 0.021147
56.7346940000000000 0.26477400000000000 0.020584
56.8367350000000000 0.24684100000000000 0.019179
56.9387760000000000 0.24680600000000000 0.020071
57.0408160000000000 0.27389500000000000 0.020512
57.1428570000000000 0.28381300000000000 0.021217
57.2448980000000000 0.26254800000000000 0.020049
57.3469390000000000 0.27842600000000000 0.021033
57.4489800000000000 0.24383100000000000 0.019269
57.5510200000000000 0.30736000000000000 0.022299
57.6530610000000000 0.26969600000000000 0.020421
57.7551020000000000 0.26899300000000000 0.020984
57.8571430000000000 0.24173700000000000 0.019129
57.9591840000000000 0.28749200000000000 0.021520
58.0612240000000000 0.27820000000000000 0.021323
58.1632650000000000 0.28152300000000000 0.021484
58.2653060000000000 0.26451900000000000 0.020405
58.3673470000000000 0.28465200000000000 0.021990
58.4693880000000000 0.25493400000000000 0.020187
58.5714290000000000 0.28422900000000000 0.021516
58.6734690000000000 0.27730600000000000 0.020684
58.7755100000000000 0.23826700000000000 0.019621
58.8775510000000000 0.15472100000000000 0.015101
58.9795920000000000 0.09237400000000000 0.010996
59.0816330000000000 0.08511800000000000 0.010831
59.1836730000000000 0.09629900000000000 0.011988
59.2857140000000000 0.17589400000000000 0.015995
59.3877550000000000 0.19612900000000000 0.017408
59.4897960000000000 0.25597000000000000 0.020573
59.5918370000000000 0.25895900000000000 0.020248
59.6938780000000000 0.23783600000000000 0.019494
59.7959180000000000 0.28455900000000000 0.021391
59.8979590000000000 0.24995000000000000 0.019597
60.0000000000000000 0.24199800000000000 0.019776
