55.0000000000000000 0.27055100000000000 0.020492
55.1020410000000000 0.27434600000000000 0.020406
55.2040820000000000 0.26850700000000000 0.020035
55.3061220000000000 0.25021800000000000 0.019660
55.4081630000000000 0.23179900000000000 0.018707
55.5102040000000000 0.25912700000000000 0.019875
55.6122450000000000 0.25508300000000000 0.019044
55.7142860000000000 0.22499300000000000 0.018232
55.8163270000000000 0.20972200000000000 0.017534
55.9183670000000000 0.22603600000000000 0.018009
56.0204080000000000 0.26825800000000000 0.020157
56.1224490000000000 0.29302500000000000 0.021751
56.2244900000000000 0.25154200000000000 0.019616
56.3265310000000000 0.28656400000000000 0.021444
56.4285710000000000 0.25230600000000000 0.019528
56.5306120000000000 0.23918100000000000 0.019148
56.6326530000000000 0.27208800000000000 0.020546
56.7346940000000000 0.28563900000000000 0.021594
56.8367350000000000 0.31837300000000000 0.022554
56.9387760000000000 0.28106800000000000 0.021768
57.0408160000000000 0.29887900000000000 0.021689
57.1428570000000000 0.25395000000000000 0.019782
57.2448980000000000 0.27304500000000000 0.020551
57.3469390000000000 0.27305300000000000 0.020776
57.4489800000000000 0.26085900000000000 0.020097
57.5510200000000000 0.29247600000000000 0.021597
57.6530610000000000 0.26653700000000000 0.020270
57.7551020000000000 0.26227100000000000 0.020655
57.8571430000000000 0.26929100000000000 0.020462
57.9591840000000000 0.25076000000000000 0.019746
58.0612240000000000 0.27709200000000000 0.021269
58.1632650000000000 0.26822900000000000 0.020838
58.2653060000000000 0.24509300000000000 0.019458
58.3673470000000000 0.27891600000000000 0.021709
58.4693880000000000 0.26268900000000000 0.020567
58.5714290000000000 0.29190800000000000 0.021884
58.6734690000000000 0.25854900000000000 0.019790
58.7755100000000000 0.22345400000000000 0.018869
58.8775510000000000 0.17712700000000000 0.016313
58.9795920000000000 0.07682400000000000 0.010020
59.0816330000000000 0.08620800000000000 0.010901
59.1836730000000000 0.12327500000000000 0.013640
59.2857140000000000 0.19217000000000000 0.016844
59.3877550000000000 0.24938100000000000 0.020124
59.4897960000000000 0.28580000000000000 0.022046
59.5918370000000000 0.26551200000000000 0.020568
59.6938780000000000 0.26600200000000000 0.020893
59.7959180000000000 0.28347700000000000 0.021339
59.8979590000000000 0.28625100000000000 0.021344
60.0000000000000000 0.26698100000000000 0.021019
