55.0000000000000000 0.25470400000000000 0.019730
55.1020410000000000 0.29796900000000000 0.021514
55.2040820000000000 0.25020700000000000 0.019166
55.3061220000000000 0.25880500000000000 0.020077
55.4081630000000000 0.26169500000000000 0.020167
55.5102040000000000 0.27590500000000000 0.020677
55.6122450000000000 0.23066000000000000 0.017887
55.7142860000000000 0.20292500000000000 0.017131
55.8163270000000000 0.24889200000000000 0.019468
55.9183670000000000 0.24232000000000000 0.018797
56.0204080000000000 0.23938000000000000 0.018772
56.1224490000000000 0.25318000000000000 0.019834
56.2244900000000000 0.25260300000000000 0.019667
56.3265310000000000 0.29625600000000000 0.021905
56.4285710000000000 0.25335200000000000 0.019578
56.5306120000000000 0.28010200000000000 0.021135
56.6326530000000000 0.24889700000000000 0.019430
56.7346940000000000 0.27685400000000000 0.021171
56.8367350000000000 0.25928200000000000 0.019777
56.9387760000000000 0.25708500000000000 0.020584
57.0408160000000000 0.24578700000000000 0.019165
57.1428570000000000 0.29874500000000000 0.021925
57.2448980000000000 0.27514500000000000 0.020651
57.3469390000000000 0.30206600000000000 0.022158
57.4489800000000000 0.27150200000000000 0.020609
57.5510200000000000 0.27227600000000000 0.020636
57.6530610000000000 0.27496100000000000 0.020673
57.7551020000000000 0.29139900000000000 0.022074
57.8571430000000000 0.27035100000000000 0.020513
57.9591840000000000 0.28965300000000000 0.021623
58.0612240000000000 0.27376800000000000 0.021108
58.1632650000000000 0.28927900000000000 0.021858
58.2653060000000000 0.27423200000000000 0.020874
58.3673470000000000 0.27891600000000000 0.021709
58.4693880000000000 0.26268900000000000 0.020567
58.5714290000000000 0.29739200000000000 0.022147
58.6734690000000000 0.27418000000000000 0.020536
58.7755100000000000 0.20864100000000000 0.018108
58.8775510000000000 0.14239700000000000 0.014416
58.9795920000000000 0.09030100000000000 0.010869
59.0816330000000000 0.05896300000000000 0.009070
59.1836730000000000 0.11389200000000000 0.013078
59.2857140000000000 0.18023400000000000 0.016223
59.3877550000000000 0.23011900000000000 0.019157
59.4897960000000000 0.25941200000000000 0.020745
59.5918370000000000 0.25459100000000000 0.020035
59.6938780000000000 0.25135600000000000 0.020169
59.7959180000000000 0.24994900000000000 0.019716
59.8979590000000000 0.26810100000000000 0.020476
60.0000000000000000 0.26698100000000000 0.021019
