55.0000000000000000 0.29590400000000000 0.021696
55.1020410000000000 0.25174900000000000 0.019332
55.2040820000000000 0.25732300000000000 0.019505
55.3061220000000000 0.26202600000000000 0.020233
55.4081630000000000 0.26596500000000000 0.020373
55.5102040000000000 0.25073700000000000 0.019471
55.6122450000000000 0.25899100000000000 0.019227
55.7142860000000000 0.24811200000000000 0.019363
55.8163270000000000 0.21819100000000000 0.017958
55.9183670000000000 0.19652300000000000 0.016550
56.0204080000000000 0.28269700000000000 0.020839
56.1224490000000000 0.28656400000000000 0.021444
56.2244900000000000 0.26321200000000000 0.020180
56.3265310000000000 0.30056300000000000 0.022109
56.4285710000000000 0.27951300000000000 0.020829
56.5306120000000000 0.28441000000000000 0.021341
56.6326530000000000 0.27314300000000000 0.020596
56.7346940000000000 0.26806800000000000 0.020745
56.8367350000000000 0.27379500000000000 0.020468
56.9387760000000000 0.25251600000000000 0.020357
57.0408160000000000 0.26764800000000000 0.020215
57.1428570000000000 0.26888100000000000 0.020503
57.2448980000000000 0.24575200000000000 0.019239
57.3469390000000000 0.27305300000000000 0.020776
57.4489800000000000 0.25979500000000000 0.020045
57.5510200000000000 0.25951900000000000 0.020022
57.6530610000000000 0.26864300000000000 0.020371
57.7551020000000000 0.25779000000000000 0.020434
57.8571430000000000 0.26929100000000000 0.020462
57.9591840000000000 0.25400100000000000 0.019904
58.0612240000000000 0.25825700000000000 0.020350
58.1632650000000000 0.27709200000000000 0.021269
58.2653060000000000 0.27854900000000000 0.021081
58.3673470000000000 0.27088500000000000 0.021313
58.4693880000000000 0.27598400000000000 0.021216
58.5714290000000000 0.23815600000000000 0.019265
58.6734690000000000 0.26688500000000000 0.020188
58.7755100000000000 0.20294400000000000 0.017812
58.8775510000000000 0.16704400000000000 0.015772
58.9795920000000000 0.09548400000000000 0.011186
59.0816330000000000 0.06332200000000000 0.009378
59.1836730000000000 0.11506500000000000 0.013149
59.2857140000000000 0.17697900000000000 0.016052
59.3877550000000000 0.23691700000000000 0.019500
59.4897960000000000 0.25138100000000000 0.020344
59.5918370000000000 0.23274700000000000 0.018956
59.6938780000000000 0.26712800000000000 0.020948
59.7959180000000000 0.27698800000000000 0.021027
59.8979590000000000 0.30119900000000000 0.022052
60.0000000000000000 0.26698100000000000 0.021019
