55.0000000000000000 0.28217100000000000 0.021046
55.1020410000000000 0.28256300000000000 0.020793
55.2040820000000000 0.27257300000000000 0.020227
55.3061220000000000 0.27705400000000000 0.020957
55.4081630000000000 0.28198100000000000 0.021141
55.5102040000000000 0.29582900000000000 0.021619
55.6122450000000000 0.24531400000000000 0.018584
55.7142860000000000 0.20607800000000000 0.017289
55.8163270000000000 0.20972200000000000 0.017534
55.9183670000000000 0.23214300000000000 0.018305
56.0204080000000000 0.26000700000000000 0.019764
56.1224490000000000 0.26610300000000000 0.020461
56.2244900000000000 0.28018600000000000 0.020993
56.3265310000000000 0.28117900000000000 0.021186
56.4285710000000000 0.27323500000000000 0.020530
56.5306120000000000 0.28333300000000000 0.021289
56.6326530000000000 0.30160500000000000 0.021943
56.7346940000000000 0.27795200000000000 0.021224
56.8367350000000000 0.26964900000000000 0.020271
56.9387760000000000 0.28106800000000000 0.021768
57.0408160000000000 0.27077200000000000 0.020364
57.1428570000000000 0.27421400000000000 0.020759
57.2448980000000000 0.28354300000000000 0.021050
57.3469390000000000 0.29669300000000000 0.021904
57.4489800000000000 0.23957400000000000 0.019061
57.5510200000000000 0.27440300000000000 0.020737
57.6530610000000000 0.27074900000000000 0.020472
57.7551020000000000 0.29700100000000000 0.022344
57.8571430000000000 0.25445400000000000 0.019747
57.9591840000000000 0.31450200000000000 0.022800
58.0612240000000000 0.24828600000000000 0.019858
58.1632650000000000 0.26601300000000000 0.020730
58.2653060000000000 0.25372700000000000 0.019881
58.3673470000000000 0.25367500000000000 0.020459
58.4693880000000000 0.26158100000000000 0.020513
58.5714290000000000 0.27874400000000000 0.021251
58.6734690000000000 0.23145400000000000 0.018477
58.7755100000000000 0.21775700000000000 0.018578
58.8775510000000000 0.13007400000000000 0.013717
58.9795920000000000 0.08511800000000000 0.010547
59.0816330000000000 0.07095100000000000 0.009902
59.1836730000000000 0.10685500000000000 0.012648
59.2857140000000000 0.18565900000000000 0.016506
59.3877550000000000 0.21539000000000000 0.018406
59.4897960000000000 0.26744300000000000 0.021143
59.5918370000000000 0.25131400000000000 0.019874
59.6938780000000000 0.27839500000000000 0.021500
59.7959180000000000 0.24346000000000000 0.019398
59.8979590000000000 0.27450700000000000 0.020783
60.0000000000000000 0.30331900000000000 0.022790
