55.0000000000000000 0.22723800000000000 0.018388
55.1020410000000000 0.27331900000000000 0.020358
55.2040820000000000 0.26037300000000000 0.019650
55.3061220000000000 0.24163100000000000 0.019239
55.4081630000000000 0.20510700000000000 0.017372
55.5102040000000000 0.18886700000000000 0.016400
55.6122450000000000 0.15836600000000000 0.014303
55.7142860000000000 0.12516200000000000 0.013004
55.8163270000000000 0.10174100000000000 0.011688
55.9183670000000000 0.10696500000000000 0.011758
56.0204080000000000 0.07436500000000000 0.009833
56.1224490000000000 0.06580300000000000 0.009488
56.2244900000000000 0.04891200000000000 0.008205
56.3265310000000000 0.02918900000000000 0.006674
56.4285710000000000 0.00952800000000000 0.004587
56.5306120000000000 0.00226700000000000 0.003739
56.6326530000000000 -0.0009440000000000 0.003168
56.7346940000000000 0.00011500000000000 0.003479
56.8367350000000000 0.00218200000000000 0.003599
56.9387760000000000 -0.0021640000000000 0.003237
57.0408160000000000 0.00531400000000000 0.004046
57.1428570000000000 -0.0041540000000000 0.002621
57.2448980000000000 0.00011000000000000 0.003326
57.3469390000000000 0.00226200000000000 0.003731
57.4489800000000000 0.00330400000000000 0.003847
57.5510200000000000 -0.0041410000000000 0.002613
57.6530610000000000 0.00432300000000000 0.003952
57.7551020000000000 -0.0032430000000000 0.002971
57.8571430000000000 0.00541000000000000 0.004119
57.9591840000000000 -0.0031280000000000 0.002865
58.0612240000000000 -0.0021000000000000 0.003140
58.1632650000000000 0.00454800000000000 0.004158
58.2653060000000000 -0.0020450000000000 0.003058
58.3673470000000000 0.00585700000000000 0.004459
58.4693880000000000 -0.0009920000000000 0.003330
58.5714290000000000 0.00011500000000000 0.003475
58.6734690000000000 0.00115100000000000 0.003463
58.7755100000000000 -0.0032990000000000 0.003022
58.8775510000000000 -0.0054840000000000 0.002518
58.9795920000000000 0.00114500000000000 0.003445
59.0816330000000000 -0.0009750000000000 0.003275
59.1836730000000000 0.01067900000000000 0.005143
59.2857140000000000 0.01747500000000000 0.005592
59.3877550000000000 0.01031600000000000 0.004968
59.4897960000000000 0.01618300000000000 0.005674
59.5918370000000000 0.01431300000000000 0.005282
59.6938780000000000 0.01814400000000000 0.005807
59.7959180000000000 0.02715200000000000 0.006510
59.8979590000000000 0.03107500000000000 0.006803
60.0000000000000000 0.04327100000000000 0.008091
