55.0000000000000000 0.36140100000000000 0.024734
55.1020410000000000 0.34727100000000000 0.023783
55.2040820000000000 0.31120700000000000 0.022026
55.3061220000000000 0.30174200000000000 0.022132
55.4081630000000000 0.27130400000000000 0.020630
55.5102040000000000 0.27695400000000000 0.020727
55.6122450000000000 0.22968300000000000 0.017841
55.7142860000000000 0.24285800000000000 0.019108
55.8163270000000000 0.19066700000000000 0.016567
55.9183670000000000 0.17311600000000000 0.015360
56.0204080000000000 0.17131200000000000 0.015366
56.1224490000000000 0.17026000000000000 0.015639
56.2244900000000000 0.16242700000000000 0.015110
56.3265310000000000 0.11857000000000000 0.012787
56.4285710000000000 0.11208100000000000 0.012227
56.5306120000000000 0.08411000000000000 0.010698
56.6326530000000000 0.05809000000000000 0.008842
56.7346940000000000 0.04404200000000000 0.007993
56.8367350000000000 0.01876900000000000 0.005550
56.9387760000000000 0.01039800000000000 0.005008
57.0408160000000000 0.01156000000000000 0.004804
57.1428570000000000 -0.0020210000000000 0.003023
57.2448980000000000 0.00011000000000000 0.003326
57.3469390000000000 -0.0020360000000000 0.003045
57.4489800000000000 0.00330400000000000 0.003847
57.5510200000000000 -0.0020150000000000 0.003013
57.6530610000000000 -0.0009430000000000 0.003165
57.7551020000000000 -0.0021230000000000 0.003175
57.8571430000000000 0.00435000000000000 0.003977
57.9591840000000000 -0.0042080000000000 0.002655
58.0612240000000000 -0.0032070000000000 0.002939
58.1632650000000000 0.00676400000000000 0.004450
58.2653060000000000 -0.0031240000000000 0.002862
58.3673470000000000 -0.0033220000000000 0.003043
58.4693880000000000 -0.0021000000000000 0.003140
58.5714290000000000 -0.0020790000000000 0.003109
58.6734690000000000 -0.0030170000000000 0.002764
58.7755100000000000 -0.0021590000000000 0.003229
58.8775510000000000 0.00123800000000000 0.003723
58.9795920000000000 0.00736600000000000 0.004294
59.0816330000000000 -0.0020650000000000 0.003088
59.1836730000000000 0.00598700000000000 0.004559
59.2857140000000000 -0.0009710000000000 0.003261
59.3877550000000000 0.00238500000000000 0.003934
59.4897960000000000 -0.0021740000000000 0.003252
59.5918370000000000 0.00776000000000000 0.004524
59.6938780000000000 0.00349800000000000 0.004073
59.7959180000000000 0.00335800000000000 0.003910
59.8979590000000000 0.00758600000000000 0.004422
60.0000000000000000 0.00806800000000000 0.004704
