55.0000000000000000 0.29379100000000000 0.021596
55.1020410000000000 0.25996600000000000 0.019724
55.2040820000000000 0.26037300000000000 0.019650
55.3061220000000000 0.28671400000000000 0.021419
55.4081630000000000 0.27023600000000000 0.020578
55.5102040000000000 0.26227300000000000 0.020026
55.6122450000000000 0.23749800000000000 0.018213
55.7142860000000000 0.21868800000000000 0.017919
55.8163270000000000 0.21395700000000000 0.017746
55.9183670000000000 0.21993000000000000 0.017710
56.0204080000000000 0.24763100000000000 0.019171
56.1224490000000000 0.30271700000000000 0.022211
56.2244900000000000 0.24305500000000000 0.019203
56.3265310000000000 0.26825700000000000 0.020565
56.4285710000000000 0.26067700000000000 0.019930
56.5306120000000000 0.25533400000000000 0.019939
56.6326530000000000 0.26365500000000000 0.020142
56.7346940000000000 0.25598900000000000 0.020155
56.8367350000000000 0.27690600000000000 0.020615
56.9387760000000000 0.30276700000000000 0.022824
57.0408160000000000 0.26244300000000000 0.019967
57.1428570000000000 0.24221800000000000 0.019210
57.2448980000000000 0.28039400000000000 0.020901
57.3469390000000000 0.26660600000000000 0.020465
57.4489800000000000 0.26618000000000000 0.020353
57.5510200000000000 0.26058200000000000 0.020073
57.6530610000000000 0.25811200000000000 0.019865
57.7551020000000000 0.28467700000000000 0.021749
57.8571430000000000 0.25021500000000000 0.019542
57.9591840000000000 0.24427800000000000 0.019428
58.0612240000000000 0.24939400000000000 0.019913
58.1632650000000000 0.27820000000000000 0.021323
58.2653060000000000 0.27315200000000000 0.020822
58.3673470000000000 0.28465200000000000 0.021990
58.4693880000000000 0.30478900000000000 0.022602
58.5714290000000000 0.24583500000000000 0.019645
58.6734690000000000 0.25125400000000000 0.019439
58.7755100000000000 0.22915200000000000 0.019159
58.8775510000000000 0.13455500000000000 0.013973
58.9795920000000000 0.07371400000000000 0.009818
59.0816330000000000 0.08184900000000000 0.010621
59.1836730000000000 0.13265800000000000 0.014192
59.2857140000000000 0.22038100000000000 0.018280
59.3877550000000000 0.22558700000000000 0.018927
59.4897960000000000 0.25826400000000000 0.020688
59.5918370000000000 0.25895900000000000 0.020248
59.6938780000000000 0.29304100000000000 0.022211
59.7959180000000000 0.25427600000000000 0.019928
59.8979590000000000 0.27984500000000000 0.021039
60.0000000000000000 0.27606500000000000 0.021465
