55.0000000000000000 0.27372000000000000 0.020644
55.1020410000000000 0.26407500000000000 0.019920
55.2040820000000000 0.26749000000000000 0.019987
55.3061220000000000 0.29208100000000000 0.021674
55.4081630000000000 0.25849200000000000 0.020012
55.5102040000000000 0.27275900000000000 0.020528
55.6122450000000000 0.23163700000000000 0.017934
55.7142860000000000 0.20502700000000000 0.017236
55.8163270000000000 0.20972200000000000 0.017534
55.9183670000000000 0.23926700000000000 0.018650
56.0204080000000000 0.25278800000000000 0.019419
56.1224490000000000 0.28871700000000000 0.021546
56.2244900000000000 0.28442900000000000 0.021195
56.3265310000000000 0.28979400000000000 0.021598
56.4285710000000000 0.29207100000000000 0.021422
56.5306120000000000 0.28656400000000000 0.021444
56.6326530000000000 0.27946800000000000 0.020897
56.7346940000000000 0.26257800000000000 0.020477
56.8367350000000000 0.26446500000000000 0.020025
56.9387760000000000 0.23881100000000000 0.019669
57.0408160000000000 0.28638700000000000 0.021103
57.1428570000000000 0.29981100000000000 0.021976
57.2448980000000000 0.27199600000000000 0.020501
57.3469390000000000 0.26982900000000000 0.020620
57.4489800000000000 0.30023700000000000 0.021974
57.5510200000000000 0.26908700000000000 0.020483
57.6530610000000000 0.27285500000000000 0.020572
57.7551020000000000 0.25218800000000000 0.020157
57.8571430000000000 0.26505200000000000 0.020259
57.9591840000000000 0.25400100000000000 0.019904
58.0612240000000000 0.28041600000000000 0.021430
58.1632650000000000 0.26933600000000000 0.020892
58.2653060000000000 0.25804400000000000 0.020091
58.3673470000000000 0.29497800000000000 0.022494
58.4693880000000000 0.29925000000000000 0.022337
58.5714290000000000 0.26229000000000000 0.020453
58.6734690000000000 0.25959100000000000 0.019840
58.7755100000000000 0.23712800000000000 0.019563
58.8775510000000000 0.14463800000000000 0.014542
58.9795920000000000 0.09341100000000000 0.011060
59.0816330000000000 0.07204100000000000 0.009975
59.1836730000000000 0.11389200000000000 0.013078
59.2857140000000000 0.19000000000000000 0.016731
59.3877550000000000 0.23918300000000000 0.019614
59.4897960000000000 0.28235800000000000 0.021878
59.5918370000000000 0.25677500000000000 0.020142
59.6938780000000000 0.29416700000000000 0.022266
59.7959180000000000 0.26292800000000000 0.020349
59.8979590000000000 0.25742400000000000 0.019960
60.0000000000000000 0.25221800000000000 0.020287
