55.0000000000000000 0.28111500000000000 0.020996
55.1020410000000000 0.30310500000000000 0.021753
55.2040820000000000 0.29392300000000000 0.021226
55.3061220000000000 0.27812700000000000 0.021009
55.4081630000000000 0.28838700000000000 0.021446
55.5102040000000000 0.28953800000000000 0.021323
55.6122450000000000 0.24238300000000000 0.018445
55.7142860000000000 0.23655200000000000 0.018800
55.8163270000000000 0.23724700000000000 0.018899
55.9183670000000000 0.23824900000000000 0.018601
56.0204080000000000 0.28579100000000000 0.020985
56.1224490000000000 0.31240900000000000 0.022668
56.2244900000000000 0.30776900000000000 0.022296
56.3265310000000000 0.27687200000000000 0.020980
56.4285710000000000 0.27218800000000000 0.020481
56.5306120000000000 0.30056300000000000 0.022109
56.6326530000000000 0.29000900000000000 0.021397
56.7346940000000000 0.30430800000000000 0.022488
56.8367350000000000 0.29245600000000000 0.021348
56.9387760000000000 0.27535800000000000 0.021488
57.0408160000000000 0.30408400000000000 0.021933
57.1428570000000000 0.27741400000000000 0.020912
57.2448980000000000 0.24155300000000000 0.019035
57.3469390000000000 0.22254800000000000 0.018304
57.4489800000000000 0.25128100000000000 0.019633
57.5510200000000000 0.23825600000000000 0.018987
57.6530610000000000 0.21914900000000000 0.017960
57.7551020000000000 0.19281200000000000 0.017140
57.8571430000000000 0.15907600000000000 0.014924
57.9591840000000000 0.12867800000000000 0.013388
58.0612240000000000 0.05883500000000000 0.009145
58.1632650000000000 0.01895100000000000 0.005823
58.2653060000000000 -0.0009660000000000 0.003243
58.3673470000000000 0.00012000000000000 0.003635
58.4693880000000000 0.00454800000000000 0.004158
58.5714290000000000 -0.0020790000000000 0.003109
58.6734690000000000 0.00115100000000000 0.003463
58.7755100000000000 -0.0010200000000000 0.003424
58.8775510000000000 0.00347800000000000 0.004050
58.9795920000000000 0.00218200000000000 0.003599
59.0816330000000000 0.00556300000000000 0.004236
59.1836730000000000 -0.0010500000000000 0.003525
59.2857140000000000 0.00445400000000000 0.004072
59.3877550000000000 0.01484800000000000 0.005481
59.4897960000000000 0.03568700000000000 0.007514
59.5918370000000000 0.05690800000000000 0.008934
59.6938780000000000 0.07109600000000000 0.010093
59.7959180000000000 0.08014800000000000 0.010468
59.8979590000000000 0.09406800000000000 0.011272
60.0000000000000000 0.11254200000000000 0.012780
