55.0000000000000000 0.34133000000000000 0.023812
55.1020410000000000 0.32878300000000000 0.022938
55.2040820000000000 0.33154000000000000 0.022959
55.3061220000000000 0.29959500000000000 0.022031
55.4081630000000000 0.27557500000000000 0.020834
55.5102040000000000 0.28114800000000000 0.020926
55.6122450000000000 0.23945200000000000 0.018306
55.7142860000000000 0.20607800000000000 0.017289
55.8163270000000000 0.18643200000000000 0.016350
55.9183670000000000 0.15886800000000000 0.014618
56.0204080000000000 0.12490100000000000 0.012866
56.1224490000000000 0.09164800000000000 0.011173
56.2244900000000000 0.01178100000000000 0.004896
56.3265310000000000 0.00980500000000000 0.004721
56.4285710000000000 0.00220300000000000 0.003633
56.5306120000000000 -0.0020410000000000 0.003052
56.6326530000000000 -0.0030520000000000 0.002796
56.7346940000000000 0.00231200000000000 0.003813
56.8367350000000000 0.00010900000000000 0.003284
56.9387760000000000 -0.0010220000000000 0.003432
57.0408160000000000 0.00427300000000000 0.003907
57.1428570000000000 -0.0062870000000000 0.002150
57.2448980000000000 0.00011000000000000 0.003326
57.3469390000000000 0.00333600000000000 0.003884
57.4489800000000000 0.00436900000000000 0.003994
57.5510200000000000 -0.0052040000000000 0.002389
57.6530610000000000 0.00116400000000000 0.003499
57.7551020000000000 -0.0032430000000000 0.002971
57.8571430000000000 -0.0020080000000000 0.003003
57.9591840000000000 -0.0020470000000000 0.003062
58.0612240000000000 0.00122400000000000 0.003682
58.1632650000000000 -0.0021000000000000 0.003140
58.2653060000000000 0.00011300000000000 0.003419
58.3673470000000000 0.00126800000000000 0.003813
58.4693880000000000 -0.0054230000000000 0.002490
58.5714290000000000 -0.0086610000000000 0.001590
58.6734690000000000 0.00010900000000000 0.003301
58.7755100000000000 0.00467700000000000 0.004276
58.8775510000000000 -0.0021230000000000 0.003175
58.9795920000000000 0.00010900000000000 0.003284
59.0816330000000000 -0.0009750000000000 0.003275
59.1836730000000000 0.00833300000000000 0.004859
59.2857140000000000 0.00119900000000000 0.003606
59.3877550000000000 0.02504500000000000 0.006508
59.4897960000000000 0.01159300000000000 0.005165
59.5918370000000000 0.02195800000000000 0.006064
59.6938780000000000 0.05644900000000000 0.009058
59.7959180000000000 0.03904900000000000 0.007526
59.8979590000000000 0.04922500000000000 0.008258
60.0000000000000000 0.05235600000000000 0.008794
