55.0000000000000000 0.26209900000000000 0.020087
55.1020410000000000 0.27126400000000000 0.020261
55.2040820000000000 0.27969000000000000 0.020561
55.3061220000000000 0.25451200000000000 0.019869
55.4081630000000000 0.28838700000000000 0.021446
55.5102040000000000 0.27380800000000000 0.020578
55.6122450000000000 0.24824500000000000 0.018722
55.7142860000000000 0.21448500000000000 0.017710
55.8163270000000000 0.23089500000000000 0.018587
55.9183670000000000 0.22807200000000000 0.018108
56.0204080000000000 0.24660000000000000 0.019121
56.1224490000000000 0.24779600000000000 0.019571
56.2244900000000000 0.27488100000000000 0.020740
56.3265310000000000 0.24025800000000000 0.019201
56.4285710000000000 0.25125900000000000 0.019477
56.5306120000000000 0.23702700000000000 0.019042
56.6326530000000000 0.29106400000000000 0.021447
56.7346940000000000 0.25159600000000000 0.019939
56.8367350000000000 0.27897900000000000 0.020713
56.9387760000000000 0.28792000000000000 0.022103
57.0408160000000000 0.27077200000000000 0.020364
57.1428570000000000 0.25501600000000000 0.019834
57.2448980000000000 0.26044800000000000 0.019949
57.3469390000000000 0.27412800000000000 0.020827
57.4489800000000000 0.26405200000000000 0.020251
57.5510200000000000 0.26908700000000000 0.020483
57.6530610000000000 0.27601400000000000 0.020723
57.7551020000000000 0.27235400000000000 0.021149
57.8571430000000000 0.26611200000000000 0.020310
57.9591840000000000 0.27344800000000000 0.020847
58.0612240000000000 0.27266000000000000 0.021054
58.1632650000000000 0.30035800000000000 0.022390
58.2653060000000000 0.27423200000000000 0.020874
58.3673470000000000 0.26629500000000000 0.021086
58.4693880000000000 0.27044400000000000 0.020946
58.5714290000000000 0.25680500000000000 0.020184
58.6734690000000000 0.24708600000000000 0.019238
58.7755100000000000 0.19952600000000000 0.017634
58.8775510000000000 0.16256300000000000 0.015529
58.9795920000000000 0.07578700000000000 0.009953
59.0816330000000000 0.06659200000000000 0.009605
59.1836730000000000 0.12913900000000000 0.013986
59.2857140000000000 0.20519000000000000 0.017512
59.3877550000000000 0.25051400000000000 0.020181
59.4897960000000000 0.26055900000000000 0.020802
59.5918370000000000 0.25895900000000000 0.020248
59.6938780000000000 0.32346000000000000 0.023671
59.7959180000000000 0.28239600000000000 0.021287
59.8979590000000000 0.31080800000000000 0.022504
60.0000000000000000 0.28855700000000000 0.022075
