55.0000000000000000 0.26843800000000000 0.020391
55.1020410000000000 0.29899600000000000 0.021562
55.2040820000000000 0.27969000000000000 0.020561
55.3061220000000000 0.29315500000000000 0.021725
55.4081630000000000 0.27984500000000000 0.021039
55.5102040000000000 0.25912700000000000 0.019875
55.6122450000000000 0.24629100000000000 0.018630
55.7142860000000000 0.24916300000000000 0.019414
55.8163270000000000 0.21819100000000000 0.017958
55.9183670000000000 0.22807200000000000 0.018108
56.0204080000000000 0.25794500000000000 0.019666
56.1224490000000000 0.27256400000000000 0.020773
56.2244900000000000 0.28336800000000000 0.021144
56.3265310000000000 0.26610300000000000 0.020461
56.4285710000000000 0.25858400000000000 0.019830
56.5306120000000000 0.26071800000000000 0.020201
56.6326530000000000 0.24995100000000000 0.019481
56.7346940000000000 0.27355900000000000 0.021011
56.8367350000000000 0.29556600000000000 0.021493
56.9387760000000000 0.22967500000000000 0.019207
57.0408160000000000 0.24578700000000000 0.019165
57.1428570000000000 0.28807900000000000 0.021420
57.2448980000000000 0.29299100000000000 0.021496
57.3469390000000000 0.28057500000000000 0.021136
57.4489800000000000 0.26830900000000000 0.020455
57.5510200000000000 0.28716000000000000 0.021345
57.6530610000000000 0.28338600000000000 0.021073
57.7551020000000000 0.29476000000000000 0.022236
57.8571430000000000 0.27776900000000000 0.020867
57.9591840000000000 0.31774300000000000 0.022953
58.0612240000000000 0.26601300000000000 0.020730
58.1632650000000000 0.28595500000000000 0.021698
58.2653060000000000 0.25048900000000000 0.019723
58.3673470000000000 0.24908600000000000 0.020229
58.4693880000000000 0.27266000000000000 0.021054
58.5714290000000000 0.24693200000000000 0.019699
58.6734690000000000 0.25333800000000000 0.019539
58.7755100000000000 0.22801200000000000 0.019102
58.8775510000000000 0.17712700000000000 0.016313
58.9795920000000000 0.08719100000000000 0.010677
59.0816330000000000 0.07857900000000000 0.010408
59.1836730000000000 0.10568200000000000 0.012576
59.2857140000000000 0.19759500000000000 0.017123
59.3877550000000000 0.25504600000000000 0.020406
59.4897960000000000 0.28580000000000000 0.022046
59.5918370000000000 0.26660500000000000 0.020621
59.6938780000000000 0.27614100000000000 0.021390
59.7959180000000000 0.23372600000000000 0.018917
59.8979590000000000 0.25528900000000000 0.019857
60.0000000000000000 0.25562500000000000 0.020457
