55.0000000000000000 0.30435500000000000 0.022093
55.1020410000000000 0.32570100000000000 0.022797
55.2040820000000000 0.33662300000000000 0.023190
55.3061220000000000 0.27812700000000000 0.021009
55.4081630000000000 0.30760500000000000 0.022354
55.5102040000000000 0.28639200000000000 0.021174
55.6122450000000000 0.27559900000000000 0.020000
55.7142860000000000 0.22394200000000000 0.018180
55.8163270000000000 0.20337000000000000 0.017214
55.9183670000000000 0.20364700000000000 0.016906
56.0204080000000000 0.21462800000000000 0.017560
56.1224490000000000 0.25748800000000000 0.020044
56.2244900000000000 0.21441100000000000 0.017787
56.3265310000000000 0.18964400000000000 0.016652
56.4285710000000000 0.16754300000000000 0.015278
56.5306120000000000 0.14226100000000000 0.014126
56.6326530000000000 0.09287800000000000 0.011124
56.7346940000000000 0.06710400000000000 0.009681
56.8367350000000000 0.04987000000000000 0.008168
56.9387760000000000 0.02410300000000000 0.006453
57.0408160000000000 0.00531400000000000 0.004046
57.1428570000000000 -0.0020210000000000 0.003023
57.2448980000000000 -0.0009400000000000 0.003155
57.3469390000000000 -0.0020360000000000 0.003045
57.4489800000000000 0.00224000000000000 0.003695
57.5510200000000000 0.00117500000000000 0.003533
57.6530610000000000 0.00116400000000000 0.003499
57.7551020000000000 0.00347800000000000 0.004050
57.8571430000000000 0.00011100000000000 0.003357
57.9591840000000000 0.00227400000000000 0.003751
58.0612240000000000 -0.0009920000000000 0.003330
58.1632650000000000 -0.0009920000000000 0.003330
58.2653060000000000 -0.0009660000000000 0.003243
58.3673470000000000 -0.0021740000000000 0.003252
58.4693880000000000 -0.0021000000000000 0.003140
58.5714290000000000 0.00230900000000000 0.003808
58.6734690000000000 0.00636200000000000 0.004185
58.7755100000000000 0.01493300000000000 0.005512
58.8775510000000000 0.00796000000000000 0.004641
58.9795920000000000 0.01047600000000000 0.004666
59.0816330000000000 0.01428200000000000 0.005271
59.1836730000000000 0.00950600000000000 0.005003
59.2857140000000000 0.02398500000000000 0.006231
59.3877550000000000 0.05563600000000000 0.009027
59.4897960000000000 0.06322200000000000 0.009643
59.5918370000000000 0.07219800000000000 0.009997
59.6938780000000000 0.08686800000000000 0.011138
59.7959180000000000 0.08339200000000000 0.010677
59.8979590000000000 0.09727100000000000 0.011469
60.0000000000000000 0.10118600000000000 0.012089
