55.0000000000000000 0.26209900000000000 0.020087
55.1020410000000000 0.26921000000000000 0.020164
55.2040820000000000 0.26952300000000000 0.020083
55.3061220000000000 0.28349400000000000 0.021265
55.4081630000000000 0.25742400000000000 0.019960
55.5102040000000000 0.29268300000000000 0.021471
55.6122450000000000 0.24140600000000000 0.018399
55.7142860000000000 0.24390800000000000 0.019159
55.8163270000000000 0.21183900000000000 0.017640
55.9183670000000000 0.23010700000000000 0.018207
56.0204080000000000 0.24453700000000000 0.019022
56.1224490000000000 0.28441000000000000 0.021341
56.2244900000000000 0.26851600000000000 0.020435
56.3265310000000000 0.28333300000000000 0.021289
56.4285710000000000 0.26067700000000000 0.019930
56.5306120000000000 0.24456500000000000 0.019413
56.6326530000000000 0.27841400000000000 0.020847
56.7346940000000000 0.26367600000000000 0.020531
56.8367350000000000 0.29038300000000000 0.021250
56.9387760000000000 0.27650000000000000 0.021544
57.0408160000000000 0.25515600000000000 0.019617
57.1428570000000000 0.28274600000000000 0.021167
57.2448980000000000 0.24260300000000000 0.019086
57.3469390000000000 0.23974100000000000 0.019156
57.4489800000000000 0.27150200000000000 0.020609
57.5510200000000000 0.26589700000000000 0.020329
57.6530610000000000 0.28233300000000000 0.021023
57.7551020000000000 0.26675200000000000 0.020875
57.8571430000000000 0.27141100000000000 0.020564
57.9591840000000000 0.25076000000000000 0.019746
58.0612240000000000 0.26933600000000000 0.020892
58.1632650000000000 0.24496300000000000 0.019694
58.2653060000000000 0.29042000000000000 0.021649
58.3673470000000000 0.28006300000000000 0.021765
58.4693880000000000 0.25936500000000000 0.020404
58.5714290000000000 0.27216200000000000 0.020933
58.6734690000000000 0.22103300000000000 0.017964
58.7755100000000000 0.20750200000000000 0.018049
58.8775510000000000 0.15136000000000000 0.014915
58.9795920000000000 0.08304400000000000 0.010417
59.0816330000000000 0.06223200000000000 0.009302
59.1836730000000000 0.11154600000000000 0.012936
59.2857140000000000 0.19108500000000000 0.016788
59.3877550000000000 0.24598200000000000 0.019955
59.4897960000000000 0.26859000000000000 0.021200
59.5918370000000000 0.27971100000000000 0.021255
59.6938780000000000 0.28290100000000000 0.021719
59.7959180000000000 0.27915100000000000 0.021131
59.8979590000000000 0.24995000000000000 0.019597
60.0000000000000000 0.28174300000000000 0.021743
