55.0000000000000000 0.25259200000000000 0.019628
55.1020410000000000 0.26202100000000000 0.019822
55.2040820000000000 0.19632300000000000 0.016532
55.3061220000000000 0.19118000000000000 0.016705
55.4081630000000000 0.17841500000000000 0.016001
55.5102040000000000 0.15111600000000000 0.014420
55.6122450000000000 0.10463500000000000 0.011380
55.7142860000000000 0.07892400000000000 0.010229
55.8163270000000000 0.05727800000000000 0.008805
55.9183670000000000 0.03979700000000000 0.007318
56.0204080000000000 0.01557800000000000 0.005206
56.1224490000000000 0.00226700000000000 0.003739
56.2244900000000000 -0.0041320000000000 0.002607
56.3265310000000000 -0.0009640000000000 0.003236
56.4285710000000000 -0.0061690000000000 0.002109
56.5306120000000000 -0.0041950000000000 0.002647
56.6326530000000000 -0.0019980000000000 0.002988
56.7346940000000000 0.00450800000000000 0.004121
56.8367350000000000 0.00010900000000000 0.003284
56.9387760000000000 0.00012000000000000 0.003618
57.0408160000000000 0.00219100000000000 0.003614
57.1428570000000000 0.00437800000000000 0.004003
57.2448980000000000 0.00325900000000000 0.003795
57.3469390000000000 0.00118700000000000 0.003571
57.4489800000000000 0.00224000000000000 0.003695
57.5510200000000000 0.00330100000000000 0.003843
57.6530610000000000 0.00432300000000000 0.003952
57.7551020000000000 0.00347800000000000 0.004050
57.8571430000000000 -0.0020080000000000 0.003003
57.9591840000000000 0.00443500000000000 0.004055
58.0612240000000000 0.01451900000000000 0.005359
58.1632650000000000 0.01673500000000000 0.005595
58.2653060000000000 0.03033100000000000 0.006783
58.3673470000000000 0.02306600000000000 0.006372
58.4693880000000000 0.02670600000000000 0.006569
58.5714290000000000 0.04289700000000000 0.007898
58.6734690000000000 0.05846700000000000 0.008812
58.7755100000000000 0.05253500000000000 0.008825
58.8775510000000000 0.03036600000000000 0.006946
58.9795920000000000 0.02498900000000000 0.006143
59.0816330000000000 0.02300000000000000 0.006155
59.1836730000000000 0.03882800000000000 0.007882
59.2857140000000000 0.05870700000000000 0.009030
59.3877550000000000 0.08509400000000000 0.011057
59.4897960000000000 0.10108300000000000 0.012148
59.5918370000000000 0.13117500000000000 0.013604
59.6938780000000000 0.11390700000000000 0.012810
59.7959180000000000 0.11908300000000000 0.012845
59.8979590000000000 0.11542200000000000 0.012548
60.0000000000000000 0.11708400000000000 0.013051
