55.0000000000000000 0.29379100000000000 0.021596
55.1020410000000000 0.27331900000000000 0.020358
55.2040820000000000 0.28884000000000000 0.020989
55.3061220000000000 0.24914500000000000 0.019607
55.4081630000000000 0.28731900000000000 0.021395
55.5102040000000000 0.26332100000000000 0.020077
55.6122450000000000 0.24824500000000000 0.018722
55.7142860000000000 0.22394200000000000 0.018180
55.8163270000000000 0.23195400000000000 0.018639
55.9183670000000000 0.26572700000000000 0.019913
56.0204080000000000 0.27341500000000000 0.020401
56.1224490000000000 0.25425700000000000 0.019886
56.2244900000000000 0.27063800000000000 0.020537
56.3265310000000000 0.28656400000000000 0.021444
56.4285710000000000 0.24184100000000000 0.019021
56.5306120000000000 0.25102700000000000 0.019729
56.6326530000000000 0.26049200000000000 0.019990
56.7346940000000000 0.27905000000000000 0.021277
56.8367350000000000 0.28001600000000000 0.020762
56.9387760000000000 0.23766900000000000 0.019612
57.0408160000000000 0.24786900000000000 0.019266
57.1428570000000000 0.29341200000000000 0.021673
57.2448980000000000 0.25624900000000000 0.019747
57.3469390000000000 0.27735100000000000 0.020982
57.4489800000000000 0.27043800000000000 0.020558
57.5510200000000000 0.27652900000000000 0.020839
57.6530610000000000 0.29181000000000000 0.021471
57.7551020000000000 0.21521800000000000 0.018298
57.8571430000000000 0.24597600000000000 0.019336
57.9591840000000000 0.25292100000000000 0.019851
58.0612240000000000 0.30035800000000000 0.022390
58.1632650000000000 0.27820000000000000 0.021323
58.2653060000000000 0.24509300000000000 0.019458
58.3673470000000000 0.23531800000000000 0.019536
58.4693880000000000 0.25825700000000000 0.020350
58.5714290000000000 0.26558000000000000 0.020613
58.6734690000000000 0.27001200000000000 0.020337
58.7755100000000000 0.18243400000000000 0.016733
58.8775510000000000 0.15472100000000000 0.015101
58.9795920000000000 0.07889700000000000 0.010153
59.0816330000000000 0.07313000000000000 0.010048
59.1836730000000000 0.09395300000000000 0.011838
59.2857140000000000 0.19868000000000000 0.017179
59.3877550000000000 0.24371500000000000 0.019841
59.4897960000000000 0.24449700000000000 0.019999
59.5918370000000000 0.25786700000000000 0.020195
59.6938780000000000 0.26487500000000000 0.020837
59.7959180000000000 0.26076500000000000 0.020244
59.8979590000000000 0.26383000000000000 0.020270
60.0000000000000000 0.25903200000000000 0.020626
