55.0000000000000000 0.28534000000000000 0.021197
55.1020410000000000 0.26407500000000000 0.019920
55.2040820000000000 0.27867300000000000 0.020514
55.3061220000000000 0.25987900000000000 0.020129
55.4081630000000000 0.24567900000000000 0.019389
55.5102040000000000 0.28114800000000000 0.020926
55.6122450000000000 0.25312900000000000 0.018952
55.7142860000000000 0.25021400000000000 0.019465
55.8163270000000000 0.23936400000000000 0.019003
55.9183670000000000 0.23621300000000000 0.018503
56.0204080000000000 0.24247500000000000 0.018922
56.1224490000000000 0.29410200000000000 0.021803
56.2244900000000000 0.28336800000000000 0.021144
56.3265310000000000 0.27794900000000000 0.021032
56.4285710000000000 0.26904900000000000 0.020331
56.5306120000000000 0.27148700000000000 0.020721
56.6326530000000000 0.33217700000000000 0.023367
56.7346940000000000 0.24720300000000000 0.019723
56.8367350000000000 0.23958500000000000 0.018828
56.9387760000000000 0.27193100000000000 0.021319
57.0408160000000000 0.28846900000000000 0.021201
57.1428570000000000 0.24861700000000000 0.019522
57.2448980000000000 0.27199600000000000 0.020501
57.3469390000000000 0.27520200000000000 0.020879
57.4489800000000000 0.25234500000000000 0.019684
57.5510200000000000 0.27227600000000000 0.020636
57.6530610000000000 0.27601400000000000 0.020723
57.7551020000000000 0.24546600000000000 0.019823
57.8571430000000000 0.27247000000000000 0.020614
57.9591840000000000 0.25076000000000000 0.019746
58.0612240000000000 0.25604200000000000 0.020241
58.1632650000000000 0.28817100000000000 0.021805
58.2653060000000000 0.27315200000000000 0.020822
58.3673470000000000 0.26514800000000000 0.021030
58.4693880000000000 0.25271800000000000 0.020077
58.5714290000000000 0.28093800000000000 0.021357
58.6734690000000000 0.29085300000000000 0.021323
58.7755100000000000 0.20180400000000000 0.017753
58.8775510000000000 0.11887100000000000 0.013066
58.9795920000000000 0.09963100000000000 0.011435
59.0816330000000000 0.08729800000000000 0.010970
59.1836730000000000 0.11975600000000000 0.013431
59.2857140000000000 0.19976500000000000 0.017234
59.3877550000000000 0.23238500000000000 0.019271
59.4897960000000000 0.24564400000000000 0.020057
59.5918370000000000 0.25895900000000000 0.020248
59.6938780000000000 0.26825500000000000 0.021003
59.7959180000000000 0.30619000000000000 0.022419
59.8979590000000000 0.26383000000000000 0.020270
60.0000000000000000 0.26243800000000000 0.020794
