55.0000000000000000 0.26949400000000000 0.020442
55.1020410000000000 0.24661400000000000 0.019085
55.2040820000000000 0.20649000000000000 0.017039
55.3061220000000000 0.18796000000000000 0.016539
55.4081630000000000 0.18055100000000000 0.016112
55.5102040000000000 0.15635900000000000 0.014701
55.6122450000000000 0.12222000000000000 0.012372
55.7142860000000000 0.07261900000000000 0.009818
55.8163270000000000 0.05833600000000000 0.008880
55.9183670000000000 0.02351400000000000 0.005936
56.0204080000000000 0.00732800000000000 0.004272
56.1224490000000000 0.00442100000000000 0.004041
56.2244900000000000 0.00117200000000000 0.003525
56.3265310000000000 -0.0020410000000000 0.003052
56.4285710000000000 -0.0009370000000000 0.003145
56.5306120000000000 0.00334400000000000 0.003893
56.6326530000000000 0.00011100000000000 0.003340
56.7346940000000000 0.00999900000000000 0.004815
56.8367350000000000 0.00010900000000000 0.003284
56.9387760000000000 -0.0078750000000000 0.002005
57.0408160000000000 -0.0061370000000000 0.002098
57.1428570000000000 -0.0052210000000000 0.002397
57.2448980000000000 0.00011000000000000 0.003326
57.3469390000000000 -0.0009620000000000 0.003229
57.4489800000000000 -0.0020170000000000 0.003016
57.5510200000000000 -0.0094570000000000 0.001126
57.6530610000000000 0.00116400000000000 0.003499
57.7551020000000000 0.00347800000000000 0.004050
57.8571430000000000 0.00435000000000000 0.003977
57.9591840000000000 0.01415800000000000 0.005225
58.0612240000000000 0.02670600000000000 0.006569
58.1632650000000000 0.02449000000000000 0.006363
58.2653060000000000 0.03680600000000000 0.007333
58.3673470000000000 0.03912900000000000 0.007803
58.4693880000000000 0.03556900000000000 0.007346
58.5714290000000000 0.05167200000000000 0.008571
58.6734690000000000 0.06576100000000000 0.009316
58.7755100000000000 0.05823200000000000 0.009247
58.8775510000000000 0.04493000000000000 0.008157
58.9795920000000000 0.03328300000000000 0.006868
59.0816330000000000 0.01646100000000000 0.005503
59.1836730000000000 0.03648200000000000 0.007684
59.2857140000000000 0.06413200000000000 0.009412
59.3877550000000000 0.11002100000000000 0.012614
59.4897960000000000 0.09993600000000000 0.012077
59.5918370000000000 0.10714700000000000 0.012205
59.6938780000000000 0.13869300000000000 0.014248
59.7959180000000000 0.11367500000000000 0.012529
59.8979590000000000 0.13997900000000000 0.013939
60.0000000000000000 0.15001600000000000 0.014942
