55.0000000000000000 0.29590400000000000 0.021696
55.1020410000000000 0.29386100000000000 0.021323
55.2040820000000000 0.32442300000000000 0.022633
55.3061220000000000 0.31032900000000000 0.022537
55.4081630000000000 0.27343900000000000 0.020732
55.5102040000000000 0.28744000000000000 0.021224
55.6122450000000000 0.22870600000000000 0.017794
55.7142860000000000 0.21133200000000000 0.017553
55.8163270000000000 0.21183900000000000 0.017640
55.9183670000000000 0.20059400000000000 0.016754
56.0204080000000000 0.21153400000000000 0.017407
56.1224490000000000 0.17133700000000000 0.015696
56.2244900000000000 0.17197500000000000 0.015615
56.3265310000000000 0.14333800000000000 0.014185
56.4285710000000000 0.10894100000000000 0.012044
56.5306120000000000 0.07441800000000000 0.010069
56.6326530000000000 0.05071100000000000 0.008308
56.7346940000000000 0.04623800000000000 0.008164
56.8367350000000000 0.01876900000000000 0.005550
56.9387760000000000 -0.0021640000000000 0.003237
57.0408160000000000 -0.0019730000000000 0.002950
57.1428570000000000 -0.0020210000000000 0.003023
57.2448980000000000 -0.0019890000000000 0.002975
57.3469390000000000 -0.0009620000000000 0.003229
57.4489800000000000 -0.0020170000000000 0.003016
57.5510200000000000 0.00330100000000000 0.003843
57.6530610000000000 -0.0030490000000000 0.002793
57.7551020000000000 -0.0032430000000000 0.002971
57.8571430000000000 -0.0020080000000000 0.003003
57.9591840000000000 -0.0052890000000000 0.002428
58.0612240000000000 -0.0065310000000000 0.002234
58.1632650000000000 -0.0032070000000000 0.002939
58.2653060000000000 0.00119200000000000 0.003586
58.3673470000000000 0.00012000000000000 0.003635
58.4693880000000000 0.00122400000000000 0.003682
58.5714290000000000 -0.0031760000000000 0.002909
58.6734690000000000 0.00115100000000000 0.003463
58.7755100000000000 0.00125900000000000 0.003787
58.8775510000000000 0.00347800000000000 0.004050
58.9795920000000000 0.00010900000000000 0.003284
59.0816330000000000 -0.0020650000000000 0.003088
59.1836730000000000 0.01419800000000000 0.005546
59.2857140000000000 0.00987900000000000 0.004757
59.3877550000000000 0.02957700000000000 0.006925
59.4897960000000000 0.01847700000000000 0.005914
59.5918370000000000 0.03834100000000000 0.007512
59.6938780000000000 0.03504400000000000 0.007377
59.7959180000000000 0.03688600000000000 0.007349
59.8979590000000000 0.05563200000000000 0.008729
60.0000000000000000 0.06484700000000000 0.009703
