55.0000000000000000 0.26315600000000000 0.020138
55.1020410000000000 0.25688500000000000 0.019577
55.2040820000000000 0.28172300000000000 0.020657
55.3061220000000000 0.27276000000000000 0.020751
55.4081630000000000 0.27237100000000000 0.020681
55.5102040000000000 0.27380800000000000 0.020578
55.6122450000000000 0.21307500000000000 0.017040
55.7142860000000000 0.23445100000000000 0.018697
55.8163270000000000 0.23089500000000000 0.018587
55.9183670000000000 0.22603600000000000 0.018009
56.0204080000000000 0.25588200000000000 0.019567
56.1224490000000000 0.27364100000000000 0.020825
56.2244900000000000 0.25684600000000000 0.019873
56.3265310000000000 0.26610300000000000 0.020461
56.4285710000000000 0.25021300000000000 0.019426
56.5306120000000000 0.26071800000000000 0.020201
56.6326530000000000 0.29949700000000000 0.021844
56.7346940000000000 0.29662100000000000 0.022121
56.8367350000000000 0.25824500000000000 0.019727
56.9387760000000000 0.25365800000000000 0.020414
57.0408160000000000 0.25411500000000000 0.019567
57.1428570000000000 0.30087800000000000 0.022026
57.2448980000000000 0.29509000000000000 0.021595
57.3469390000000000 0.28165000000000000 0.021188
57.4489800000000000 0.24276600000000000 0.019217
57.5510200000000000 0.29247600000000000 0.021597
57.6530610000000000 0.28128000000000000 0.020973
57.7551020000000000 0.30036200000000000 0.022506
57.8571430000000000 0.27670900000000000 0.020817
57.9591840000000000 0.26588500000000000 0.020482
58.0612240000000000 0.30368100000000000 0.022549
58.1632650000000000 0.24385500000000000 0.019639
58.2653060000000000 0.29149900000000000 0.021700
58.3673470000000000 0.27662100000000000 0.021596
58.4693880000000000 0.27044400000000000 0.020946
58.5714290000000000 0.26448300000000000 0.020560
58.6734690000000000 0.25542200000000000 0.019640
58.7755100000000000 0.20864100000000000 0.018108
58.8775510000000000 0.15472100000000000 0.015101
58.9795920000000000 0.08719100000000000 0.010677
59.0816330000000000 0.08402800000000000 0.010761
59.1836730000000000 0.12327500000000000 0.013640
59.2857140000000000 0.17697900000000000 0.016052
59.3877550000000000 0.21878900000000000 0.018580
59.4897960000000000 0.26514800000000000 0.021030
59.5918370000000000 0.25786700000000000 0.020195
59.6938780000000000 0.27726800000000000 0.021445
59.7959180000000000 0.26400900000000000 0.020401
59.8979590000000000 0.29586100000000000 0.021800
60.0000000000000000 0.24313300000000000 0.019833
