55.0000000000000000 0.26209900000000000 0.020087
55.1020410000000000 0.26921000000000000 0.020164
55.2040820000000000 0.29595700000000000 0.021321
55.3061220000000000 0.23733700000000000 0.019028
55.4081630000000000 0.26489800000000000 0.020322
55.5102040000000000 0.24444600000000000 0.019166
55.6122450000000000 0.21796000000000000 0.017277
55.7142860000000000 0.19872200000000000 0.016918
55.8163270000000000 0.20337000000000000 0.017214
55.9183670000000000 0.21585900000000000 0.017510
56.0204080000000000 0.25794500000000000 0.019666
56.1224490000000000 0.25748800000000000 0.020044
56.2244900000000000 0.22183700000000000 0.018157
56.3265310000000000 0.28764100000000000 0.021495
56.4285710000000000 0.28369900000000000 0.021027
56.5306120000000000 0.25318000000000000 0.019834
56.6326530000000000 0.27208800000000000 0.020546
56.7346940000000000 0.27355900000000000 0.021011
56.8367350000000000 0.25928200000000000 0.019777
56.9387760000000000 0.28906200000000000 0.022158
57.0408160000000000 0.24162300000000000 0.018964
57.1428570000000000 0.29767800000000000 0.021875
57.2448980000000000 0.27409500000000000 0.020601
57.3469390000000000 0.29561900000000000 0.021853
57.4489800000000000 0.28959400000000000 0.021471
57.5510200000000000 0.25632900000000000 0.019868
57.6530610000000000 0.26337700000000000 0.020119
57.7551020000000000 0.24658700000000000 0.019879
57.8571430000000000 0.24067800000000000 0.019077
57.9591840000000000 0.24427800000000000 0.019428
58.0612240000000000 0.25050200000000000 0.019968
58.1632650000000000 0.26601300000000000 0.020730
58.2653060000000000 0.29149900000000000 0.021700
58.3673470000000000 0.25023300000000000 0.020287
58.4693880000000000 0.25493400000000000 0.020187
58.5714290000000000 0.26777400000000000 0.020720
58.6734690000000000 0.23458000000000000 0.018630
58.7755100000000000 0.23826700000000000 0.019621
58.8775510000000000 0.13903700000000000 0.014227
58.9795920000000000 0.08926400000000000 0.010805
59.0816330000000000 0.07422000000000000 0.010121
59.1836730000000000 0.11389200000000000 0.013078
59.2857140000000000 0.20519000000000000 0.017512
59.3877550000000000 0.24258200000000000 0.019784
59.4897960000000000 0.28694700000000000 0.022102
59.5918370000000000 0.29172500000000000 0.021831
59.6938780000000000 0.26600200000000000 0.020893
59.7959180000000000 0.25103100000000000 0.019769
59.8979590000000000 0.26276200000000000 0.020219
60.0000000000000000 0.27720100000000000 0.021521
