55.0000000000000000 0.27477600000000000 0.020694
55.1020410000000000 0.26099300000000000 0.019773
55.2040820000000000 0.26749000000000000 0.019987
55.3061220000000000 0.26631900000000000 0.020441
55.4081630000000000 0.26276200000000000 0.020219
55.5102040000000000 0.26856500000000000 0.020328
55.6122450000000000 0.22870600000000000 0.017794
55.7142860000000000 0.23655200000000000 0.018800
55.8163270000000000 0.22666000000000000 0.018378
55.9183670000000000 0.22807200000000000 0.018108
56.0204080000000000 0.26516400000000000 0.020010
56.1224490000000000 0.25964200000000000 0.020148
56.2244900000000000 0.23350700000000000 0.018735
56.3265310000000000 0.26502600000000000 0.020409
56.4285710000000000 0.25544500000000000 0.019679
56.5306120000000000 0.27902500000000000 0.021083
56.6326530000000000 0.24678800000000000 0.019327
56.7346940000000000 0.25489000000000000 0.020101
56.8367350000000000 0.31941000000000000 0.022602
56.9387760000000000 0.28106800000000000 0.021768
57.0408160000000000 0.28222300000000000 0.020906
57.1428570000000000 0.25714900000000000 0.019937
57.2448980000000000 0.24995100000000000 0.019442
57.3469390000000000 0.26338200000000000 0.020309
57.4489800000000000 0.27043800000000000 0.020558
57.5510200000000000 0.29885500000000000 0.021899
57.6530610000000000 0.27601400000000000 0.020723
57.7551020000000000 0.25667000000000000 0.020378
57.8571430000000000 0.27988900000000000 0.020968
57.9591840000000000 0.28641200000000000 0.021469
58.0612240000000000 0.25604200000000000 0.020241
58.1632650000000000 0.26490500000000000 0.020676
58.2653060000000000 0.24833100000000000 0.019617
58.3673470000000000 0.27432700000000000 0.021483
58.4693880000000000 0.24939400000000000 0.019913
58.5714290000000000 0.25680500000000000 0.020184
58.6734690000000000 0.27105400000000000 0.020387
58.7755100000000000 0.20750200000000000 0.018049
58.8775510000000000 0.14127700000000000 0.014353
58.9795920000000000 0.08719100000000000 0.010677
59.0816330000000000 0.07422000000000000 0.010121
59.1836730000000000 0.11975600000000000 0.013431
59.2857140000000000 0.17372400000000000 0.015880
59.3877550000000000 0.23578400000000000 0.019443
59.4897960000000000 0.24908600000000000 0.020229
59.5918370000000000 0.26769700000000000 0.020674
59.6938780000000000 0.27726800000000000 0.021445
59.7959180000000000 0.29321100000000000 0.021804
59.8979590000000000 0.23820600000000000 0.019023
60.0000000000000000 0.26925200000000000 0.021131
