55.0000000000000000 0.31492000000000000 0.022587
55.1020410000000000 0.30105100000000000 0.021658
55.2040820000000000 0.33154000000000000 0.022959
55.3061220000000000 0.31355000000000000 0.022688
55.4081630000000000 0.28731900000000000 0.021395
55.5102040000000000 0.32519200000000000 0.022989
55.6122450000000000 0.29025300000000000 0.020675
55.7142860000000000 0.25231500000000000 0.019566
55.8163270000000000 0.24677500000000000 0.019365
55.9183670000000000 0.24028400000000000 0.018699
56.0204080000000000 0.26516400000000000 0.020010
56.1224490000000000 0.26071800000000000 0.020201
56.2244900000000000 0.26109000000000000 0.020078
56.3265310000000000 0.26502600000000000 0.020409
56.4285710000000000 0.24602700000000000 0.019224
56.5306120000000000 0.19395200000000000 0.016874
56.6326530000000000 0.17510400000000000 0.015730
56.7346940000000000 0.19339300000000000 0.017005
56.8367350000000000 0.12451200000000000 0.012878
56.9387760000000000 0.13145700000000000 0.013932
57.0408160000000000 0.09588200000000000 0.011234
57.1428570000000000 0.06623800000000000 0.009467
57.2448980000000000 0.02530400000000000 0.006221
57.3469390000000000 0.01085800000000000 0.004836
57.4489800000000000 0.00436900000000000 0.003994
57.5510200000000000 0.00436400000000000 0.003990
57.6530610000000000 0.00432300000000000 0.003952
57.7551020000000000 0.00683900000000000 0.004499
57.8571430000000000 0.00435000000000000 0.003977
57.9591840000000000 0.00659600000000000 0.004339
58.0612240000000000 0.00454800000000000 0.004158
58.1632650000000000 0.00011600000000000 0.003510
58.2653060000000000 -0.0052830000000000 0.002425
58.3673470000000000 0.00471000000000000 0.004306
58.4693880000000000 -0.0021000000000000 0.003140
58.5714290000000000 0.00121200000000000 0.003645
58.6734690000000000 0.00740400000000000 0.004316
58.7755100000000000 -0.0021590000000000 0.003229
58.8775510000000000 0.00123800000000000 0.003723
58.9795920000000000 0.00218200000000000 0.003599
59.0816330000000000 0.00229400000000000 0.003784
59.1836730000000000 0.00129600000000000 0.003898
59.2857140000000000 0.00662400000000000 0.004358
59.3877550000000000 0.00578400000000000 0.004404
59.4897960000000000 0.00471000000000000 0.004306
59.5918370000000000 0.00666800000000000 0.004386
59.6938780000000000 0.01251100000000000 0.005200
59.7959180000000000 0.01741800000000000 0.005573
59.8979590000000000 0.03000700000000000 0.006710
60.0000000000000000 0.02964400000000000 0.006941
