55.0000000000000000 0.19977100000000000 0.017014
55.1020410000000000 0.16547200000000000 0.015032
55.2040820000000000 0.16175700000000000 0.014763
55.3061220000000000 0.12677600000000000 0.013236
55.4081630000000000 0.12503100000000000 0.013101
55.5102040000000000 0.09448900000000000 0.011192
55.6122450000000000 0.06360300000000000 0.008850
55.7142860000000000 0.04004300000000000 0.007477
55.8163270000000000 0.01704900000000000 0.005455
55.9183670000000000 0.02147800000000000 0.005745
56.0204080000000000 0.01661000000000000 0.005313
56.1224490000000000 0.00657400000000000 0.004325
56.2244900000000000 0.00117200000000000 0.003525
56.3265310000000000 -0.0063480000000000 0.002171
56.4285710000000000 0.00115600000000000 0.003477
56.5306120000000000 -0.0031180000000000 0.002856
56.6326530000000000 0.00432700000000000 0.003956
56.7346940000000000 0.00011500000000000 0.003479
56.8367350000000000 -0.0009280000000000 0.003116
56.9387760000000000 0.00811400000000000 0.004731
57.0408160000000000 0.00219100000000000 0.003614
57.1428570000000000 -0.0020210000000000 0.003023
57.2448980000000000 -0.0009400000000000 0.003155
57.3469390000000000 -0.0041860000000000 0.002641
57.4489800000000000 0.00862600000000000 0.004539
57.5510200000000000 -0.0020150000000000 0.003013
57.6530610000000000 -0.0030490000000000 0.002793
57.7551020000000000 -0.0043640000000000 0.002754
57.8571430000000000 0.00011100000000000 0.003357
57.9591840000000000 -0.0020470000000000 0.003062
58.0612240000000000 -0.0021000000000000 0.003140
58.1632650000000000 0.00565600000000000 0.004306
58.2653060000000000 -0.0009660000000000 0.003243
58.3673470000000000 -0.0021740000000000 0.003252
58.4693880000000000 0.00565600000000000 0.004306
58.5714290000000000 -0.0031760000000000 0.002909
58.6734690000000000 0.00010900000000000 0.003301
58.7755100000000000 0.00809600000000000 0.004720
58.8775510000000000 0.00011800000000000 0.003549
58.9795920000000000 0.00425600000000000 0.003890
59.0816330000000000 0.00011400000000000 0.003452
59.1836730000000000 0.00012300000000000 0.003716
59.2857140000000000 0.00228400000000000 0.003767
59.3877550000000000 0.00578400000000000 0.004404
59.4897960000000000 0.01159300000000000 0.005165
59.5918370000000000 0.02960300000000000 0.006770
59.6938780000000000 0.01138400000000000 0.005071
59.7959180000000000 0.02607000000000000 0.006411
59.8979590000000000 0.03534600000000000 0.007165
60.0000000000000000 0.03872900000000000 0.007722
