55.0000000000000000 0.24308400000000000 0.019166
55.1020410000000000 0.22196300000000000 0.017887
55.2040820000000000 0.19632300000000000 0.016532
55.3061220000000000 0.17185900000000000 0.015698
55.4081630000000000 0.13891100000000000 0.013880
55.5102040000000000 0.13748300000000000 0.013677
55.6122450000000000 0.12124300000000000 0.012318
55.7142860000000000 0.07577200000000000 0.010025
55.8163270000000000 0.05833600000000000 0.008880
55.9183670000000000 0.04488600000000000 0.007711
56.0204080000000000 0.03311100000000000 0.006832
56.1224490000000000 0.01195900000000000 0.004970
56.2244900000000000 0.01390300000000000 0.005131
56.3265310000000000 -0.0009640000000000 0.003236
56.4285710000000000 -0.0019830000000000 0.002966
56.5306120000000000 0.01088200000000000 0.004847
56.6326530000000000 0.00116500000000000 0.003503
56.7346940000000000 -0.0053760000000000 0.002468
56.8367350000000000 0.00218200000000000 0.003599
56.9387760000000000 -0.0055910000000000 0.002567
57.0408160000000000 -0.0009320000000000 0.003129
57.1428570000000000 -0.0030880000000000 0.002829
57.2448980000000000 0.00325900000000000 0.003795
57.3469390000000000 -0.0031110000000000 0.002850
57.4489800000000000 0.00756200000000000 0.004408
57.5510200000000000 0.00011200000000000 0.003368
57.6530610000000000 -0.0019960000000000 0.002984
57.7551020000000000 0.00235800000000000 0.003890
57.8571430000000000 -0.0041280000000000 0.002605
57.9591840000000000 -0.0085300000000000 0.001566
58.0612240000000000 0.00344000000000000 0.004005
58.1632650000000000 -0.0021000000000000 0.003140
58.2653060000000000 0.00227200000000000 0.003747
58.3673470000000000 -0.0010270000000000 0.003448
58.4693880000000000 -0.0021000000000000 0.003140
58.5714290000000000 0.00230900000000000 0.003808
58.6734690000000000 0.00636200000000000 0.004185
58.7755100000000000 -0.0044380000000000 0.002801
58.8775510000000000 0.00011800000000000 0.003549
58.9795920000000000 0.00010900000000000 0.003284
59.0816330000000000 0.00229400000000000 0.003784
59.1836730000000000 0.00012300000000000 0.003716
59.2857140000000000 0.00011400000000000 0.003437
59.3877550000000000 0.00011900000000000 0.003589
59.4897960000000000 0.00585700000000000 0.004459
59.5918370000000000 0.00994400000000000 0.004788
59.6938780000000000 0.00913100000000000 0.004805
59.7959180000000000 0.03039700000000000 0.006798
59.8979590000000000 0.01612700000000000 0.005391
60.0000000000000000 0.03191500000000000 0.007142
