55.0000000000000000 0.25047900000000000 0.019526
55.1020410000000000 0.26921000000000000 0.020164
55.2040820000000000 0.26749000000000000 0.019987
55.3061220000000000 0.28671400000000000 0.021419
55.4081630000000000 0.28091300000000000 0.021090
55.5102040000000000 0.26751600000000000 0.020277
55.6122450000000000 0.22870600000000000 0.017794
55.7142860000000000 0.24180700000000000 0.019056
55.8163270000000000 0.22136700000000000 0.018116
55.9183670000000000 0.20568200000000000 0.017007
56.0204080000000000 0.28785400000000000 0.021081
56.1224490000000000 0.28548700000000000 0.021392
56.2244900000000000 0.27700300000000000 0.020841
56.3265310000000000 0.26071800000000000 0.020201
56.4285710000000000 0.26800200000000000 0.020281
56.5306120000000000 0.24887300000000000 0.019624
56.6326530000000000 0.26470900000000000 0.020192
56.7346940000000000 0.25159600000000000 0.019939
56.8367350000000000 0.29349300000000000 0.021396
56.9387760000000000 0.29705700000000000 0.022547
57.0408160000000000 0.25619700000000000 0.019667
57.1428570000000000 0.26461500000000000 0.020298
57.2448980000000000 0.28459300000000000 0.021099
57.3469390000000000 0.26553100000000000 0.020413
57.4489800000000000 0.26937300000000000 0.020506
57.5510200000000000 0.30523400000000000 0.022199
57.6530610000000000 0.25390000000000000 0.019662
57.7551020000000000 0.28131600000000000 0.021586
57.8571430000000000 0.28200800000000000 0.021069
57.9591840000000000 0.28965300000000000 0.021623
58.0612240000000000 0.27709200000000000 0.021269
58.1632650000000000 0.26933600000000000 0.020892
58.2653060000000000 0.24941000000000000 0.019670
58.3673470000000000 0.30186200000000000 0.022828
58.4693880000000000 0.25493400000000000 0.020187
58.5714290000000000 0.25241700000000000 0.019969
58.6734690000000000 0.24187500000000000 0.018985
58.7755100000000000 0.19952600000000000 0.017634
58.8775510000000000 0.13567600000000000 0.014037
58.9795920000000000 0.07993400000000000 0.010220
59.0816330000000000 0.08293800000000000 0.010691
59.1836730000000000 0.09395300000000000 0.011838
59.2857140000000000 0.20085000000000000 0.017290
59.3877550000000000 0.21992200000000000 0.018638
59.4897960000000000 0.26859000000000000 0.021200
59.5918370000000000 0.25022200000000000 0.019820
59.6938780000000000 0.24572200000000000 0.019888
59.7959180000000000 0.26617300000000000 0.020506
59.8979590000000000 0.25742400000000000 0.019960
60.0000000000000000 0.26698100000000000 0.021019
