55.0000000000000000 0.25153500000000000 0.019577
55.1020410000000000 0.27537300000000000 0.020455
55.2040820000000000 0.26545700000000000 0.019891
55.3061220000000000 0.29208100000000000 0.021674
55.4081630000000000 0.29906400000000000 0.021951
55.5102040000000000 0.27485600000000000 0.020627
55.6122450000000000 0.25019900000000000 0.018814
55.7142860000000000 0.23129800000000000 0.018542
55.8163270000000000 0.20760500000000000 0.017427
55.9183670000000000 0.24842600000000000 0.019090
56.0204080000000000 0.24763100000000000 0.019171
56.1224490000000000 0.25210300000000000 0.019781
56.2244900000000000 0.28124700000000000 0.021043
56.3265310000000000 0.26502600000000000 0.020409
56.4285710000000000 0.26486300000000000 0.020131
56.5306120000000000 0.26718000000000000 0.020513
56.6326530000000000 0.28895500000000000 0.021347
56.7346940000000000 0.26367600000000000 0.020531
56.8367350000000000 0.25720800000000000 0.019678
56.9387760000000000 0.27535800000000000 0.021488
57.0408160000000000 0.28118200000000000 0.020857
57.1428570000000000 0.29981100000000000 0.021976
57.2448980000000000 0.25624900000000000 0.019747
57.3469390000000000 0.26875500000000000 0.020569
57.4489800000000000 0.26724500000000000 0.020404
57.5510200000000000 0.28184500000000000 0.021092
57.6530610000000000 0.26337700000000000 0.020119
57.7551020000000000 0.23538400000000000 0.019319
57.8571430000000000 0.26293300000000000 0.020157
57.9591840000000000 0.27560800000000000 0.020951
58.0612240000000000 0.29925000000000000 0.022337
58.1632650000000000 0.28817100000000000 0.021805
58.2653060000000000 0.28718200000000000 0.021495
58.3673470000000000 0.26629500000000000 0.021086
58.4693880000000000 0.29371000000000000 0.022072
58.5714290000000000 0.26119300000000000 0.020399
58.6734690000000000 0.22520200000000000 0.018170
58.7755100000000000 0.22801200000000000 0.019102
58.8775510000000000 0.15360100000000000 0.015039
58.9795920000000000 0.08200700000000000 0.010351
59.0816330000000000 0.07422000000000000 0.010121
59.1836730000000000 0.10802700000000000 0.012720
59.2857140000000000 0.17263900000000000 0.015823
59.3877550000000000 0.23578400000000000 0.019443
59.4897960000000000 0.25367500000000000 0.020459
59.5918370000000000 0.26005200000000000 0.020302
59.6938780000000000 0.24121600000000000 0.019663
59.7959180000000000 0.25211300000000000 0.019822
59.8979590000000000 0.29906400000000000 0.021951
60.0000000000000000 0.27265900000000000 0.021298
