55.0000000000000000 0.34449900000000000 0.023958
55.1020410000000000 0.31851200000000000 0.022466
55.2040820000000000 0.28884000000000000 0.020989
55.3061220000000000 0.30603600000000000 0.022335
55.4081630000000000 0.32255300000000000 0.023054
55.5102040000000000 0.28429400000000000 0.021075
55.6122450000000000 0.29611500000000000 0.020944
55.7142860000000000 0.25862000000000000 0.019870
55.8163270000000000 0.24148100000000000 0.019107
55.9183670000000000 0.27285100000000000 0.020250
56.0204080000000000 0.26722700000000000 0.020108
56.1224490000000000 0.24456500000000000 0.019413
56.2244900000000000 0.27063800000000000 0.020537
56.3265310000000000 0.23487300000000000 0.018935
56.4285710000000000 0.22719100000000000 0.018304
56.5306120000000000 0.18749000000000000 0.016540
56.6326530000000000 0.17615800000000000 0.015785
56.7346940000000000 0.16813500000000000 0.015676
56.8367350000000000 0.13384200000000000 0.013398
56.9387760000000000 0.08463300000000000 0.011074
57.0408160000000000 0.05736500000000000 0.008729
57.1428570000000000 0.01611000000000000 0.005385
57.2448980000000000 0.00325900000000000 0.003795
57.3469390000000000 0.00333600000000000 0.003884
57.4489800000000000 -0.0020170000000000 0.003016
57.5510200000000000 -0.0009520000000000 0.003195
57.6530610000000000 -0.0072610000000000 0.001848
57.7551020000000000 0.00347800000000000 0.004050
57.8571430000000000 -0.0009490000000000 0.003185
57.9591840000000000 -0.0042080000000000 0.002655
58.0612240000000000 -0.0021000000000000 0.003140
58.1632650000000000 -0.0021000000000000 0.003140
58.2653060000000000 -0.0031240000000000 0.002862
58.3673470000000000 0.00356200000000000 0.004147
58.4693880000000000 -0.0021000000000000 0.003140
58.5714290000000000 -0.0053700000000000 0.002465
58.6734690000000000 0.00010900000000000 0.003301
58.7755100000000000 -0.0021590000000000 0.003229
58.8775510000000000 -0.0021230000000000 0.003175
58.9795920000000000 0.00529200000000000 0.004029
59.0816330000000000 0.00556300000000000 0.004236
59.1836730000000000 0.01067900000000000 0.005143
59.2857140000000000 0.01747500000000000 0.005592
59.3877550000000000 0.02844400000000000 0.006822
59.4897960000000000 0.03683400000000000 0.007611
59.5918370000000000 0.03834100000000000 0.007512
59.6938780000000000 0.06884200000000000 0.009939
59.7959180000000000 0.06500600000000000 0.009456
59.8979590000000000 0.06097000000000000 0.009109
60.0000000000000000 0.05803400000000000 0.009215
