55.0000000000000000 0.29801700000000000 0.021795
55.1020410000000000 0.29796900000000000 0.021514
55.2040820000000000 0.28579000000000000 0.020847
55.3061220000000000 0.28564100000000000 0.021368
55.4081630000000000 0.27557500000000000 0.020834
55.5102040000000000 0.27485600000000000 0.020627
55.6122450000000000 0.26583000000000000 0.019546
55.7142860000000000 0.24180700000000000 0.019056
55.8163270000000000 0.20760500000000000 0.017427
55.9183670000000000 0.22603600000000000 0.018009
56.0204080000000000 0.23834900000000000 0.018722
56.1224490000000000 0.26179500000000000 0.020253
56.2244900000000000 0.26533300000000000 0.020282
56.3265310000000000 0.27687200000000000 0.020980
56.4285710000000000 0.26067700000000000 0.019930
56.5306120000000000 0.23056600000000000 0.018722
56.6326530000000000 0.23730100000000000 0.018865
56.7346940000000000 0.21206200000000000 0.017964
56.8367350000000000 0.23232800000000000 0.018474
56.9387760000000000 0.17371400000000000 0.016284
57.0408160000000000 0.14168600000000000 0.013858
57.1428570000000000 0.05557200000000000 0.008719
57.2448980000000000 0.00011000000000000 0.003326
57.3469390000000000 0.00011300000000000 0.003404
57.4489800000000000 -0.0030810000000000 0.002823
57.5510200000000000 -0.0009520000000000 0.003195
57.6530610000000000 0.00432300000000000 0.003952
57.7551020000000000 -0.0021230000000000 0.003175
57.8571430000000000 0.00011100000000000 0.003357
57.9591840000000000 0.00227400000000000 0.003751
58.0612240000000000 0.01562700000000000 0.005478
58.1632650000000000 0.05108000000000000 0.008576
58.2653060000000000 0.09616300000000000 0.011465
58.3673470000000000 0.13665000000000000 0.014263
58.4693880000000000 0.13860400000000000 0.014123
58.5714290000000000 0.14052700000000000 0.014160
58.6734690000000000 0.15850800000000000 0.014770
58.7755100000000000 0.15850500000000000 0.015438
58.8775510000000000 0.10654700000000000 0.012331
58.9795920000000000 0.05609000000000000 0.008618
59.0816330000000000 0.05678300000000000 0.008914
59.1836730000000000 0.08105100000000000 0.010996
59.2857140000000000 0.15744800000000000 0.015010
59.3877550000000000 0.20066100000000000 0.017645
59.4897960000000000 0.21810900000000000 0.018657
59.5918370000000000 0.19889000000000000 0.017244
59.6938780000000000 0.21755700000000000 0.018467
59.7959180000000000 0.22507400000000000 0.018486
59.8979590000000000 0.24247600000000000 0.019232
60.0000000000000000 0.24086200000000000 0.019719
