55.0000000000000000 0.29696100000000000 0.021746
55.1020410000000000 0.26407500000000000 0.019920
55.2040820000000000 0.26240700000000000 0.019747
55.3061220000000000 0.25021800000000000 0.019660
55.4081630000000000 0.26489800000000000 0.020322
55.5102040000000000 0.25073700000000000 0.019471
55.6122450000000000 0.25801400000000000 0.019181
55.7142860000000000 0.18190800000000000 0.016058
55.8163270000000000 0.19913600000000000 0.016999
55.9183670000000000 0.21484200000000000 0.017460
56.0204080000000000 0.26722700000000000 0.020108
56.1224490000000000 0.26933400000000000 0.020617
56.2244900000000000 0.26533300000000000 0.020282
56.3265310000000000 0.28333300000000000 0.021289
56.4285710000000000 0.27323500000000000 0.020530
56.5306120000000000 0.27041000000000000 0.020669
56.6326530000000000 0.27841400000000000 0.020847
56.7346940000000000 0.26367600000000000 0.020531
56.8367350000000000 0.27172200000000000 0.020370
56.9387760000000000 0.30048300000000000 0.022713
57.0408160000000000 0.29263300000000000 0.021397
57.1428570000000000 0.28488000000000000 0.021268
57.2448980000000000 0.28564200000000000 0.021149
57.3469390000000000 0.26875500000000000 0.020569
57.4489800000000000 0.28001600000000000 0.021016
57.5510200000000000 0.26908700000000000 0.020483
57.6530610000000000 0.27601400000000000 0.020723
57.7551020000000000 0.22194000000000000 0.018640
57.8571430000000000 0.25233500000000000 0.019645
57.9591840000000000 0.22159000000000000 0.018303
58.0612240000000000 0.26268900000000000 0.020567
58.1632650000000000 0.28041600000000000 0.021430
58.2653060000000000 0.26559800000000000 0.020457
58.3673470000000000 0.26973700000000000 0.021257
58.4693880000000000 0.26601300000000000 0.020730
58.5714290000000000 0.27435600000000000 0.021039
58.6734690000000000 0.23874900000000000 0.018833
58.7755100000000000 0.19610700000000000 0.017455
58.8775510000000000 0.15024000000000000 0.014853
58.9795920000000000 0.08200700000000000 0.010351
59.0816330000000000 0.06332200000000000 0.009378
59.1836730000000000 0.12210200000000000 0.013571
59.2857140000000000 0.21495600000000000 0.018007
59.3877550000000000 0.23351800000000000 0.019328
59.4897960000000000 0.26514800000000000 0.021030
59.5918370000000000 0.26442000000000000 0.020514
59.6938780000000000 0.25248200000000000 0.020225
59.7959180000000000 0.27590600000000000 0.020975
59.8979590000000000 0.28945400000000000 0.021496
60.0000000000000000 0.26925200000000000 0.021131
