55.0000000000000000 0.27688900000000000 0.020795
55.1020410000000000 0.23839700000000000 0.018688
55.2040820000000000 0.26139000000000000 0.019699
55.3061220000000000 0.28886100000000000 0.021521
55.4081630000000000 0.24888200000000000 0.019545
55.5102040000000000 0.25702900000000000 0.019774
55.6122450000000000 0.24922200000000000 0.018768
55.7142860000000000 0.24285800000000000 0.019108
55.8163270000000000 0.24465700000000000 0.019262
55.9183670000000000 0.24639000000000000 0.018992
56.0204080000000000 0.25897600000000000 0.019715
56.1224490000000000 0.28010200000000000 0.021135
56.2244900000000000 0.23456800000000000 0.018787
56.3265310000000000 0.26610300000000000 0.020461
56.4285710000000000 0.28056000000000000 0.020878
56.5306120000000000 0.25856500000000000 0.020096
56.6326530000000000 0.26470900000000000 0.020192
56.7346940000000000 0.27355900000000000 0.021011
56.8367350000000000 0.26861200000000000 0.020222
56.9387760000000000 0.23881100000000000 0.019669
57.0408160000000000 0.26868900000000000 0.020265
57.1428570000000000 0.27314800000000000 0.020708
57.2448980000000000 0.27829400000000000 0.020801
57.3469390000000000 0.28917100000000000 0.021547
57.4489800000000000 0.25873100000000000 0.019994
57.5510200000000000 0.28397100000000000 0.021194
57.6530610000000000 0.28233300000000000 0.021023
57.7551020000000000 0.29139900000000000 0.022074
57.8571430000000000 0.28836700000000000 0.021371
57.9591840000000000 0.26264400000000000 0.020325
58.0612240000000000 0.27266000000000000 0.021054
58.1632650000000000 0.25050200000000000 0.019968
58.2653060000000000 0.32279600000000000 0.023179
58.3673470000000000 0.28694700000000000 0.022102
58.4693880000000000 0.27266000000000000 0.021054
58.5714290000000000 0.28971400000000000 0.021779
58.6734690000000000 0.27730600000000000 0.020684
58.7755100000000000 0.21547800000000000 0.018461
58.8775510000000000 0.17376600000000000 0.016133
58.9795920000000000 0.08408100000000000 0.010482
59.0816330000000000 0.07313000000000000 0.010048
59.1836730000000000 0.13148500000000000 0.014123
59.2857140000000000 0.20844600000000000 0.017677
59.3877550000000000 0.24711500000000000 0.020011
59.4897960000000000 0.26744300000000000 0.021143
59.5918370000000000 0.25677500000000000 0.020142
59.6938780000000000 0.28515400000000000 0.021829
59.7959180000000000 0.29753700000000000 0.022009
59.8979590000000000 0.26810100000000000 0.020476
60.0000000000000000 0.22610000000000000 0.018973
