55.0000000000000000 0.27794500000000000 0.020845
55.1020410000000000 0.23942400000000000 0.018738
55.2040820000000000 0.26342300000000000 0.019795
55.3061220000000000 0.26739300000000000 0.020493
55.4081630000000000 0.28198100000000000 0.021141
55.5102040000000000 0.24130000000000000 0.019013
55.6122450000000000 0.23945200000000000 0.018306
55.7142860000000000 0.18821300000000000 0.016383
55.8163270000000000 0.22136700000000000 0.018116
55.9183670000000000 0.21077100000000000 0.017259
56.0204080000000000 0.22906700000000000 0.018270
56.1224490000000000 0.28333300000000000 0.021289
56.2244900000000000 0.27382000000000000 0.020689
56.3265310000000000 0.26179500000000000 0.020253
56.4285710000000000 0.28788500000000000 0.021224
56.5306120000000000 0.24779600000000000 0.019571
56.6326530000000000 0.26260100000000000 0.020091
56.7346940000000000 0.28234500000000000 0.021436
56.8367350000000000 0.24476800000000000 0.019079
56.9387760000000000 0.28449400000000000 0.021935
57.0408160000000000 0.28742800000000000 0.021152
57.1428570000000000 0.27421400000000000 0.020759
57.2448980000000000 0.25205000000000000 0.019544
57.3469390000000000 0.29776800000000000 0.021955
57.4489800000000000 0.25447300000000000 0.019788
57.5510200000000000 0.28928700000000000 0.021446
57.6530610000000000 0.24336900000000000 0.019151
57.7551020000000000 0.27235400000000000 0.021149
57.8571430000000000 0.24597600000000000 0.019336
57.9591840000000000 0.23995600000000000 0.019215
58.0612240000000000 0.25604200000000000 0.020241
58.1632650000000000 0.29038700000000000 0.021912
58.2653060000000000 0.25696400000000000 0.020038
58.3673470000000000 0.26859000000000000 0.021200
58.4693880000000000 0.25604200000000000 0.020241
58.5714290000000000 0.26667700000000000 0.020666
58.6734690000000000 0.23562200000000000 0.018681
58.7755100000000000 0.20180400000000000 0.017753
58.8775510000000000 0.15472100000000000 0.015101
58.9795920000000000 0.08822800000000000 0.010741
59.0816330000000000 0.06877100000000000 0.009754
59.1836730000000000 0.11506500000000000 0.013149
59.2857140000000000 0.17372400000000000 0.015880
59.3877550000000000 0.25051400000000000 0.020181
59.4897960000000000 0.27662100000000000 0.021596
59.5918370000000000 0.24148500000000000 0.019390
59.6938780000000000 0.26036900000000000 0.020615
59.7959180000000000 0.28564000000000000 0.021442
59.8979590000000000 0.29265700000000000 0.021648
60.0000000000000000 0.23745600000000000 0.019548
