55.0000000000000000 0.23885800000000000 0.018960
55.1020410000000000 0.28153600000000000 0.020745
55.2040820000000000 0.27562300000000000 0.020371
55.3061220000000000 0.25129200000000000 0.019712
55.4081630000000000 0.27984500000000000 0.021039
55.5102040000000000 0.23920200000000000 0.018911
55.6122450000000000 0.26583000000000000 0.019546
55.7142860000000000 0.22499300000000000 0.018232
55.8163270000000000 0.20442900000000000 0.017267
55.9183670000000000 0.19957600000000000 0.016703
56.0204080000000000 0.24453700000000000 0.019022
56.1224490000000000 0.28764100000000000 0.021495
56.2244900000000000 0.23987200000000000 0.019047
56.3265310000000000 0.25533400000000000 0.019939
56.4285710000000000 0.26800200000000000 0.020281
56.5306120000000000 0.24456500000000000 0.019413
56.6326530000000000 0.24678800000000000 0.019327
56.7346940000000000 0.25269400000000000 0.019993
56.8367350000000000 0.26031800000000000 0.019827
56.9387760000000000 0.29363100000000000 0.022381
57.0408160000000000 0.26036100000000000 0.019867
57.1428570000000000 0.29661200000000000 0.021825
57.2448980000000000 0.25520000000000000 0.019696
57.3469390000000000 0.26123300000000000 0.020205
57.4489800000000000 0.26405200000000000 0.020251
57.5510200000000000 0.28716000000000000 0.021345
57.6530610000000000 0.26021800000000000 0.019967
57.7551020000000000 0.24098500000000000 0.019599
57.8571430000000000 0.27459000000000000 0.020716
57.9591840000000000 0.27452800000000000 0.020899
58.0612240000000000 0.26712100000000000 0.020784
58.1632650000000000 0.26601300000000000 0.020730
58.2653060000000000 0.26451900000000000 0.020405
58.3673470000000000 0.26973700000000000 0.021257
58.4693880000000000 0.25604200000000000 0.020241
58.5714290000000000 0.27764700000000000 0.021198
58.6734690000000000 0.26063300000000000 0.019890
58.7755100000000000 0.22117500000000000 0.018753
58.8775510000000000 0.14239700000000000 0.014416
58.9795920000000000 0.08408100000000000 0.010482
59.0816330000000000 0.07422000000000000 0.010121
59.1836730000000000 0.12796600000000000 0.013917
59.2857140000000000 0.19217000000000000 0.016844
59.3877550000000000 0.20632600000000000 0.017939
59.4897960000000000 0.28350500000000000 0.021934
59.5918370000000000 0.26769700000000000 0.020674
59.6938780000000000 0.27163500000000000 0.021169
59.7959180000000000 0.26292800000000000 0.020349
59.8979590000000000 0.25635600000000000 0.019909
60.0000000000000000 0.24199800000000000 0.019776
