55.0000000000000000 0.31280700000000000 0.022489
55.1020410000000000 0.30926800000000000 0.022039
55.2040820000000000 0.29087300000000000 0.021084
55.3061220000000000 0.31032900000000000 0.022537
55.4081630000000000 0.31614700000000000 0.022755
55.5102040000000000 0.27380800000000000 0.020578
55.6122450000000000 0.26680700000000000 0.019592
55.7142860000000000 0.25336600000000000 0.019617
55.8163270000000000 0.24148100000000000 0.019107
55.9183670000000000 0.22196600000000000 0.017810
56.0204080000000000 0.28476000000000000 0.020936
56.1224490000000000 0.28764100000000000 0.021495
56.2244900000000000 0.29716000000000000 0.021797
56.3265310000000000 0.28979400000000000 0.021598
56.4285710000000000 0.27742100000000000 0.020729
56.5306120000000000 0.23810400000000000 0.019095
56.6326530000000000 0.24046300000000000 0.019019
56.7346940000000000 0.23622200000000000 0.019178
56.8367350000000000 0.23751100000000000 0.018727
56.9387760000000000 0.19998100000000000 0.017678
57.0408160000000000 0.19477800000000000 0.016642
57.1428570000000000 0.14196200000000000 0.014041
57.2448980000000000 0.08199100000000000 0.010420
57.3469390000000000 0.06351200000000000 0.009319
57.4489800000000000 0.01714000000000000 0.005484
57.5510200000000000 -0.0020150000000000 0.003013
57.6530610000000000 -0.0030490000000000 0.002793
57.7551020000000000 0.00011800000000000 0.003549
57.8571430000000000 0.00435000000000000 0.003977
57.9591840000000000 0.00011300000000000 0.003423
58.0612240000000000 0.00233200000000000 0.003846
58.1632650000000000 0.00122400000000000 0.003682
58.2653060000000000 0.00011300000000000 0.003419
58.3673470000000000 0.00012000000000000 0.003635
58.4693880000000000 0.00122400000000000 0.003682
58.5714290000000000 0.01108500000000000 0.004938
58.6734690000000000 0.00323600000000000 0.003767
58.7755100000000000 0.01379300000000000 0.005387
58.8775510000000000 0.01468200000000000 0.005419
58.9795920000000000 0.01358600000000000 0.005013
59.0816330000000000 0.01537100000000000 0.005388
59.1836730000000000 0.03648200000000000 0.007684
59.2857140000000000 0.04677100000000000 0.008148
59.3877550000000000 0.10775500000000000 0.012477
59.4897960000000000 0.10452500000000000 0.012361
59.5918370000000000 0.12680700000000000 0.013355
59.6938780000000000 0.11503400000000000 0.012877
59.7959180000000000 0.15801800000000000 0.015017
59.8979590000000000 0.13036900000000000 0.013403
60.0000000000000000 0.16364300000000000 0.015693
