55.0000000000000000 0.27794500000000000 0.020845
55.1020410000000000 0.24866800000000000 0.019184
55.2040820000000000 0.23089000000000000 0.018236
55.3061220000000000 0.23948400000000000 0.019134
55.4081630000000000 0.20831000000000000 0.017534
55.5102040000000000 0.18257500000000000 0.016076
55.6122450000000000 0.12710400000000000 0.012641
55.7142860000000000 0.06841600000000000 0.009538
55.8163270000000000 0.05621900000000000 0.008729
55.9183670000000000 0.03776200000000000 0.007157
56.0204080000000000 0.01454700000000000 0.005098
56.1224490000000000 0.00119000000000000 0.003579
56.2244900000000000 0.00223300000000000 0.003683
56.3265310000000000 -0.0041950000000000 0.002647
56.4285710000000000 -0.0040760000000000 0.002572
56.5306120000000000 0.00226700000000000 0.003739
56.6326530000000000 0.00327300000000000 0.003811
56.7346940000000000 0.00121300000000000 0.003649
56.8367350000000000 0.00736600000000000 0.004294
56.9387760000000000 0.00697200000000000 0.004587
57.0408160000000000 -0.0030140000000000 0.002761
57.1428570000000000 0.00224500000000000 0.003703
57.2448980000000000 -0.0019890000000000 0.002975
57.3469390000000000 -0.0031110000000000 0.002850
57.4489800000000000 -0.0020170000000000 0.003016
57.5510200000000000 0.00755400000000000 0.004403
57.6530610000000000 0.00537600000000000 0.004093
57.7551020000000000 0.00123800000000000 0.003723
57.8571430000000000 0.00647000000000000 0.004256
57.9591840000000000 0.01091700000000000 0.004863
58.0612240000000000 0.00233200000000000 0.003846
58.1632650000000000 0.00344000000000000 0.004005
58.2653060000000000 -0.0031240000000000 0.002862
58.3673470000000000 0.00126800000000000 0.003813
58.4693880000000000 -0.0021000000000000 0.003140
58.5714290000000000 0.00011500000000000 0.003475
58.6734690000000000 0.00219400000000000 0.003618
58.7755100000000000 -0.0044380000000000 0.002801
58.8775510000000000 0.00347800000000000 0.004050
58.9795920000000000 -0.0019650000000000 0.002938
59.0816330000000000 0.00447400000000000 0.004090
59.1836730000000000 0.00716000000000000 0.004711
59.2857140000000000 0.01205000000000000 0.005008
59.3877550000000000 0.02164600000000000 0.006182
59.4897960000000000 0.03912900000000000 0.007803
59.5918370000000000 0.04270900000000000 0.007863
59.6938780000000000 0.05419600000000000 0.008892
59.7959180000000000 0.05419100000000000 0.008688
59.8979590000000000 0.05029300000000000 0.008338
60.0000000000000000 0.06257600000000000 0.009542
