55.0000000000000000 0.28428400000000000 0.021146
55.1020410000000000 0.23737000000000000 0.018639
55.2040820000000000 0.23089000000000000 0.018236
55.3061220000000000 0.21801600000000000 0.018068
55.4081630000000000 0.19443100000000000 0.016829
55.5102040000000000 0.15950500000000000 0.014869
55.6122450000000000 0.13785100000000000 0.013222
55.7142860000000000 0.08943300000000000 0.010893
55.8163270000000000 0.08268500000000000 0.010511
55.9183670000000000 0.05404500000000000 0.008384
56.0204080000000000 0.04445600000000000 0.007738
56.1224490000000000 0.03672700000000000 0.007317
56.2244900000000000 0.01072000000000000 0.004775
56.3265310000000000 0.00119000000000000 0.003579
56.4285710000000000 0.00429600000000000 0.003927
56.5306120000000000 0.00119000000000000 0.003579
56.6326530000000000 0.00221900000000000 0.003660
56.7346940000000000 0.00121300000000000 0.003649
56.8367350000000000 -0.0009280000000000 0.003116
56.9387760000000000 0.00012000000000000 0.003618
57.0408160000000000 0.00115000000000000 0.003459
57.1428570000000000 0.00331200000000000 0.003855
57.2448980000000000 0.00221000000000000 0.003644
57.3469390000000000 -0.0020360000000000 0.003045
57.4489800000000000 -0.0020170000000000 0.003016
57.5510200000000000 0.00223800000000000 0.003691
57.6530610000000000 0.00221700000000000 0.003656
57.7551020000000000 0.00459900000000000 0.004205
57.8571430000000000 -0.0020080000000000 0.003003
57.9591840000000000 -0.0009670000000000 0.003247
58.0612240000000000 -0.0009920000000000 0.003330
58.1632650000000000 -0.0054230000000000 0.002490
58.2653060000000000 0.00011300000000000 0.003419
58.3673470000000000 -0.0021740000000000 0.003252
58.4693880000000000 0.00787200000000000 0.004589
58.5714290000000000 0.00889100000000000 0.004678
58.6734690000000000 0.01053000000000000 0.004690
58.7755100000000000 0.01037500000000000 0.004996
58.8775510000000000 0.01244100000000000 0.005171
58.9795920000000000 0.01047600000000000 0.004666
59.0816330000000000 0.01319200000000000 0.005151
59.1836730000000000 0.01771600000000000 0.005925
59.2857140000000000 0.04460100000000000 0.007981
59.3877550000000000 0.04997100000000000 0.008602
59.4897960000000000 0.05519100000000000 0.009059
59.5918370000000000 0.05690800000000000 0.008934
59.6938780000000000 0.06884200000000000 0.009939
59.7959180000000000 0.07257700000000000 0.009970
59.8979590000000000 0.09300100000000000 0.011207
60.0000000000000000 0.08755900000000000 0.011230
