55.0000000000000000 0.25470400000000000 0.019730
55.1020410000000000 0.27434600000000000 0.020406
55.2040820000000000 0.26342300000000000 0.019795
55.3061220000000000 0.22875000000000000 0.018603
55.4081630000000000 0.28731900000000000 0.021395
55.5102040000000000 0.25807800000000000 0.019825
55.6122450000000000 0.24531400000000000 0.018584
55.7142860000000000 0.19241700000000000 0.016598
55.8163270000000000 0.23195400000000000 0.018639
55.9183670000000000 0.22705400000000000 0.018058
56.0204080000000000 0.23628600000000000 0.018622
56.1224490000000000 0.29517900000000000 0.021854
56.2244900000000000 0.29928200000000000 0.021897
56.3265310000000000 0.29517900000000000 0.021854
56.4285710000000000 0.24812000000000000 0.019325
56.5306120000000000 0.24348800000000000 0.019360
56.6326530000000000 0.25311300000000000 0.019634
56.7346940000000000 0.29003200000000000 0.021805
56.8367350000000000 0.31733700000000000 0.022506
56.9387760000000000 0.27992600000000000 0.021712
57.0408160000000000 0.26556600000000000 0.020116
57.1428570000000000 0.31047700000000000 0.022478
57.2448980000000000 0.27409500000000000 0.020601
57.3469390000000000 0.29024600000000000 0.021598
57.4489800000000000 0.26830900000000000 0.020455
57.5510200000000000 0.29672900000000000 0.021798
57.6530610000000000 0.28654500000000000 0.021223
57.7551020000000000 0.28579800000000000 0.021803
57.8571430000000000 0.27776900000000000 0.020867
57.9591840000000000 0.27128700000000000 0.020743
58.0612240000000000 0.27376800000000000 0.021108
58.1632650000000000 0.26822900000000000 0.020838
58.2653060000000000 0.25480600000000000 0.019933
58.3673470000000000 0.28350500000000000 0.021934
58.4693880000000000 0.28706300000000000 0.021752
58.5714290000000000 0.27545300000000000 0.021092
58.6734690000000000 0.23770700000000000 0.018782
58.7755100000000000 0.20066500000000000 0.017694
58.8775510000000000 0.15024000000000000 0.014853
58.9795920000000000 0.07786100000000000 0.010087
59.0816330000000000 0.08729800000000000 0.010970
59.1836730000000000 0.10450900000000000 0.012503
59.2857140000000000 0.18565900000000000 0.016506
59.3877550000000000 0.23238500000000000 0.019271
59.4897960000000000 0.24679100000000000 0.020114
59.5918370000000000 0.24913000000000000 0.019767
59.6938780000000000 0.25360900000000000 0.020281
59.7959180000000000 0.27482500000000000 0.020923
59.8979590000000000 0.26276200000000000 0.020219
60.0000000000000000 0.28969200000000000 0.022130
