55.0000000000000000 0.33499100000000000 0.023520
55.1020410000000000 0.35856900000000000 0.024296
55.2040820000000000 0.33459000000000000 0.023098
55.3061220000000000 0.32106400000000000 0.023041
55.4081630000000000 0.35244800000000000 0.024440
55.5102040000000000 0.32414300000000000 0.022940
55.6122450000000000 0.27950700000000000 0.020181
55.7142860000000000 0.25862000000000000 0.019870
55.8163270000000000 0.21607400000000000 0.017852
55.9183670000000000 0.22400100000000000 0.017909
56.0204080000000000 0.22803600000000000 0.018220
56.1224490000000000 0.19179800000000000 0.016763
56.2244900000000000 0.17091400000000000 0.015559
56.3265310000000000 0.15949200000000000 0.015064
56.4285710000000000 0.11731300000000000 0.012529
56.5306120000000000 0.07441800000000000 0.010069
56.6326530000000000 0.05914500000000000 0.008916
56.7346940000000000 0.03196200000000000 0.007000
56.8367350000000000 0.01876900000000000 0.005550
56.9387760000000000 0.00240400000000000 0.003965
57.0408160000000000 0.00219100000000000 0.003614
57.1428570000000000 0.00331200000000000 0.003855
57.2448980000000000 0.00325900000000000 0.003795
57.3469390000000000 -0.0031110000000000 0.002850
57.4489800000000000 -0.0030810000000000 0.002823
57.5510200000000000 -0.0009520000000000 0.003195
57.6530610000000000 -0.0019960000000000 0.002984
57.7551020000000000 0.00235800000000000 0.003890
57.8571430000000000 -0.0030680000000000 0.002811
57.9591840000000000 0.00011300000000000 0.003423
58.0612240000000000 0.00454800000000000 0.004158
58.1632650000000000 0.00122400000000000 0.003682
58.2653060000000000 0.00443000000000000 0.004050
58.3673470000000000 0.00126800000000000 0.003813
58.4693880000000000 0.00011600000000000 0.003510
58.5714290000000000 0.00011500000000000 0.003475
58.6734690000000000 0.00115100000000000 0.003463
58.7755100000000000 0.01835100000000000 0.005873
58.8775510000000000 0.01468200000000000 0.005419
58.9795920000000000 0.00736600000000000 0.004294
59.0816330000000000 0.01210200000000000 0.005030
59.1836730000000000 0.01067900000000000 0.005143
59.2857140000000000 0.03700600000000000 0.007373
59.3877550000000000 0.05337000000000000 0.008859
59.4897960000000000 0.05404400000000000 0.008973
59.5918370000000000 0.07329000000000000 0.010071
59.6938780000000000 0.08686800000000000 0.011138
59.7959180000000000 0.09745200000000000 0.011557
59.8979590000000000 0.08445900000000000 0.010672
60.0000000000000000 0.10799900000000000 0.012506
