55.0000000000000000 0.24202800000000000 0.019114
55.1020410000000000 0.27023700000000000 0.020212
55.2040820000000000 0.29595700000000000 0.021321
55.3061220000000000 0.24592500000000000 0.019450
55.4081630000000000 0.28838700000000000 0.021446
55.5102040000000000 0.24759200000000000 0.019319
55.6122450000000000 0.25215200000000000 0.018906
55.7142860000000000 0.24601000000000000 0.019261
55.8163270000000000 0.20548800000000000 0.017321
55.9183670000000000 0.22603600000000000 0.018009
56.0204080000000000 0.23216100000000000 0.018421
56.1224490000000000 0.26502600000000000 0.020409
56.2244900000000000 0.27700300000000000 0.020841
56.3265310000000000 0.27148700000000000 0.020721
56.4285710000000000 0.27742100000000000 0.020729
56.5306120000000000 0.26502600000000000 0.020409
56.6326530000000000 0.26998000000000000 0.020445
56.7346940000000000 0.24830100000000000 0.019777
56.8367350000000000 0.25202500000000000 0.019429
56.9387760000000000 0.27307300000000000 0.021375
57.0408160000000000 0.27077200000000000 0.020364
57.1428570000000000 0.26888100000000000 0.020503
57.2448980000000000 0.25834900000000000 0.019848
57.3469390000000000 0.25263600000000000 0.019787
57.4489800000000000 0.23531600000000000 0.018852
57.5510200000000000 0.27121300000000000 0.020585
57.6530610000000000 0.28549200000000000 0.021173
57.7551020000000000 0.26787300000000000 0.020930
57.8571430000000000 0.25233500000000000 0.019645
57.9591840000000000 0.24643800000000000 0.019534
58.0612240000000000 0.25161000000000000 0.020023
58.1632650000000000 0.26379700000000000 0.020622
58.2653060000000000 0.28178600000000000 0.021237
58.3673470000000000 0.25252800000000000 0.020402
58.4693880000000000 0.28595500000000000 0.021698
58.5714290000000000 0.26338700000000000 0.020506
58.6734690000000000 0.24917000000000000 0.019338
58.7755100000000000 0.21092000000000000 0.018226
58.8775510000000000 0.14687900000000000 0.014667
58.9795920000000000 0.07475100000000000 0.009886
59.0816330000000000 0.07204100000000000 0.009975
59.1836730000000000 0.10450900000000000 0.012503
59.2857140000000000 0.18674400000000000 0.016562
59.3877550000000000 0.22898600000000000 0.019099
59.4897960000000000 0.25023300000000000 0.020287
59.5918370000000000 0.27206500000000000 0.020885
59.6938780000000000 0.25698900000000000 0.020448
59.7959180000000000 0.28239600000000000 0.021287
59.8979590000000000 0.27877800000000000 0.020988
60.0000000000000000 0.26925200000000000 0.021131
