55.0000000000000000 0.24202800000000000 0.019114
55.1020410000000000 0.29796900000000000 0.021514
55.2040820000000000 0.24919000000000000 0.019118
55.3061220000000000 0.25236500000000000 0.019764
55.4081630000000000 0.26276200000000000 0.020219
55.5102040000000000 0.28639200000000000 0.021174
55.6122450000000000 0.24336000000000000 0.018491
55.7142860000000000 0.23655200000000000 0.018800
55.8163270000000000 0.18431500000000000 0.016240
55.9183670000000000 0.24944400000000000 0.019139
56.0204080000000000 0.24660000000000000 0.019121
56.1224490000000000 0.32748500000000000 0.023375
56.2244900000000000 0.27275900000000000 0.020638
56.3265310000000000 0.26933400000000000 0.020617
56.4285710000000000 0.28056000000000000 0.020878
56.5306120000000000 0.29517900000000000 0.021854
56.6326530000000000 0.29422600000000000 0.021596
56.7346940000000000 0.22963300000000000 0.018850
56.8367350000000000 0.29556600000000000 0.021493
56.9387760000000000 0.27764200000000000 0.021600
57.0408160000000000 0.27805900000000000 0.020710
57.1428570000000000 0.26461500000000000 0.020298
57.2448980000000000 0.27619500000000000 0.020701
57.3469390000000000 0.30314100000000000 0.022209
57.4489800000000000 0.28108000000000000 0.021066
57.5510200000000000 0.25739200000000000 0.019919
57.6530610000000000 0.27496100000000000 0.020673
57.7551020000000000 0.27011300000000000 0.021039
57.8571430000000000 0.30956200000000000 0.022370
57.9591840000000000 0.27236700000000000 0.020795
58.0612240000000000 0.25604200000000000 0.020241
58.1632650000000000 0.26933600000000000 0.020892
58.2653060000000000 0.29473700000000000 0.021854
58.3673470000000000 0.29268400000000000 0.022382
58.4693880000000000 0.27487600000000000 0.021162
58.5714290000000000 0.25570800000000000 0.020131
58.6734690000000000 0.22207500000000000 0.018016
58.7755100000000000 0.20066500000000000 0.017694
58.8775510000000000 0.16592400000000000 0.015712
58.9795920000000000 0.07164100000000000 0.009682
59.0816330000000000 0.08402800000000000 0.010761
59.1836730000000000 0.11389200000000000 0.013078
59.2857140000000000 0.16504300000000000 0.015419
59.3877550000000000 0.22785300000000000 0.019042
59.4897960000000000 0.25023300000000000 0.020287
59.5918370000000000 0.28189500000000000 0.021360
59.6938780000000000 0.23670900000000000 0.019437
59.7959180000000000 0.25968300000000000 0.020191
59.8979590000000000 0.25208500000000000 0.019701
60.0000000000000000 0.24313300000000000 0.019833
