55.0000000000000000 0.32442700000000000 0.023030
55.1020410000000000 0.29078000000000000 0.021179
55.2040820000000000 0.28680700000000000 0.020894
55.3061220000000000 0.31032900000000000 0.022537
55.4081630000000000 0.27984500000000000 0.021039
55.5102040000000000 0.28534300000000000 0.021125
55.6122450000000000 0.25215200000000000 0.018906
55.7142860000000000 0.20817900000000000 0.017395
55.8163270000000000 0.18219700000000000 0.016131
55.9183670000000000 0.19143500000000000 0.016294
56.0204080000000000 0.15377900000000000 0.014444
56.1224490000000000 0.13149300000000000 0.013525
56.2244900000000000 0.11787000000000000 0.012649
56.3265310000000000 0.08303300000000000 0.010629
56.4285710000000000 0.04301400000000000 0.007692
56.5306120000000000 0.01626600000000000 0.005438
56.6326530000000000 -0.0030520000000000 0.002796
56.7346940000000000 -0.0020810000000000 0.003112
56.8367350000000000 0.00425600000000000 0.003890
56.9387760000000000 0.00468800000000000 0.004286
57.0408160000000000 0.00219100000000000 0.003614
57.1428570000000000 -0.0041540000000000 0.002621
57.2448980000000000 -0.0030390000000000 0.002784
57.3469390000000000 -0.0041860000000000 0.002641
57.4489800000000000 -0.0009530000000000 0.003198
57.5510200000000000 0.00223800000000000 0.003691
57.6530610000000000 -0.0030490000000000 0.002793
57.7551020000000000 0.00347800000000000 0.004050
57.8571430000000000 0.00753000000000000 0.004389
57.9591840000000000 0.02280100000000000 0.006101
58.0612240000000000 0.02781400000000000 0.006670
58.1632650000000000 0.03667700000000000 0.007439
58.2653060000000000 0.06594500000000000 0.009509
58.3673470000000000 0.08043200000000000 0.010825
58.4693880000000000 0.07877700000000000 0.010514
58.5714290000000000 0.08677500000000000 0.010975
58.6734690000000000 0.09910800000000000 0.011435
58.7755100000000000 0.08444000000000000 0.011048
58.8775510000000000 0.07293800000000000 0.010187
58.9795920000000000 0.04365000000000000 0.007699
59.0816330000000000 0.04043700000000000 0.007672
59.1836730000000000 0.05642100000000000 0.009265
59.2857140000000000 0.09234400000000000 0.011261
59.3877550000000000 0.14854300000000000 0.014843
59.4897960000000000 0.14582800000000000 0.014784
59.5918370000000000 0.13117500000000000 0.013604
59.6938780000000000 0.17812500000000000 0.016411
59.7959180000000000 0.16018200000000000 0.015134
59.8979590000000000 0.17948300000000000 0.016056
60.0000000000000000 0.15342300000000000 0.015131
