55.0000000000000000 0.27794500000000000 0.020845
55.1020410000000000 0.28769800000000000 0.021034
55.2040820000000000 0.27765700000000000 0.020466
55.3061220000000000 0.26846600000000000 0.020544
55.4081630000000000 0.26810100000000000 0.020476
55.5102040000000000 0.24968900000000000 0.019420
55.6122450000000000 0.23066000000000000 0.017887
55.7142860000000000 0.23550200000000000 0.018748
55.8163270000000000 0.18643200000000000 0.016350
55.9183670000000000 0.23316000000000000 0.018355
56.0204080000000000 0.27754000000000000 0.020596
56.1224490000000000 0.26179500000000000 0.020253
56.2244900000000000 0.29503800000000000 0.021697
56.3265310000000000 0.26394900000000000 0.020357
56.4285710000000000 0.26277000000000000 0.020031
56.5306120000000000 0.26825700000000000 0.020565
56.6326530000000000 0.27525100000000000 0.020697
56.7346940000000000 0.28454100000000000 0.021541
56.8367350000000000 0.27586900000000000 0.020566
56.9387760000000000 0.26165300000000000 0.020811
57.0408160000000000 0.25932000000000000 0.019817
57.1428570000000000 0.26141600000000000 0.020143
57.2448980000000000 0.30138900000000000 0.021890
57.3469390000000000 0.25800900000000000 0.020049
57.4489800000000000 0.30662300000000000 0.022275
57.5510200000000000 0.24782400000000000 0.019455
57.6530610000000000 0.26864300000000000 0.020371
57.7551020000000000 0.25779000000000000 0.020434
57.8571430000000000 0.25551400000000000 0.019799
57.9591840000000000 0.27776900000000000 0.021054
58.0612240000000000 0.29149500000000000 0.021965
58.1632650000000000 0.26933600000000000 0.020892
58.2653060000000000 0.26020200000000000 0.020196
58.3673470000000000 0.28924200000000000 0.022214
58.4693880000000000 0.25715000000000000 0.020296
58.5714290000000000 0.25680500000000000 0.020184
58.6734690000000000 0.23770700000000000 0.018782
58.7755100000000000 0.20978100000000000 0.018167
58.8775510000000000 0.15696200000000000 0.015224
58.9795920000000000 0.08615400000000000 0.010612
59.0816330000000000 0.06768100000000000 0.009680
59.1836730000000000 0.12210200000000000 0.013571
59.2857140000000000 0.18674400000000000 0.016562
59.3877550000000000 0.24371500000000000 0.019841
59.4897960000000000 0.24793900000000000 0.020172
59.5918370000000000 0.29063200000000000 0.021779
59.6938780000000000 0.25473500000000000 0.020337
59.7959180000000000 0.27915100000000000 0.021131
59.8979590000000000 0.25635600000000000 0.019909
60.0000000000000000 0.24540500000000000 0.019947
