55.0000000000000000 0.26632500000000000 0.020290
55.1020410000000000 0.26715600000000000 0.020066
55.2040820000000000 0.24715700000000000 0.019020
55.3061220000000000 0.28886100000000000 0.021521
55.4081630000000000 0.28945400000000000 0.021496
55.5102040000000000 0.26751600000000000 0.020277
55.6122450000000000 0.21698300000000000 0.017230
55.7142860000000000 0.23129800000000000 0.018542
55.8163270000000000 0.19172500000000000 0.016621
55.9183670000000000 0.22298300000000000 0.017860
56.0204080000000000 0.25691300000000000 0.019616
56.1224490000000000 0.26933400000000000 0.020617
56.2244900000000000 0.23350700000000000 0.018735
56.3265310000000000 0.25964200000000000 0.020148
56.4285710000000000 0.25544500000000000 0.019679
56.5306120000000000 0.27256400000000000 0.020773
56.6326530000000000 0.29317200000000000 0.021546
56.7346940000000000 0.26477400000000000 0.020584
56.8367350000000000 0.24476800000000000 0.019079
56.9387760000000000 0.28449400000000000 0.021935
57.0408160000000000 0.27493600000000000 0.020562
57.1428570000000000 0.28701300000000000 0.021370
57.2448980000000000 0.25415000000000000 0.019645
57.3469390000000000 0.26123300000000000 0.020205
57.4489800000000000 0.28108000000000000 0.021066
57.5510200000000000 0.28609700000000000 0.021295
57.6530610000000000 0.27917300000000000 0.020873
57.7551020000000000 0.23314300000000000 0.019206
57.8571430000000000 0.31592100000000000 0.022667
57.9591840000000000 0.28425100000000000 0.021365
58.0612240000000000 0.26047300000000000 0.020459
58.1632650000000000 0.29592600000000000 0.022178
58.2653060000000000 0.29365700000000000 0.021803
58.3673470000000000 0.27432700000000000 0.021483
58.4693880000000000 0.24385500000000000 0.019639
58.5714290000000000 0.26229000000000000 0.020453
58.6734690000000000 0.24917000000000000 0.019338
58.7755100000000000 0.20180400000000000 0.017753
58.8775510000000000 0.15472100000000000 0.015101
58.9795920000000000 0.08926400000000000 0.010805
59.0816330000000000 0.07966900000000000 0.010479
59.1836730000000000 0.10802700000000000 0.012720
59.2857140000000000 0.19325500000000000 0.016900
59.3877550000000000 0.24258200000000000 0.019784
59.4897960000000000 0.24793900000000000 0.020172
59.5918370000000000 0.29172500000000000 0.021831
59.6938780000000000 0.26036900000000000 0.020615
59.7959180000000000 0.28131400000000000 0.021235
59.8979590000000000 0.31187600000000000 0.022554
60.0000000000000000 0.24540500000000000 0.019947
