55.0000000000000000 0.31914500000000000 0.022784
55.1020410000000000 0.35035200000000000 0.023923
55.2040820000000000 0.33357300000000000 0.023051
55.3061220000000000 0.32321000000000000 0.023141
55.4081630000000000 0.31294300000000000 0.022605
55.5102040000000000 0.31260800000000000 0.022404
55.6122450000000000 0.30002200000000000 0.021123
55.7142860000000000 0.29855300000000000 0.021768
55.8163270000000000 0.25842000000000000 0.019929
55.9183670000000000 0.28506300000000000 0.020823
56.0204080000000000 0.30848100000000000 0.022044
56.1224490000000000 0.28333300000000000 0.021289
56.2244900000000000 0.30352500000000000 0.022097
56.3265310000000000 0.33287000000000000 0.023626
56.4285710000000000 0.30567500000000000 0.022059
56.5306120000000000 0.29410200000000000 0.021803
56.6326530000000000 0.26998000000000000 0.020445
56.7346940000000000 0.26697000000000000 0.020691
56.8367350000000000 0.24062100000000000 0.018878
56.9387760000000000 0.22624900000000000 0.019033
57.0408160000000000 0.16458900000000000 0.015084
57.1428570000000000 0.16009400000000000 0.015025
57.2448980000000000 0.11243400000000000 0.012267
57.3469390000000000 0.06781100000000000 0.009614
57.4489800000000000 0.01820400000000000 0.005592
57.5510200000000000 0.00330100000000000 0.003843
57.6530610000000000 -0.0019960000000000 0.002984
57.7551020000000000 -0.0066040000000000 0.002259
57.8571430000000000 0.00011100000000000 0.003357
57.9591840000000000 0.00335400000000000 0.003905
58.0612240000000000 0.00344000000000000 0.004005
58.1632650000000000 -0.0021000000000000 0.003140
58.2653060000000000 0.00443000000000000 0.004050
58.3673470000000000 -0.0033220000000000 0.003043
58.4693880000000000 -0.0009920000000000 0.003330
58.5714290000000000 -0.0042730000000000 0.002696
58.6734690000000000 0.01157200000000000 0.004809
58.7755100000000000 0.01493300000000000 0.005512
58.8775510000000000 0.01468200000000000 0.005419
58.9795920000000000 0.01358600000000000 0.005013
59.0816330000000000 0.01101200000000000 0.004905
59.1836730000000000 0.03061800000000000 0.007171
59.2857140000000000 0.06304700000000000 0.009336
59.3877550000000000 0.08736000000000000 0.011203
59.4897960000000000 0.10337800000000000 0.012290
59.5918370000000000 0.10496300000000000 0.012074
59.6938780000000000 0.12855300000000000 0.013668
59.7959180000000000 0.15585500000000000 0.014900
59.8979590000000000 0.13784300000000000 0.013821
60.0000000000000000 0.15001600000000000 0.014942
