55.0000000000000000 0.32442700000000000 0.023030
55.1020410000000000 0.29694200000000000 0.021466
55.2040820000000000 0.27460700000000000 0.020323
55.3061220000000000 0.31569600000000000 0.022789
55.4081630000000000 0.30547000000000000 0.022253
55.5102040000000000 0.26437000000000000 0.020127
55.6122450000000000 0.23554400000000000 0.018120
55.7142860000000000 0.19767100000000000 0.016865
55.8163270000000000 0.17267000000000000 0.015635
55.9183670000000000 0.18125800000000000 0.015778
56.0204080000000000 0.18265600000000000 0.015952
56.1224490000000000 0.19179800000000000 0.016763
56.2244900000000000 0.16561000000000000 0.015279
56.3265310000000000 0.14118500000000000 0.014066
56.4285710000000000 0.08696600000000000 0.010716
56.5306120000000000 0.09164800000000000 0.011173
56.6326530000000000 0.04227800000000000 0.007668
56.7346940000000000 0.01329300000000000 0.005191
56.8367350000000000 0.00736600000000000 0.004294
56.9387760000000000 0.00354600000000000 0.004128
57.0408160000000000 0.00115000000000000 0.003459
57.1428570000000000 -0.0030880000000000 0.002829
57.2448980000000000 -0.0019890000000000 0.002975
57.3469390000000000 -0.0041860000000000 0.002641
57.4489800000000000 0.00224000000000000 0.003695
57.5510200000000000 -0.0030780000000000 0.002820
57.6530610000000000 0.00011000000000000 0.003336
57.7551020000000000 0.00235800000000000 0.003890
57.8571430000000000 -0.0009490000000000 0.003185
57.9591840000000000 -0.0020470000000000 0.003062
58.0612240000000000 -0.0032070000000000 0.002939
58.1632650000000000 -0.0009920000000000 0.003330
58.2653060000000000 0.00227200000000000 0.003747
58.3673470000000000 0.00012000000000000 0.003635
58.4693880000000000 0.00011600000000000 0.003510
58.5714290000000000 -0.0020790000000000 0.003109
58.6734690000000000 0.00323600000000000 0.003767
58.7755100000000000 0.00353800000000000 0.004119
58.8775510000000000 0.00347800000000000 0.004050
58.9795920000000000 0.00114500000000000 0.003445
59.0816330000000000 0.00447400000000000 0.004090
59.1836730000000000 0.00246900000000000 0.004072
59.2857140000000000 0.01096400000000000 0.004884
59.3877550000000000 0.01031600000000000 0.004968
59.4897960000000000 0.01962500000000000 0.006031
59.5918370000000000 0.02086600000000000 0.005957
59.6938780000000000 0.02715700000000000 0.006681
59.7959180000000000 0.05635400000000000 0.008845
59.8979590000000000 0.04388700000000000 0.007851
60.0000000000000000 0.04667800000000000 0.008359
