55.0000000000000000 0.25576100000000000 0.019781
55.1020410000000000 0.28667100000000000 0.020986
55.2040820000000000 0.26952300000000000 0.020083
55.3061220000000000 0.30496200000000000 0.022284
55.4081630000000000 0.27771000000000000 0.020937
55.5102040000000000 0.26017500000000000 0.019926
55.6122450000000000 0.24824500000000000 0.018722
55.7142860000000000 0.23970500000000000 0.018954
55.8163270000000000 0.22983600000000000 0.018535
55.9183670000000000 0.22094800000000000 0.017760
56.0204080000000000 0.22391000000000000 0.018018
56.1224490000000000 0.27256400000000000 0.020773
56.2244900000000000 0.26533300000000000 0.020282
56.3265310000000000 0.29517900000000000 0.021854
56.4285710000000000 0.29939600000000000 0.021766
56.5306120000000000 0.26071800000000000 0.020201
56.6326530000000000 0.27103400000000000 0.020495
56.7346940000000000 0.26038100000000000 0.020370
56.8367350000000000 0.27275900000000000 0.020419
56.9387760000000000 0.27421600000000000 0.021432
57.0408160000000000 0.28430500000000000 0.021005
57.1428570000000000 0.28807900000000000 0.021420
57.2448980000000000 0.27829400000000000 0.020801
57.3469390000000000 0.27412800000000000 0.020827
57.4489800000000000 0.27682300000000000 0.020863
57.5510200000000000 0.26377100000000000 0.020227
57.6530610000000000 0.28549200000000000 0.021173
57.7551020000000000 0.23762400000000000 0.019431
57.8571430000000000 0.26081300000000000 0.020055
57.9591840000000000 0.27452800000000000 0.020899
58.0612240000000000 0.29703400000000000 0.022231
58.1632650000000000 0.23499200000000000 0.019197
58.2653060000000000 0.28178600000000000 0.021237
58.3673470000000000 0.27088500000000000 0.021313
58.4693880000000000 0.27709200000000000 0.021269
58.5714290000000000 0.25022300000000000 0.019861
58.6734690000000000 0.26271700000000000 0.019989
58.7755100000000000 0.20408300000000000 0.017872
58.8775510000000000 0.12783300000000000 0.013588
58.9795920000000000 0.09548400000000000 0.011186
59.0816330000000000 0.07531000000000000 0.010193
59.1836730000000000 0.10450900000000000 0.012503
59.2857140000000000 0.20953100000000000 0.017732
59.3877550000000000 0.22785300000000000 0.019042
59.4897960000000000 0.25826400000000000 0.020688
59.5918370000000000 0.25786700000000000 0.020195
59.6938780000000000 0.26600200000000000 0.020893
59.7959180000000000 0.26292800000000000 0.020349
59.8979590000000000 0.24781500000000000 0.019493
60.0000000000000000 0.27152300000000000 0.021242
