55.0000000000000000 0.28534000000000000 0.021197
55.1020410000000000 0.28461700000000000 0.020890
55.2040820000000000 0.25020700000000000 0.019166
55.3061220000000000 0.26846600000000000 0.020544
55.4081630000000000 0.28945400000000000 0.021496
55.5102040000000000 0.26961300000000000 0.020378
55.6122450000000000 0.24629100000000000 0.018630
55.7142860000000000 0.25126400000000000 0.019516
55.8163270000000000 0.23195400000000000 0.018639
55.9183670000000000 0.25046100000000000 0.019187
56.0204080000000000 0.25278800000000000 0.019419
56.1224490000000000 0.24995000000000000 0.019676
56.2244900000000000 0.26002900000000000 0.020027
56.3265310000000000 0.29733200000000000 0.021956
56.4285710000000000 0.24916600000000000 0.019376
56.5306120000000000 0.28333300000000000 0.021289
56.6326530000000000 0.28368400000000000 0.021097
56.7346940000000000 0.28673700000000000 0.021647
56.8367350000000000 0.26031800000000000 0.019827
56.9387760000000000 0.31647200000000000 0.023484
57.0408160000000000 0.22704900000000000 0.018252
57.1428570000000000 0.27528100000000000 0.020810
57.2448980000000000 0.23735400000000000 0.018830
57.3469390000000000 0.26445600000000000 0.020361
57.4489800000000000 0.25340900000000000 0.019736
57.5510200000000000 0.22230900000000000 0.018199
57.6530610000000000 0.26548400000000000 0.020220
57.7551020000000000 0.24546600000000000 0.019823
57.8571430000000000 0.27882900000000000 0.020918
57.9591840000000000 0.28317100000000000 0.021314
58.0612240000000000 0.26490500000000000 0.020676
58.1632650000000000 0.26379700000000000 0.020622
58.2653060000000000 0.24401400000000000 0.019405
58.3673470000000000 0.27317900000000000 0.021427
58.4693880000000000 0.26933700000000000 0.020892
58.5714290000000000 0.25899900000000000 0.020292
58.6734690000000000 0.26271700000000000 0.019989
58.7755100000000000 0.18927000000000000 0.017095
58.8775510000000000 0.15584100000000000 0.015162
58.9795920000000000 0.08615400000000000 0.010612
59.0816330000000000 0.06877100000000000 0.009754
59.1836730000000000 0.12796600000000000 0.013917
59.2857140000000000 0.16287300000000000 0.015303
59.3877550000000000 0.26977500000000000 0.021134
59.4897960000000000 0.24564400000000000 0.020057
59.5918370000000000 0.27643400000000000 0.021097
59.6938780000000000 0.28853400000000000 0.021993
59.7959180000000000 0.28131400000000000 0.021235
59.8979590000000000 0.23179900000000000 0.018707
60.0000000000000000 0.25335400000000000 0.020344
