55.0000000000000000 0.36562700000000000 0.024927
55.1020410000000000 0.29283400000000000 0.021275
55.2040820000000000 0.33357300000000000 0.023051
55.3061220000000000 0.28778800000000000 0.021470
55.4081630000000000 0.28091300000000000 0.021090
55.5102040000000000 0.31260800000000000 0.022404
55.6122450000000000 0.22675200000000000 0.017700
55.7142860000000000 0.23024700000000000 0.018491
55.8163270000000000 0.18325600000000000 0.016186
55.9183670000000000 0.18024000000000000 0.015726
56.0204080000000000 0.19915800000000000 0.016789
56.1224490000000000 0.15949200000000000 0.015064
56.2244900000000000 0.13696600000000000 0.013728
56.3265310000000000 0.10564700000000000 0.012027
56.4285710000000000 0.08382600000000000 0.010519
56.5306120000000000 0.06364900000000000 0.009339
56.6326530000000000 0.03279000000000000 0.006896
56.7346940000000000 0.02207900000000000 0.006097
56.8367350000000000 0.00218200000000000 0.003599
56.9387760000000000 -0.0033060000000000 0.003029
57.0408160000000000 -0.0009320000000000 0.003129
57.1428570000000000 -0.0052210000000000 0.002397
57.2448980000000000 0.00850800000000000 0.004477
57.3469390000000000 -0.0074090000000000 0.001886
57.4489800000000000 -0.0030810000000000 0.002823
57.5510200000000000 0.00117500000000000 0.003533
57.6530610000000000 -0.0019960000000000 0.002984
57.7551020000000000 0.00459900000000000 0.004205
57.8571430000000000 -0.0009490000000000 0.003185
57.9591840000000000 0.00767600000000000 0.004475
58.0612240000000000 0.00011600000000000 0.003510
58.1632650000000000 0.00676400000000000 0.004450
58.2653060000000000 -0.0009660000000000 0.003243
58.3673470000000000 -0.0021740000000000 0.003252
58.4693880000000000 0.00454800000000000 0.004158
58.5714290000000000 0.00450300000000000 0.004117
58.6734690000000000 -0.0019750000000000 0.002953
58.7755100000000000 0.00923500000000000 0.004860
58.8775510000000000 0.00123800000000000 0.003723
58.9795920000000000 0.00425600000000000 0.003890
59.0816330000000000 0.00120400000000000 0.003621
59.1836730000000000 0.00598700000000000 0.004559
59.2857140000000000 0.02073000000000000 0.005918
59.3877550000000000 0.03071000000000000 0.007026
59.4897960000000000 0.02421400000000000 0.006482
59.5918370000000000 0.03506400000000000 0.007240
59.6938780000000000 0.03391700000000000 0.007280
59.7959180000000000 0.02066300000000000 0.005899
59.8979590000000000 0.01078900000000000 0.004805
60.0000000000000000 0.00125500000000000 0.003774
