55.0000000000000000 0.29379100000000000 0.021596
55.1020410000000000 0.27845400000000000 0.020600
55.2040820000000000 0.26240700000000000 0.019747
55.3061220000000000 0.26202600000000000 0.020233
55.4081630000000000 0.27130400000000000 0.020630
55.5102040000000000 0.24339700000000000 0.019115
55.6122450000000000 0.23554400000000000 0.018120
55.7142860000000000 0.21343400000000000 0.017658
55.8163270000000000 0.21819100000000000 0.017958
55.9183670000000000 0.20262900000000000 0.016855
56.0204080000000000 0.26000700000000000 0.019764
56.1224490000000000 0.27364100000000000 0.020825
56.2244900000000000 0.28018600000000000 0.020993
56.3265310000000000 0.27687200000000000 0.020980
56.4285710000000000 0.24184100000000000 0.019021
56.5306120000000000 0.28441000000000000 0.021341
56.6326530000000000 0.24889700000000000 0.019430
56.7346940000000000 0.27136300000000000 0.020905
56.8367350000000000 0.26342900000000000 0.019975
56.9387760000000000 0.26736300000000000 0.021094
57.0408160000000000 0.25411500000000000 0.019567
57.1428570000000000 0.24541700000000000 0.019366
57.2448980000000000 0.23000600000000000 0.018470
57.3469390000000000 0.28057500000000000 0.021136
57.4489800000000000 0.28427300000000000 0.021218
57.5510200000000000 0.28716000000000000 0.021345
57.6530610000000000 0.26232400000000000 0.020068
57.7551020000000000 0.27795500000000000 0.021422
57.8571430000000000 0.27670900000000000 0.020817
57.9591840000000000 0.28425100000000000 0.021365
58.0612240000000000 0.26933600000000000 0.020892
58.1632650000000000 0.27487600000000000 0.021162
58.2653060000000000 0.26883600000000000 0.020614
58.3673470000000000 0.26744300000000000 0.021143
58.4693880000000000 0.27820000000000000 0.021323
58.5714290000000000 0.24364100000000000 0.019537
58.6734690000000000 0.27418000000000000 0.020536
58.7755100000000000 0.20864100000000000 0.018108
58.8775510000000000 0.15248000000000000 0.014977
58.9795920000000000 0.08200700000000000 0.010351
59.0816330000000000 0.07204100000000000 0.009975
59.1836730000000000 0.10802700000000000 0.012720
59.2857140000000000 0.20519000000000000 0.017512
59.3877550000000000 0.24824800000000000 0.020068
59.4897960000000000 0.25482200000000000 0.020516
59.5918370000000000 0.26005200000000000 0.020302
59.6938780000000000 0.25360900000000000 0.020281
59.7959180000000000 0.29861900000000000 0.022061
59.8979590000000000 0.27237100000000000 0.020681
60.0000000000000000 0.24994700000000000 0.020174
