55.0000000000000000 0.24942200000000000 0.019474
55.1020410000000000 0.28153600000000000 0.020745
55.2040820000000000 0.27054000000000000 0.020131
55.3061220000000000 0.25451200000000000 0.019869
55.4081630000000000 0.27130400000000000 0.020630
55.5102040000000000 0.27275900000000000 0.020528
55.6122450000000000 0.23163700000000000 0.017934
55.7142860000000000 0.24075600000000000 0.019005
55.8163270000000000 0.22666000000000000 0.018378
55.9183670000000000 0.23010700000000000 0.018207
56.0204080000000000 0.23628600000000000 0.018622
56.1224490000000000 0.24456500000000000 0.019413
56.2244900000000000 0.28230700000000000 0.021094
56.3265310000000000 0.28764100000000000 0.021495
56.4285710000000000 0.26277000000000000 0.020031
56.5306120000000000 0.30594800000000000 0.022364
56.6326530000000000 0.27735900000000000 0.020797
56.7346940000000000 0.29003200000000000 0.021805
56.8367350000000000 0.27275900000000000 0.020419
56.9387760000000000 0.25822700000000000 0.020641
57.0408160000000000 0.26868900000000000 0.020265
57.1428570000000000 0.29021200000000000 0.021522
57.2448980000000000 0.26989600000000000 0.020401
57.3469390000000000 0.27520200000000000 0.020879
57.4489800000000000 0.27150200000000000 0.020609
57.5510200000000000 0.27121300000000000 0.020585
57.6530610000000000 0.27390800000000000 0.020622
57.7551020000000000 0.26115100000000000 0.020599
57.8571430000000000 0.29578500000000000 0.021722
57.9591840000000000 0.24751900000000000 0.019587
58.0612240000000000 0.23720700000000000 0.019308
58.1632650000000000 0.24053100000000000 0.019474
58.2653060000000000 0.26883600000000000 0.020614
58.3673470000000000 0.27662100000000000 0.021596
58.4693880000000000 0.24496300000000000 0.019694
58.5714290000000000 0.23815600000000000 0.019265
58.6734690000000000 0.23770700000000000 0.018782
58.7755100000000000 0.21319900000000000 0.018344
58.8775510000000000 0.15360100000000000 0.015039
58.9795920000000000 0.08615400000000000 0.010612
59.0816330000000000 0.05787300000000000 0.008992
59.1836730000000000 0.12913900000000000 0.013986
59.2857140000000000 0.16395800000000000 0.015361
59.3877550000000000 0.24484900000000000 0.019898
59.4897960000000000 0.25138100000000000 0.020344
59.5918370000000000 0.25895900000000000 0.020248
59.6938780000000000 0.26262200000000000 0.020726
59.7959180000000000 0.23913400000000000 0.019184
59.8979590000000000 0.25315300000000000 0.019753
60.0000000000000000 0.24313300000000000 0.019833
