55.0000000000000000 0.28956600000000000 0.021397
55.1020410000000000 0.28975200000000000 0.021131
55.2040820000000000 0.29392300000000000 0.021226
55.3061220000000000 0.28993500000000000 0.021572
55.4081630000000000 0.28625100000000000 0.021344
55.5102040000000000 0.28744000000000000 0.021224
55.6122450000000000 0.27462200000000000 0.019955
55.7142860000000000 0.24706100000000000 0.019312
55.8163270000000000 0.23195400000000000 0.018639
55.9183670000000000 0.23316000000000000 0.018355
56.0204080000000000 0.25072500000000000 0.019320
56.1224490000000000 0.24995000000000000 0.019676
56.2244900000000000 0.25578500000000000 0.019822
56.3265310000000000 0.25318000000000000 0.019834
56.4285710000000000 0.23870200000000000 0.018868
56.5306120000000000 0.20256700000000000 0.017315
56.6326530000000000 0.18142900000000000 0.016058
56.7346940000000000 0.16264400000000000 0.015381
56.8367350000000000 0.12762200000000000 0.013053
56.9387760000000000 0.09491100000000000 0.011733
57.0408160000000000 0.06257000000000000 0.009092
57.1428570000000000 0.02784200000000000 0.006514
57.2448980000000000 0.00745800000000000 0.004348
57.3469390000000000 0.00011300000000000 0.003404
57.4489800000000000 -0.0041450000000000 0.002616
57.5510200000000000 -0.0030780000000000 0.002820
57.6530610000000000 -0.0051550000000000 0.002366
57.7551020000000000 0.00347800000000000 0.004050
57.8571430000000000 0.00435000000000000 0.003977
57.9591840000000000 0.00011300000000000 0.003423
58.0612240000000000 0.00454800000000000 0.004158
58.1632650000000000 -0.0043150000000000 0.002723
58.2653060000000000 -0.0052830000000000 0.002425
58.3673470000000000 -0.0056160000000000 0.002579
58.4693880000000000 -0.0032070000000000 0.002939
58.5714290000000000 0.00230900000000000 0.003808
58.6734690000000000 -0.0040590000000000 0.002561
58.7755100000000000 0.00125900000000000 0.003787
58.8775510000000000 -0.0032430000000000 0.002971
58.9795920000000000 0.00425600000000000 0.003890
59.0816330000000000 0.00338400000000000 0.003939
59.1836730000000000 0.00246900000000000 0.004072
59.2857140000000000 0.01747500000000000 0.005592
59.3877550000000000 0.01711400000000000 0.005722
59.4897960000000000 0.04257100000000000 0.008083
59.5918370000000000 0.04161700000000000 0.007776
59.6938780000000000 0.05419600000000000 0.008892
59.7959180000000000 0.06825100000000000 0.009678
59.8979590000000000 0.06951100000000000 0.009695
60.0000000000000000 0.06711800000000000 0.009862
