55.0000000000000000 0.30435500000000000 0.022093
55.1020410000000000 0.27742700000000000 0.020552
55.2040820000000000 0.30815700000000000 0.021885
55.3061220000000000 0.28027400000000000 0.021111
55.4081630000000000 0.30119900000000000 0.022052
55.5102040000000000 0.28429400000000000 0.021075
55.6122450000000000 0.25508300000000000 0.019044
55.7142860000000000 0.23970500000000000 0.018954
55.8163270000000000 0.20019400000000000 0.017053
55.9183670000000000 0.20975300000000000 0.017209
56.0204080000000000 0.26413300000000000 0.019961
56.1224490000000000 0.25533400000000000 0.019939
56.2244900000000000 0.25578500000000000 0.019822
56.3265310000000000 0.22410400000000000 0.018400
56.4285710000000000 0.26591000000000000 0.020181
56.5306120000000000 0.20579700000000000 0.017479
56.6326530000000000 0.17194200000000000 0.015564
56.7346940000000000 0.11652100000000000 0.012796
56.8367350000000000 0.08304400000000000 0.010417
56.9387760000000000 0.02296100000000000 0.006343
57.0408160000000000 -0.0009320000000000 0.003129
57.1428570000000000 0.00011200000000000 0.003379
57.2448980000000000 0.00011000000000000 0.003326
57.3469390000000000 -0.0009620000000000 0.003229
57.4489800000000000 -0.0052100000000000 0.002392
57.5510200000000000 -0.0009520000000000 0.003195
57.6530610000000000 0.00011000000000000 0.003336
57.7551020000000000 -0.0010030000000000 0.003367
57.8571430000000000 0.00541000000000000 0.004119
57.9591840000000000 0.02172100000000000 0.005998
58.0612240000000000 0.05108000000000000 0.008576
58.1632650000000000 0.05883500000000000 0.009145
58.2653060000000000 0.11127200000000000 0.012374
58.3673470000000000 0.11026200000000000 0.012711
58.4693880000000000 0.11644600000000000 0.012849
58.5714290000000000 0.15039900000000000 0.014707
58.6734690000000000 0.14912900000000000 0.014268
58.7755100000000000 0.13343700000000000 0.014029
58.8775510000000000 0.10094600000000000 0.011989
58.9795920000000000 0.06127400000000000 0.008982
59.0816330000000000 0.06114300000000000 0.009225
59.1836730000000000 0.09278000000000000 0.011763
59.2857140000000000 0.14008700000000000 0.014059
59.3877550000000000 0.17120300000000000 0.016085
59.4897960000000000 0.18942600000000000 0.017161
59.5918370000000000 0.20216600000000000 0.017412
59.6938780000000000 0.22093700000000000 0.018639
59.7959180000000000 0.22831900000000000 0.018648
59.8979590000000000 0.21685200000000000 0.017963
60.0000000000000000 0.23064200000000000 0.019204
