55.0000000000000000 0.30013000000000000 0.021895
55.1020410000000000 0.28564400000000000 0.020938
55.2040820000000000 0.27969000000000000 0.020561
55.3061220000000000 0.28349400000000000 0.021265
55.4081630000000000 0.25635600000000000 0.019909
55.5102040000000000 0.27275900000000000 0.020528
55.6122450000000000 0.26094500000000000 0.019318
55.7142860000000000 0.20397600000000000 0.017184
55.8163270000000000 0.21183900000000000 0.017640
55.9183670000000000 0.21077100000000000 0.017259
56.0204080000000000 0.26619500000000000 0.020059
56.1224490000000000 0.26502600000000000 0.020409
56.2244900000000000 0.28973400000000000 0.021446
56.3265310000000000 0.27579500000000000 0.020928
56.4285710000000000 0.28893200000000000 0.021274
56.5306120000000000 0.29194800000000000 0.021700
56.6326530000000000 0.28579300000000000 0.021197
56.7346940000000000 0.28673700000000000 0.021647
56.8367350000000000 0.26550200000000000 0.020074
56.9387760000000000 0.27421600000000000 0.021432
57.0408160000000000 0.28430500000000000 0.021005
57.1428570000000000 0.24328400000000000 0.019262
57.2448980000000000 0.28984100000000000 0.021347
57.3469390000000000 0.25800900000000000 0.020049
57.4489800000000000 0.27788700000000000 0.020914
57.5510200000000000 0.28609700000000000 0.021295
57.6530610000000000 0.25284700000000000 0.019611
57.7551020000000000 0.26451200000000000 0.020765
57.8571430000000000 0.28836700000000000 0.021371
57.9591840000000000 0.30369800000000000 0.022290
58.0612240000000000 0.25604200000000000 0.020241
58.1632650000000000 0.24717800000000000 0.019804
58.2653060000000000 0.26451900000000000 0.020405
58.3673470000000000 0.25023300000000000 0.020287
58.4693880000000000 0.26712100000000000 0.020784
58.5714290000000000 0.26887100000000000 0.020773
58.6734690000000000 0.25854900000000000 0.019790
58.7755100000000000 0.19496800000000000 0.017395
58.8775510000000000 0.12783300000000000 0.013588
58.9795920000000000 0.07578700000000000 0.009953
59.0816330000000000 0.06441200000000000 0.009454
59.1836730000000000 0.11506500000000000 0.013149
59.2857140000000000 0.18131900000000000 0.016279
59.3877550000000000 0.23238500000000000 0.019271
59.4897960000000000 0.28350500000000000 0.021934
59.5918370000000000 0.25240600000000000 0.019928
59.6938780000000000 0.26938200000000000 0.021059
59.7959180000000000 0.28780300000000000 0.021546
59.8979590000000000 0.26810100000000000 0.020476
60.0000000000000000 0.25903200000000000 0.020626
