55.0000000000000000 0.29062200000000000 0.021447
55.1020410000000000 0.28667100000000000 0.020986
55.2040820000000000 0.28172300000000000 0.020657
55.3061220000000000 0.23519000000000000 0.018922
55.4081630000000000 0.29372500000000000 0.021699
55.5102040000000000 0.25912700000000000 0.019875
55.6122450000000000 0.22870600000000000 0.017794
55.7142860000000000 0.21868800000000000 0.017919
55.8163270000000000 0.18325600000000000 0.016186
55.9183670000000000 0.22909000000000000 0.018157
56.0204080000000000 0.23319200000000000 0.018472
56.1224490000000000 0.26718000000000000 0.020513
56.2244900000000000 0.30034300000000000 0.021947
56.3265310000000000 0.26933400000000000 0.020617
56.4285710000000000 0.30148900000000000 0.021864
56.5306120000000000 0.24241100000000000 0.019307
56.6326530000000000 0.28684700000000000 0.021247
56.7346940000000000 0.27355900000000000 0.021011
56.8367350000000000 0.30489600000000000 0.021929
56.9387760000000000 0.27421600000000000 0.021432
57.0408160000000000 0.29471500000000000 0.021494
57.1428570000000000 0.28488000000000000 0.021268
57.2448980000000000 0.25100100000000000 0.019493
57.3469390000000000 0.25693400000000000 0.019997
57.4489800000000000 0.26298800000000000 0.020199
57.5510200000000000 0.25632900000000000 0.019868
57.6530610000000000 0.27601400000000000 0.020723
57.7551020000000000 0.30932400000000000 0.022936
57.8571430000000000 0.28836700000000000 0.021371
57.9591840000000000 0.25508100000000000 0.019957
58.0612240000000000 0.27266000000000000 0.021054
58.1632650000000000 0.28484700000000000 0.021645
58.2653060000000000 0.30121200000000000 0.022162
58.3673470000000000 0.27547400000000000 0.021540
58.4693880000000000 0.26268900000000000 0.020567
58.5714290000000000 0.25899900000000000 0.020292
58.6734690000000000 0.24812800000000000 0.019288
58.7755100000000000 0.22003600000000000 0.018695
58.8775510000000000 0.16144300000000000 0.015468
58.9795920000000000 0.09652100000000000 0.011248
59.0816330000000000 0.08293800000000000 0.010691
59.1836730000000000 0.11154600000000000 0.012936
59.2857140000000000 0.20302000000000000 0.017401
59.3877550000000000 0.25504600000000000 0.020406
59.4897960000000000 0.26400100000000000 0.020973
59.5918370000000000 0.28080300000000000 0.021307
59.6938780000000000 0.27614100000000000 0.021390
59.7959180000000000 0.28888500000000000 0.021597
59.8979590000000000 0.29586100000000000 0.021800
60.0000000000000000 0.24767600000000000 0.020061
