55.0000000000000000 0.29484800000000000 0.021646
55.1020410000000000 0.28564400000000000 0.020938
55.2040820000000000 0.28782300000000000 0.020942
55.3061220000000000 0.24592500000000000 0.019450
55.4081630000000000 0.30547000000000000 0.022253
55.5102040000000000 0.26332100000000000 0.020077
55.6122450000000000 0.26876000000000000 0.019683
55.7142860000000000 0.23340000000000000 0.018646
55.8163270000000000 0.19278400000000000 0.016676
55.9183670000000000 0.23417800000000000 0.018404
56.0204080000000000 0.28579100000000000 0.020985
56.1224490000000000 0.30487100000000000 0.022313
56.2244900000000000 0.23881100000000000 0.018995
56.3265310000000000 0.28764100000000000 0.021495
56.4285710000000000 0.27951300000000000 0.020829
56.5306120000000000 0.27041000000000000 0.020669
56.6326530000000000 0.29106400000000000 0.021447
56.7346940000000000 0.24500700000000000 0.019614
56.8367350000000000 0.29038300000000000 0.021250
56.9387760000000000 0.26850500000000000 0.021150
57.0408160000000000 0.27493600000000000 0.020562
57.1428570000000000 0.27848000000000000 0.020963
57.2448980000000000 0.25310000000000000 0.019595
57.3469390000000000 0.25800900000000000 0.020049
57.4489800000000000 0.28320900000000000 0.021168
57.5510200000000000 0.26164500000000000 0.020125
57.6530610000000000 0.27180200000000000 0.020522
57.7551020000000000 0.25667000000000000 0.020378
57.8571430000000000 0.25021500000000000 0.019542
57.9591840000000000 0.24319700000000000 0.019375
58.0612240000000000 0.27376800000000000 0.021108
58.1632650000000000 0.28817100000000000 0.021805
58.2653060000000000 0.26559800000000000 0.020457
58.3673470000000000 0.26400100000000000 0.020973
58.4693880000000000 0.27155200000000000 0.021000
58.5714290000000000 0.25351400000000000 0.020023
58.6734690000000000 0.23249600000000000 0.018528
58.7755100000000000 0.22003600000000000 0.018695
58.8775510000000000 0.14575800000000000 0.014604
58.9795920000000000 0.08408100000000000 0.010482
59.0816330000000000 0.08838700000000000 0.011039
59.1836730000000000 0.11506500000000000 0.013149
59.2857140000000000 0.20519000000000000 0.017512
59.3877550000000000 0.21085800000000000 0.018173
59.4897960000000000 0.24220200000000000 0.019883
59.5918370000000000 0.27643400000000000 0.021097
59.6938780000000000 0.26149500000000000 0.020671
59.7959180000000000 0.29861900000000000 0.022061
59.8979590000000000 0.26703300000000000 0.020424
60.0000000000000000 0.27606500000000000 0.021465
