55.0000000000000000 0.27900200000000000 0.020895
55.1020410000000000 0.26921000000000000 0.020164
55.2040820000000000 0.23902300000000000 0.018629
55.3061220000000000 0.28027400000000000 0.021111
55.4081630000000000 0.25528900000000000 0.019857
55.5102040000000000 0.22557000000000000 0.018242
55.6122450000000000 0.21502900000000000 0.017135
55.7142860000000000 0.21973900000000000 0.017972
55.8163270000000000 0.22877800000000000 0.018483
55.9183670000000000 0.25046100000000000 0.019187
56.0204080000000000 0.28682200000000000 0.021033
56.1224490000000000 0.23918100000000000 0.019148
56.2244900000000000 0.26215100000000000 0.020129
56.3265310000000000 0.27471800000000000 0.020876
56.4285710000000000 0.26695600000000000 0.020231
56.5306120000000000 0.23056600000000000 0.018722
56.6326530000000000 0.27841400000000000 0.020847
56.7346940000000000 0.25598900000000000 0.020155
56.8367350000000000 0.25720800000000000 0.019678
56.9387760000000000 0.27764200000000000 0.021600
57.0408160000000000 0.27181300000000000 0.020413
57.1428570000000000 0.27101400000000000 0.020606
57.2448980000000000 0.29299100000000000 0.021496
57.3469390000000000 0.26230700000000000 0.020257
57.4489800000000000 0.27150200000000000 0.020609
57.5510200000000000 0.27440300000000000 0.020737
57.6530610000000000 0.26548400000000000 0.020220
57.7551020000000000 0.25442900000000000 0.020268
57.8571430000000000 0.27776900000000000 0.020867
57.9591840000000000 0.25940300000000000 0.020167
58.0612240000000000 0.29481800000000000 0.022125
58.1632650000000000 0.30035800000000000 0.022390
58.2653060000000000 0.24509300000000000 0.019458
58.3673470000000000 0.26973700000000000 0.021257
58.4693880000000000 0.24717800000000000 0.019804
58.5714290000000000 0.25132000000000000 0.019915
58.6734690000000000 0.26896900000000000 0.020288
58.7755100000000000 0.21775700000000000 0.018578
58.8775510000000000 0.15920200000000000 0.015346
58.9795920000000000 0.07578700000000000 0.009953
59.0816330000000000 0.06768100000000000 0.009680
59.1836730000000000 0.10920000000000000 0.012792
59.2857140000000000 0.19434000000000000 0.016956
59.3877550000000000 0.25164700000000000 0.020237
59.4897960000000000 0.27317900000000000 0.021427
59.5918370000000000 0.24039200000000000 0.019336
59.6938780000000000 0.26374800000000000 0.020782
59.7959180000000000 0.24994900000000000 0.019716
59.8979590000000000 0.26062700000000000 0.020115
60.0000000000000000 0.27720100000000000 0.021521
