55.0000000000000000 0.28639700000000000 0.021247
55.1020410000000000 0.27640000000000000 0.020503
55.2040820000000000 0.27765700000000000 0.020466
55.3061220000000000 0.28134700000000000 0.021163
55.4081630000000000 0.26276200000000000 0.020219
55.5102040000000000 0.27590500000000000 0.020677
55.6122450000000000 0.23847500000000000 0.018260
55.7142860000000000 0.23129800000000000 0.018542
55.8163270000000000 0.20125300000000000 0.017107
55.9183670000000000 0.23214300000000000 0.018305
56.0204080000000000 0.25072500000000000 0.019320
56.1224490000000000 0.27471800000000000 0.020876
56.2244900000000000 0.26639400000000000 0.020333
56.3265310000000000 0.28333300000000000 0.021289
56.4285710000000000 0.25858400000000000 0.019830
56.5306120000000000 0.25318000000000000 0.019834
56.6326530000000000 0.24468000000000000 0.019225
56.7346940000000000 0.29222800000000000 0.021911
56.8367350000000000 0.27586900000000000 0.020566
56.9387760000000000 0.29134600000000000 0.022270
57.0408160000000000 0.27181300000000000 0.020413
57.1428570000000000 0.26994800000000000 0.020554
57.2448980000000000 0.28774200000000000 0.021248
57.3469390000000000 0.24941200000000000 0.019630
57.4489800000000000 0.25766600000000000 0.019942
57.5510200000000000 0.31373900000000000 0.022598
57.6530610000000000 0.31287200000000000 0.022459
57.7551020000000000 0.24770700000000000 0.019934
57.8571430000000000 0.27776900000000000 0.020867
57.9591840000000000 0.28965300000000000 0.021623
58.0612240000000000 0.25825700000000000 0.020350
58.1632650000000000 0.25936500000000000 0.020404
58.2653060000000000 0.25696400000000000 0.020038
58.3673470000000000 0.25482200000000000 0.020516
58.4693880000000000 0.28263100000000000 0.021538
58.5714290000000000 0.25899900000000000 0.020292
58.6734690000000000 0.24500100000000000 0.019137
58.7755100000000000 0.23143000000000000 0.019275
58.8775510000000000 0.17376600000000000 0.016133
58.9795920000000000 0.09444800000000000 0.011123
59.0816330000000000 0.07857900000000000 0.010408
59.1836730000000000 0.11975600000000000 0.013431
59.2857140000000000 0.19217000000000000 0.016844
59.3877550000000000 0.20179400000000000 0.017704
59.4897960000000000 0.24908600000000000 0.020229
59.5918370000000000 0.27097300000000000 0.020832
59.6938780000000000 0.24910200000000000 0.020057
59.7959180000000000 0.26833600000000000 0.020610
59.8979590000000000 0.25742400000000000 0.019960
60.0000000000000000 0.27493000000000000 0.021410
