55.0000000000000000 0.27583300000000000 0.020744
55.1020410000000000 0.25174900000000000 0.019332
55.2040820000000000 0.26139000000000000 0.019699
55.3061220000000000 0.28671400000000000 0.021419
55.4081630000000000 0.26703300000000000 0.020424
55.5102040000000000 0.25178600000000000 0.019522
55.6122450000000000 0.23359100000000000 0.018027
55.7142860000000000 0.24390800000000000 0.019159
55.8163270000000000 0.22877800000000000 0.018483
55.9183670000000000 0.22909000000000000 0.018157
56.0204080000000000 0.26619500000000000 0.020059
56.1224490000000000 0.23595000000000000 0.018988
56.2244900000000000 0.27594200000000000 0.020790
56.3265310000000000 0.26287200000000000 0.020305
56.4285710000000000 0.26067700000000000 0.019930
56.5306120000000000 0.24348800000000000 0.019360
56.6326530000000000 0.26365500000000000 0.020142
56.7346940000000000 0.24171200000000000 0.019451
56.8367350000000000 0.26550200000000000 0.020074
56.9387760000000000 0.29705700000000000 0.022547
57.0408160000000000 0.28222300000000000 0.020906
57.1428570000000000 0.29127900000000000 0.021572
57.2448980000000000 0.26254800000000000 0.020049
57.3469390000000000 0.24833800000000000 0.019578
57.4489800000000000 0.26618000000000000 0.020353
57.5510200000000000 0.25951900000000000 0.020022
57.6530610000000000 0.27390800000000000 0.020622
57.7551020000000000 0.28131600000000000 0.021586
57.8571430000000000 0.24915600000000000 0.019490
57.9591840000000000 0.26912600000000000 0.020638
58.0612240000000000 0.27598400000000000 0.021216
58.1632650000000000 0.28927900000000000 0.021858
58.2653060000000000 0.26559800000000000 0.020457
58.3673470000000000 0.26170600000000000 0.020859
58.4693880000000000 0.27598400000000000 0.021216
58.5714290000000000 0.25680500000000000 0.020184
58.6734690000000000 0.25959100000000000 0.019840
58.7755100000000000 0.18927000000000000 0.017095
58.8775510000000000 0.15024000000000000 0.014853
58.9795920000000000 0.08511800000000000 0.010547
59.0816330000000000 0.05678300000000000 0.008914
59.1836730000000000 0.13383100000000000 0.014260
59.2857140000000000 0.19000000000000000 0.016731
59.3877550000000000 0.24258200000000000 0.019784
59.4897960000000000 0.26170600000000000 0.020859
59.5918370000000000 0.26114400000000000 0.020355
59.6938780000000000 0.26600200000000000 0.020893
59.7959180000000000 0.28455900000000000 0.021391
59.8979590000000000 0.26703300000000000 0.020424
60.0000000000000000 0.28060800000000000 0.021688
