55.0000000000000000 0.25893000000000000 0.019934
55.1020410000000000 0.26099300000000000 0.019773
55.2040820000000000 0.26749000000000000 0.019987
55.3061220000000000 0.25021800000000000 0.019660
55.4081630000000000 0.24674700000000000 0.019441
55.5102040000000000 0.29792700000000000 0.021718
55.6122450000000000 0.21307500000000000 0.017040
55.7142860000000000 0.21448500000000000 0.017710
55.8163270000000000 0.21819100000000000 0.017958
55.9183670000000000 0.20771800000000000 0.017108
56.0204080000000000 0.25381900000000000 0.019468
56.1224490000000000 0.25425700000000000 0.019886
56.2244900000000000 0.27169900000000000 0.020588
56.3265310000000000 0.25425700000000000 0.019886
56.4285710000000000 0.28579200000000000 0.021126
56.5306120000000000 0.30810100000000000 0.022465
56.6326530000000000 0.27419700000000000 0.020646
56.7346940000000000 0.28783500000000000 0.021700
56.8367350000000000 0.29141900000000000 0.021299
56.9387760000000000 0.27764200000000000 0.021600
57.0408160000000000 0.25827900000000000 0.019767
57.1428570000000000 0.24221800000000000 0.019210
57.2448980000000000 0.26884600000000000 0.020351
57.3469390000000000 0.26445600000000000 0.020361
57.4489800000000000 0.27469500000000000 0.020762
57.5510200000000000 0.26589700000000000 0.020329
57.6530610000000000 0.26443000000000000 0.020169
57.7551020000000000 0.28355700000000000 0.021694
57.8571430000000000 0.28518800000000000 0.021220
57.9591840000000000 0.28533200000000000 0.021417
58.0612240000000000 0.29371000000000000 0.022072
58.1632650000000000 0.26822900000000000 0.020838
58.2653060000000000 0.25156800000000000 0.019775
58.3673470000000000 0.28924200000000000 0.022214
58.4693880000000000 0.27598400000000000 0.021216
58.5714290000000000 0.28093800000000000 0.021357
58.6734690000000000 0.25542200000000000 0.019640
58.7755100000000000 0.24966200000000000 0.020192
58.8775510000000000 0.13791600000000000 0.014164
58.9795920000000000 0.11103500000000000 0.012108
59.0816330000000000 0.06659200000000000 0.009605
59.1836730000000000 0.11858300000000000 0.013361
59.2857140000000000 0.18891500000000000 0.016675
59.3877550000000000 0.22898600000000000 0.019099
59.4897960000000000 0.25941200000000000 0.020745
59.5918370000000000 0.27643400000000000 0.021097
59.6938780000000000 0.27839500000000000 0.021500
59.7959180000000000 0.24021600000000000 0.019238
59.8979590000000000 0.25315300000000000 0.019753
60.0000000000000000 0.23291300000000000 0.019319
