55.0000000000000000 0.29379100000000000 0.021596
55.1020410000000000 0.27126400000000000 0.020261
55.2040820000000000 0.27054000000000000 0.020131
55.3061220000000000 0.28242100000000000 0.021214
55.4081630000000000 0.24888200000000000 0.019545
55.5102040000000000 0.20354800000000000 0.017145
55.6122450000000000 0.21209800000000000 0.016993
55.7142860000000000 0.16614500000000000 0.015236
55.8163270000000000 0.11973800000000000 0.012743
55.9183670000000000 0.11205400000000000 0.012052
56.0204080000000000 0.09808600000000000 0.011312
56.1224490000000000 0.06149500000000000 0.009189
56.2244900000000000 0.02026800000000000 0.005785
56.3265310000000000 0.00011300000000000 0.003411
56.4285710000000000 0.00429600000000000 0.003927
56.5306120000000000 0.00549700000000000 0.004185
56.6326530000000000 -0.0051600000000000 0.002369
56.7346940000000000 0.00341000000000000 0.003970
56.8367350000000000 -0.0030010000000000 0.002750
56.9387760000000000 0.00354600000000000 0.004128
57.0408160000000000 -0.0009320000000000 0.003129
57.1428570000000000 -0.0030880000000000 0.002829
57.2448980000000000 -0.0061880000000000 0.002116
57.3469390000000000 0.00441100000000000 0.004033
57.4489800000000000 0.02033300000000000 0.005804
57.5510200000000000 0.02243800000000000 0.006003
57.6530610000000000 0.04433900000000000 0.007823
57.7551020000000000 0.07517900000000000 0.010338
57.8571430000000000 0.07005600000000000 0.009692
57.9591840000000000 0.10058800000000000 0.011742
58.0612240000000000 0.11090600000000000 0.012521
58.1632650000000000 0.09096400000000000 0.011299
58.2653060000000000 0.10695500000000000 0.012118
58.3673470000000000 0.12861900000000000 0.013800
58.4693880000000000 0.16851700000000000 0.015765
58.5714290000000000 0.15917500000000000 0.015185
58.6734690000000000 0.15538100000000000 0.014604
58.7755100000000000 0.11520500000000000 0.012962
58.8775510000000000 0.09086300000000000 0.011359
58.9795920000000000 0.05816400000000000 0.008765
59.0816330000000000 0.05242400000000000 0.008595
59.1836730000000000 0.06815000000000000 0.010113
59.2857140000000000 0.12055600000000000 0.012951
59.3877550000000000 0.18253300000000000 0.016691
59.4897960000000000 0.16533300000000000 0.015865
59.5918370000000000 0.20216600000000000 0.017412
59.6938780000000000 0.21079700000000000 0.018120
59.7959180000000000 0.19370900000000000 0.016897
59.8979590000000000 0.25101800000000000 0.019649
60.0000000000000000 0.25562500000000000 0.020457
