55.0000000000000000 0.30435500000000000 0.022093
55.1020410000000000 0.29180700000000000 0.021227
55.2040820000000000 0.29392300000000000 0.021226
55.3061220000000000 0.32750400000000000 0.023342
55.4081630000000000 0.28198100000000000 0.021141
55.5102040000000000 0.30421900000000000 0.022012
55.6122450000000000 0.25312900000000000 0.018952
55.7142860000000000 0.25336600000000000 0.019617
55.8163270000000000 0.24254000000000000 0.019158
55.9183670000000000 0.27285100000000000 0.020250
56.0204080000000000 0.29919900000000000 0.021612
56.1224490000000000 0.26394900000000000 0.020357
56.2244900000000000 0.28973400000000000 0.021446
56.3265310000000000 0.26394900000000000 0.020357
56.4285710000000000 0.25230600000000000 0.019528
56.5306120000000000 0.24564200000000000 0.019465
56.6326530000000000 0.23203000000000000 0.018606
56.7346940000000000 0.23073100000000000 0.018905
56.8367350000000000 0.15353900000000000 0.014468
56.9387760000000000 0.13716800000000000 0.014259
57.0408160000000000 0.09484100000000000 0.011171
57.1428570000000000 0.06303800000000000 0.009247
57.2448980000000000 0.04524900000000000 0.007879
57.3469390000000000 0.00441100000000000 0.004033
57.4489800000000000 0.00224000000000000 0.003695
57.5510200000000000 0.00011200000000000 0.003368
57.6530610000000000 -0.0019960000000000 0.002984
57.7551020000000000 -0.0010030000000000 0.003367
57.8571430000000000 0.00011100000000000 0.003357
57.9591840000000000 -0.0042080000000000 0.002655
58.0612240000000000 0.00344000000000000 0.004005
58.1632650000000000 0.00233200000000000 0.003846
58.2653060000000000 0.00335100000000000 0.003901
58.3673470000000000 -0.0033220000000000 0.003043
58.4693880000000000 0.00122400000000000 0.003682
58.5714290000000000 0.00230900000000000 0.003808
58.6734690000000000 0.00323600000000000 0.003767
58.7755100000000000 0.01949000000000000 0.005990
58.8775510000000000 0.01804300000000000 0.005774
58.9795920000000000 0.01358600000000000 0.005013
59.0816330000000000 0.01428200000000000 0.005271
59.1836730000000000 0.03296400000000000 0.007379
59.2857140000000000 0.04894200000000000 0.008314
59.3877550000000000 0.07489700000000000 0.010383
59.4897960000000000 0.09075800000000000 0.011497
59.5918370000000000 0.08858100000000000 0.011064
59.6938780000000000 0.12292000000000000 0.013341
59.7959180000000000 0.10394100000000000 0.011951
59.8979590000000000 0.14852000000000000 0.014408
60.0000000000000000 0.14093100000000000 0.014432
