55.0000000000000000 0.27688900000000000 0.020795
55.1020410000000000 0.27229200000000000 0.020309
55.2040820000000000 0.26952300000000000 0.020083
55.3061220000000000 0.22445600000000000 0.018390
55.4081630000000000 0.28518400000000000 0.021293
55.5102040000000000 0.25073700000000000 0.019471
55.6122450000000000 0.26094500000000000 0.019318
55.7142860000000000 0.22079000000000000 0.018024
55.8163270000000000 0.20019400000000000 0.017053
55.9183670000000000 0.24232000000000000 0.018797
56.0204080000000000 0.26207000000000000 0.019862
56.1224490000000000 0.23056600000000000 0.018722
56.2244900000000000 0.27063800000000000 0.020537
56.3265310000000000 0.26502600000000000 0.020409
56.4285710000000000 0.27009500000000000 0.020381
56.5306120000000000 0.28117900000000000 0.021186
56.6326530000000000 0.27314300000000000 0.020596
56.7346940000000000 0.29003200000000000 0.021805
56.8367350000000000 0.28001600000000000 0.020762
56.9387760000000000 0.28221000000000000 0.021824
57.0408160000000000 0.27910000000000000 0.020759
57.1428570000000000 0.24541700000000000 0.019366
57.2448980000000000 0.27619500000000000 0.020701
57.3469390000000000 0.27305300000000000 0.020776
57.4489800000000000 0.28853000000000000 0.021421
57.5510200000000000 0.26164500000000000 0.020125
57.6530610000000000 0.28549200000000000 0.021173
57.7551020000000000 0.29812100000000000 0.022398
57.8571430000000000 0.26717200000000000 0.020360
57.9591840000000000 0.28965300000000000 0.021623
58.0612240000000000 0.27044400000000000 0.020946
58.1632650000000000 0.25825700000000000 0.020350
58.2653060000000000 0.27746900000000000 0.021030
58.3673470000000000 0.28465200000000000 0.021990
58.4693880000000000 0.31476000000000000 0.023077
58.5714290000000000 0.24583500000000000 0.019645
58.6734690000000000 0.26688500000000000 0.020188
58.7755100000000000 0.24282500000000000 0.019850
58.8775510000000000 0.13231500000000000 0.013845
58.9795920000000000 0.08304400000000000 0.010417
59.0816330000000000 0.07422000000000000 0.010121
59.1836730000000000 0.11858300000000000 0.013361
59.2857140000000000 0.19000000000000000 0.016731
59.3877550000000000 0.20179400000000000 0.017704
59.4897960000000000 0.24564400000000000 0.020057
59.5918370000000000 0.24694500000000000 0.019659
59.6938780000000000 0.25248200000000000 0.020225
59.7959180000000000 0.27266200000000000 0.020819
59.8979590000000000 0.25208500000000000 0.019701
60.0000000000000000 0.24426900000000000 0.019890
