55.0000000000000000 0.27688900000000000 0.020795
55.1020410000000000 0.23120700000000000 0.018339
55.2040820000000000 0.27054000000000000 0.020131
55.3061220000000000 0.20298800000000000 0.017309
55.4081630000000000 0.16773800000000000 0.015440
55.5102040000000000 0.17838100000000000 0.015860
55.6122450000000000 0.13589700000000000 0.013117
55.7142860000000000 0.08312800000000000 0.010498
55.8163270000000000 0.06680500000000000 0.009468
55.9183670000000000 0.04081500000000000 0.007398
56.0204080000000000 0.01764100000000000 0.005418
56.1224490000000000 0.00549700000000000 0.004185
56.2244900000000000 0.00011100000000000 0.003361
56.3265310000000000 -0.0041950000000000 0.002647
56.4285710000000000 0.00011000000000000 0.003315
56.5306120000000000 0.00334400000000000 0.003893
56.6326530000000000 0.00432700000000000 0.003956
56.7346940000000000 0.00341000000000000 0.003970
56.8367350000000000 -0.0030010000000000 0.002750
56.9387760000000000 -0.0010220000000000 0.003432
57.0408160000000000 0.00010900000000000 0.003298
57.1428570000000000 -0.0030880000000000 0.002829
57.2448980000000000 -0.0009400000000000 0.003155
57.3469390000000000 0.00548600000000000 0.004176
57.4489800000000000 0.00117600000000000 0.003537
57.5510200000000000 0.00011200000000000 0.003368
57.6530610000000000 0.00958800000000000 0.004617
57.7551020000000000 0.01020000000000000 0.004912
57.8571430000000000 0.00329000000000000 0.003831
57.9591840000000000 0.02388200000000000 0.006204
58.0612240000000000 0.02559800000000000 0.006467
58.1632650000000000 0.03335300000000000 0.007158
58.2653060000000000 0.04436100000000000 0.007937
58.3673470000000000 0.04830700000000000 0.008537
58.4693880000000000 0.07323800000000000 0.010146
58.5714290000000000 0.07032100000000000 0.009895
58.6734690000000000 0.07930800000000000 0.010208
58.7755100000000000 0.06962700000000000 0.010055
58.8775510000000000 0.05389300000000000 0.008841
58.9795920000000000 0.02498900000000000 0.006143
59.0816330000000000 0.03280800000000000 0.007039
59.1836730000000000 0.04938400000000000 0.008730
59.2857140000000000 0.08474900000000000 0.010782
59.3877550000000000 0.13608000000000000 0.014140
59.4897960000000000 0.13550300000000000 0.014197
59.5918370000000000 0.12134600000000000 0.013040
59.6938780000000000 0.12742700000000000 0.013603
59.7959180000000000 0.15477400000000000 0.014842
59.8979590000000000 0.16987400000000000 0.015553
60.0000000000000000 0.13298200000000000 0.013979
