55.0000000000000000 0.29062200000000000 0.021447
55.1020410000000000 0.28667100000000000 0.020986
55.2040820000000000 0.27664000000000000 0.020418
55.3061220000000000 0.29852200000000000 0.021980
55.4081630000000000 0.26062700000000000 0.020115
55.5102040000000000 0.25702900000000000 0.019774
55.6122450000000000 0.25312900000000000 0.018952
55.7142860000000000 0.22604400000000000 0.018284
55.8163270000000000 0.20972200000000000 0.017534
55.9183670000000000 0.23214300000000000 0.018305
56.0204080000000000 0.24453700000000000 0.019022
56.1224490000000000 0.26610300000000000 0.020461
56.2244900000000000 0.26639400000000000 0.020333
56.3265310000000000 0.25748800000000000 0.020044
56.4285710000000000 0.24812000000000000 0.019325
56.5306120000000000 0.28117900000000000 0.021186
56.6326530000000000 0.24678800000000000 0.019327
56.7346940000000000 0.28783500000000000 0.021700
56.8367350000000000 0.28001600000000000 0.020762
56.9387760000000000 0.28792000000000000 0.022103
57.0408160000000000 0.28951000000000000 0.021250
57.1428570000000000 0.28061300000000000 0.021065
57.2448980000000000 0.27724400000000000 0.020751
57.3469390000000000 0.27627700000000000 0.020930
57.4489800000000000 0.28320900000000000 0.021168
57.5510200000000000 0.25845500000000000 0.019970
57.6530610000000000 0.27180200000000000 0.020522
57.7551020000000000 0.27235400000000000 0.021149
57.8571430000000000 0.25869400000000000 0.019952
57.9591840000000000 0.26588500000000000 0.020482
58.0612240000000000 0.25715000000000000 0.020296
58.1632650000000000 0.26822900000000000 0.020838
58.2653060000000000 0.26451900000000000 0.020405
58.3673470000000000 0.25826400000000000 0.020688
58.4693880000000000 0.25936500000000000 0.020404
58.5714290000000000 0.28971400000000000 0.021779
58.6734690000000000 0.27418000000000000 0.020536
58.7755100000000000 0.22003600000000000 0.018695
58.8775510000000000 0.13231500000000000 0.013845
58.9795920000000000 0.09237400000000000 0.010996
59.0816330000000000 0.06550200000000000 0.009530
59.1836730000000000 0.11037300000000000 0.012864
59.2857140000000000 0.19759500000000000 0.017123
59.3877550000000000 0.27090800000000000 0.021190
59.4897960000000000 0.24334900000000000 0.019941
59.5918370000000000 0.26988100000000000 0.020780
59.6938780000000000 0.29416700000000000 0.022266
59.7959180000000000 0.25535700000000000 0.019980
59.8979590000000000 0.24461200000000000 0.019337
60.0000000000000000 0.26584500000000000 0.020963
