55.0000000000000000 0.18709500000000000 0.016367
55.1020410000000000 0.15006600000000000 0.014217
55.2040820000000000 0.09974000000000000 0.011327
55.3061220000000000 0.09672000000000000 0.011467
55.4081630000000000 0.06630800000000000 0.009478
55.5102040000000000 0.04205600000000000 0.007627
55.6122450000000000 0.01768700000000000 0.005229
55.7142860000000000 0.01272000000000000 0.004967
55.8163270000000000 0.00540400000000000 0.004114
55.9183670000000000 -0.0029460000000000 0.002699
56.0204080000000000 0.00010800000000000 0.003267
56.1224490000000000 0.00980500000000000 0.004721
56.2244900000000000 -0.0009500000000000 0.003188
56.3265310000000000 0.00226700000000000 0.003739
56.4285710000000000 0.00115600000000000 0.003477
56.5306120000000000 0.00119000000000000 0.003579
56.6326530000000000 -0.0041060000000000 0.002591
56.7346940000000000 0.00011500000000000 0.003479
56.8367350000000000 0.00218200000000000 0.003599
56.9387760000000000 0.00811400000000000 0.004731
57.0408160000000000 -0.0009320000000000 0.003129
57.1428570000000000 0.00011200000000000 0.003379
57.2448980000000000 0.00116000000000000 0.003488
57.3469390000000000 -0.0052600000000000 0.002415
57.4489800000000000 0.00330400000000000 0.003847
57.5510200000000000 0.00117500000000000 0.003533
57.6530610000000000 -0.0009430000000000 0.003165
57.7551020000000000 -0.0032430000000000 0.002971
57.8571430000000000 -0.0030680000000000 0.002811
57.9591840000000000 0.00659600000000000 0.004339
58.0612240000000000 0.01008700000000000 0.004858
58.1632650000000000 0.00676400000000000 0.004450
58.2653060000000000 0.00443000000000000 0.004050
58.3673470000000000 0.01733000000000000 0.005795
58.4693880000000000 0.02781400000000000 0.006670
58.5714290000000000 0.01986000000000000 0.005875
58.6734690000000000 0.02512000000000000 0.006175
58.7755100000000000 0.03658200000000000 0.007558
58.8775510000000000 0.02140400000000000 0.006112
58.9795920000000000 0.00736600000000000 0.004294
59.0816330000000000 0.00883300000000000 0.004648
59.1836730000000000 0.01771600000000000 0.005925
59.2857140000000000 0.03375100000000000 0.007101
59.3877550000000000 0.05903500000000000 0.009276
59.4897960000000000 0.06551700000000000 0.009806
59.5918370000000000 0.06673700000000000 0.009626
59.6938780000000000 0.09700800000000000 0.011780
59.7959180000000000 0.08014800000000000 0.010468
59.8979590000000000 0.09620400000000000 0.011403
60.0000000000000000 0.09664400000000000 0.011806
