55.0000000000000000 0.27688900000000000 0.020795
55.1020410000000000 0.26304800000000000 0.019871
55.2040820000000000 0.25529000000000000 0.019409
55.3061220000000000 0.25236500000000000 0.019764
55.4081630000000000 0.27023600000000000 0.020578
55.5102040000000000 0.26122400000000000 0.019976
55.6122450000000000 0.24140600000000000 0.018399
55.7142860000000000 0.22709500000000000 0.018335
55.8163270000000000 0.21925000000000000 0.018010
55.9183670000000000 0.22196600000000000 0.017810
56.0204080000000000 0.21050300000000000 0.017356
56.1224490000000000 0.25210300000000000 0.019781
56.2244900000000000 0.26851600000000000 0.020435
56.3265310000000000 0.29087100000000000 0.021649
56.4285710000000000 0.26695600000000000 0.020231
56.5306120000000000 0.27148700000000000 0.020721
56.6326530000000000 0.26470900000000000 0.020192
56.7346940000000000 0.26038100000000000 0.020370
56.8367350000000000 0.25409800000000000 0.019528
56.9387760000000000 0.28335200000000000 0.021880
57.0408160000000000 0.26764800000000000 0.020215
57.1428570000000000 0.30087800000000000 0.022026
57.2448980000000000 0.27094600000000000 0.020451
57.3469390000000000 0.28272400000000000 0.021239
57.4489800000000000 0.25660200000000000 0.019891
57.5510200000000000 0.26058200000000000 0.020073
57.6530610000000000 0.26653700000000000 0.020270
57.7551020000000000 0.24994800000000000 0.020046
57.8571430000000000 0.25657400000000000 0.019850
57.9591840000000000 0.27993000000000000 0.021158
58.0612240000000000 0.27709200000000000 0.021269
58.1632650000000000 0.28373900000000000 0.021591
58.2653060000000000 0.30337000000000000 0.022264
58.3673470000000000 0.25252800000000000 0.020402
58.4693880000000000 0.28706300000000000 0.021752
58.5714290000000000 0.21950800000000000 0.018331
58.6734690000000000 0.25854900000000000 0.019790
58.7755100000000000 0.21889600000000000 0.018636
58.8775510000000000 0.13231500000000000 0.013845
58.9795920000000000 0.07267700000000000 0.009750
59.0816330000000000 0.06114300000000000 0.009225
59.1836730000000000 0.11741000000000000 0.013290
59.2857140000000000 0.18457400000000000 0.016449
59.3877550000000000 0.23465100000000000 0.019386
59.4897960000000000 0.26973700000000000 0.021257
59.5918370000000000 0.25131400000000000 0.019874
59.6938780000000000 0.26374800000000000 0.020782
59.7959180000000000 0.24562300000000000 0.019504
59.8979590000000000 0.23713800000000000 0.018970
60.0000000000000000 0.27493000000000000 0.021410
