55.0000000000000000 0.27583300000000000 0.020744
55.1020410000000000 0.25174900000000000 0.019332
55.2040820000000000 0.26850700000000000 0.020035
55.3061220000000000 0.27383300000000000 0.020803
55.4081630000000000 0.27984500000000000 0.021039
55.5102040000000000 0.26751600000000000 0.020277
55.6122450000000000 0.22284400000000000 0.017512
55.7142860000000000 0.23655200000000000 0.018800
55.8163270000000000 0.20760500000000000 0.017427
55.9183670000000000 0.21585900000000000 0.017510
56.0204080000000000 0.24969400000000000 0.019270
56.1224490000000000 0.23810400000000000 0.019095
56.2244900000000000 0.26321200000000000 0.020180
56.3265310000000000 0.30164000000000000 0.022160
56.4285710000000000 0.27846700000000000 0.020779
56.5306120000000000 0.26718000000000000 0.020513
56.6326530000000000 0.28579300000000000 0.021197
56.7346940000000000 0.27575600000000000 0.021118
56.8367350000000000 0.26757500000000000 0.020173
56.9387760000000000 0.24909000000000000 0.020186
57.0408160000000000 0.28846900000000000 0.021201
57.1428570000000000 0.24115100000000000 0.019158
57.2448980000000000 0.29928900000000000 0.021792
57.3469390000000000 0.25908400000000000 0.020101
57.4489800000000000 0.25447300000000000 0.019788
57.5510200000000000 0.25420300000000000 0.019765
57.6530610000000000 0.29812900000000000 0.021769
57.7551020000000000 0.25218800000000000 0.020157
57.8571430000000000 0.26293300000000000 0.020157
57.9591840000000000 0.25292100000000000 0.019851
58.0612240000000000 0.24939400000000000 0.019913
58.1632650000000000 0.29371000000000000 0.022072
58.2653060000000000 0.26559800000000000 0.020457
58.3673470000000000 0.26973700000000000 0.021257
58.4693880000000000 0.25715000000000000 0.020296
58.5714290000000000 0.26229000000000000 0.020453
58.6734690000000000 0.28981100000000000 0.021274
58.7755100000000000 0.21319900000000000 0.018344
58.8775510000000000 0.14351800000000000 0.014479
58.9795920000000000 0.07475100000000000 0.009886
59.0816330000000000 0.09274700000000000 0.011312
59.1836730000000000 0.10333600000000000 0.012430
59.2857140000000000 0.21061600000000000 0.017787
59.3877550000000000 0.21312400000000000 0.018290
59.4897960000000000 0.26514800000000000 0.021030
59.5918370000000000 0.26769700000000000 0.020674
59.6938780000000000 0.26149500000000000 0.020671
59.7959180000000000 0.28564000000000000 0.021442
59.8979590000000000 0.26703300000000000 0.020424
60.0000000000000000 0.28174300000000000 0.021743
