55.0000000000000000 0.28217100000000000 0.021046
55.1020410000000000 0.29180700000000000 0.021227
55.2040820000000000 0.26444000000000000 0.019843
55.3061220000000000 0.25880500000000000 0.020077
55.4081630000000000 0.29692800000000000 0.021850
55.5102040000000000 0.29373200000000000 0.021520
55.6122450000000000 0.25215200000000000 0.018906
55.7142860000000000 0.20292500000000000 0.017131
55.8163270000000000 0.24677500000000000 0.019365
55.9183670000000000 0.22094800000000000 0.017760
56.0204080000000000 0.27135200000000000 0.020304
56.1224490000000000 0.24456500000000000 0.019413
56.2244900000000000 0.25472400000000000 0.019770
56.3265310000000000 0.28225600000000000 0.021238
56.4285710000000000 0.29416400000000000 0.021520
56.5306120000000000 0.27364100000000000 0.020825
56.6326530000000000 0.24257100000000000 0.019122
56.7346940000000000 0.23951600000000000 0.019342
56.8367350000000000 0.30178600000000000 0.021784
56.9387760000000000 0.27764200000000000 0.021600
57.0408160000000000 0.26556600000000000 0.020116
57.1428570000000000 0.30301100000000000 0.022127
57.2448980000000000 0.25834900000000000 0.019848
57.3469390000000000 0.27197800000000000 0.020724
57.4489800000000000 0.26085900000000000 0.020097
57.5510200000000000 0.25314000000000000 0.019713
57.6530610000000000 0.30971200000000000 0.022312
57.7551020000000000 0.28467700000000000 0.021749
57.8571430000000000 0.27776900000000000 0.020867
57.9591840000000000 0.25832200000000000 0.020115
58.0612240000000000 0.28041600000000000 0.021430
58.1632650000000000 0.26601300000000000 0.020730
58.2653060000000000 0.27531100000000000 0.020926
58.3673470000000000 0.24679100000000000 0.020114
58.4693880000000000 0.25936500000000000 0.020404
58.5714290000000000 0.26996800000000000 0.020826
58.6734690000000000 0.24708600000000000 0.019238
58.7755100000000000 0.22801200000000000 0.019102
58.8775510000000000 0.15920200000000000 0.015346
58.9795920000000000 0.07993400000000000 0.010220
59.0816330000000000 0.08402800000000000 0.010761
59.1836730000000000 0.10333600000000000 0.012430
59.2857140000000000 0.19217000000000000 0.016844
59.3877550000000000 0.25051400000000000 0.020181
59.4897960000000000 0.27432700000000000 0.021483
59.5918370000000000 0.26660500000000000 0.020621
59.6938780000000000 0.24234300000000000 0.019720
59.7959180000000000 0.25427600000000000 0.019928
59.8979590000000000 0.24995000000000000 0.019597
60.0000000000000000 0.25221800000000000 0.020287
