55.0000000000000000 0.28639700000000000 0.021247
55.1020410000000000 0.31234900000000000 0.022181
55.2040820000000000 0.25020700000000000 0.019166
55.3061220000000000 0.26309900000000000 0.020285
55.4081630000000000 0.26810100000000000 0.020476
55.5102040000000000 0.21718100000000000 0.017827
55.6122450000000000 0.18279000000000000 0.015547
55.7142860000000000 0.15038200000000000 0.014396
55.8163270000000000 0.12397200000000000 0.012985
55.9183670000000000 0.11103600000000000 0.011993
56.0204080000000000 0.07436500000000000 0.009833
56.1224490000000000 0.05934100000000000 0.009037
56.2244900000000000 0.03087700000000000 0.006759
56.3265310000000000 0.01303600000000000 0.005090
56.4285710000000000 0.00638900000000000 0.004202
56.5306120000000000 0.00334400000000000 0.003893
56.6326530000000000 0.00327300000000000 0.003811
56.7346940000000000 -0.0031790000000000 0.002913
56.8367350000000000 0.00010900000000000 0.003284
56.9387760000000000 -0.0090170000000000 0.001657
57.0408160000000000 0.00010900000000000 0.003298
57.1428570000000000 0.00224500000000000 0.003703
57.2448980000000000 0.00011000000000000 0.003326
57.3469390000000000 0.00011300000000000 0.003404
57.4489800000000000 0.00330400000000000 0.003847
57.5510200000000000 -0.0020150000000000 0.003013
57.6530610000000000 0.00116400000000000 0.003499
57.7551020000000000 0.00235800000000000 0.003890
57.8571430000000000 0.00435000000000000 0.003977
57.9591840000000000 -0.0020470000000000 0.003062
58.0612240000000000 -0.0009920000000000 0.003330
58.1632650000000000 -0.0032070000000000 0.002939
58.2653060000000000 0.01198400000000000 0.004981
58.3673470000000000 0.01388800000000000 0.005424
58.4693880000000000 0.02892200000000000 0.006770
58.5714290000000000 0.03192700000000000 0.006992
58.6734690000000000 0.02720400000000000 0.006364
58.7755100000000000 0.02518800000000000 0.006546
58.8775510000000000 0.04044900000000000 0.007800
58.9795920000000000 0.02291600000000000 0.005951
59.0816330000000000 0.02409000000000000 0.006258
59.1836730000000000 0.04117400000000000 0.008076
59.2857140000000000 0.04351600000000000 0.007896
59.3877550000000000 0.07263100000000000 0.010229
59.4897960000000000 0.08043200000000000 0.010825
59.5918370000000000 0.09841000000000000 0.011676
59.6938780000000000 0.09250100000000000 0.011497
59.7959180000000000 0.09312600000000000 0.011291
59.8979590000000000 0.10688000000000000 0.012047
60.0000000000000000 0.11822000000000000 0.013119
