55.0000000000000000 0.33393500000000000 0.023471
55.1020410000000000 0.36165000000000000 0.024436
55.2040820000000000 0.35492300000000000 0.024021
55.3061220000000000 0.31784300000000000 0.022890
55.4081630000000000 0.34390600000000000 0.024046
55.5102040000000000 0.32519200000000000 0.022989
55.6122450000000000 0.32444600000000000 0.022231
55.7142860000000000 0.24811200000000000 0.019363
55.8163270000000000 0.24889200000000000 0.019468
55.9183670000000000 0.26878000000000000 0.020058
56.0204080000000000 0.24556900000000000 0.019071
56.1224490000000000 0.29517900000000000 0.021854
56.2244900000000000 0.28442900000000000 0.021195
56.3265310000000000 0.24564200000000000 0.019465
56.4285710000000000 0.26591000000000000 0.020181
56.5306120000000000 0.24995000000000000 0.019676
56.6326530000000000 0.19513300000000000 0.016761
56.7346940000000000 0.18790200000000000 0.016720
56.8367350000000000 0.15664900000000000 0.014634
56.9387760000000000 0.14059400000000000 0.014454
57.0408160000000000 0.11774300000000000 0.012520
57.1428570000000000 0.05663900000000000 0.008796
57.2448980000000000 0.03895100000000000 0.007386
57.3469390000000000 0.01408200000000000 0.005197
57.4489800000000000 0.00756200000000000 0.004408
57.5510200000000000 0.00011200000000000 0.003368
57.6530610000000000 -0.0041020000000000 0.002588
57.7551020000000000 -0.0032430000000000 0.002971
57.8571430000000000 0.00329000000000000 0.003831
57.9591840000000000 0.00011300000000000 0.003423
58.0612240000000000 0.00344000000000000 0.004005
58.1632650000000000 0.00122400000000000 0.003682
58.2653060000000000 0.00443000000000000 0.004050
58.3673470000000000 0.00356200000000000 0.004147
58.4693880000000000 -0.0009920000000000 0.003330
58.5714290000000000 -0.0020790000000000 0.003109
58.6734690000000000 -0.0009330000000000 0.003132
58.7755100000000000 0.00239800000000000 0.003956
58.8775510000000000 0.00123800000000000 0.003723
58.9795920000000000 -0.0009280000000000 0.003116
59.0816330000000000 0.00120400000000000 0.003621
59.1836730000000000 0.00246900000000000 0.004072
59.2857140000000000 -0.0031410000000000 0.002878
59.3877550000000000 0.00011900000000000 0.003589
59.4897960000000000 0.00241500000000000 0.003983
59.5918370000000000 0.00120700000000000 0.003629
59.6938780000000000 0.00124500000000000 0.003744
59.7959180000000000 0.00552100000000000 0.004203
59.8979590000000000 -0.0009560000000000 0.003209
60.0000000000000000 0.00693300000000000 0.004561
