55.0000000000000000 0.26843800000000000 0.020391
55.1020410000000000 0.29078000000000000 0.021179
55.2040820000000000 0.24919000000000000 0.019118
55.3061220000000000 0.29422800000000000 0.021776
55.4081630000000000 0.27023600000000000 0.020578
55.5102040000000000 0.24759200000000000 0.019319
55.6122450000000000 0.26778300000000000 0.019637
55.7142860000000000 0.21658600000000000 0.017815
55.8163270000000000 0.22454300000000000 0.018273
55.9183670000000000 0.22400100000000000 0.017909
56.0204080000000000 0.28166600000000000 0.020791
56.1224490000000000 0.24995000000000000 0.019676
56.2244900000000000 0.29079500000000000 0.021497
56.3265310000000000 0.25748800000000000 0.020044
56.4285710000000000 0.23346900000000000 0.018612
56.5306120000000000 0.26610300000000000 0.020461
56.6326530000000000 0.27630500000000000 0.020747
56.7346940000000000 0.29662100000000000 0.022121
56.8367350000000000 0.29971300000000000 0.021687
56.9387760000000000 0.26393700000000000 0.020924
57.0408160000000000 0.25619700000000000 0.019667
57.1428570000000000 0.25821600000000000 0.019989
57.2448980000000000 0.29089100000000000 0.021397
57.3469390000000000 0.26875500000000000 0.020569
57.4489800000000000 0.28320900000000000 0.021168
57.5510200000000000 0.29991800000000000 0.021949
57.6530610000000000 0.28128000000000000 0.020973
57.7551020000000000 0.26003000000000000 0.020544
57.8571430000000000 0.29366600000000000 0.021622
57.9591840000000000 0.28425100000000000 0.021365
58.0612240000000000 0.22723600000000000 0.018808
58.1632650000000000 0.29371000000000000 0.022072
58.2653060000000000 0.25480600000000000 0.019933
58.3673470000000000 0.29383100000000000 0.022438
58.4693880000000000 0.29038700000000000 0.021912
58.5714290000000000 0.26996800000000000 0.020826
58.6734690000000000 0.27418000000000000 0.020536
58.7755100000000000 0.20978100000000000 0.018167
58.8775510000000000 0.14351800000000000 0.014479
58.9795920000000000 0.10066800000000000 0.011497
59.0816330000000000 0.07857900000000000 0.010408
59.1836730000000000 0.12562100000000000 0.013779
59.2857140000000000 0.17480900000000000 0.015937
59.3877550000000000 0.23691700000000000 0.019500
59.4897960000000000 0.26514800000000000 0.021030
59.5918370000000000 0.25240600000000000 0.019928
59.6938780000000000 0.24797600000000000 0.020001
59.7959180000000000 0.25643900000000000 0.020033
59.8979590000000000 0.27984500000000000 0.021039
60.0000000000000000 0.27152300000000000 0.021242
