55.0000000000000000 0.28322700000000000 0.021096
55.1020410000000000 0.25688500000000000 0.019577
55.2040820000000000 0.23800700000000000 0.018580
55.3061220000000000 0.22982300000000000 0.018656
55.4081630000000000 0.19763400000000000 0.016992
55.5102040000000000 0.18991600000000000 0.016453
55.6122450000000000 0.16129700000000000 0.014454
55.7142860000000000 0.11465300000000000 0.012402
55.8163270000000000 0.05939500000000000 0.008955
55.9183670000000000 0.04488600000000000 0.007711
56.0204080000000000 0.02279800000000000 0.005920
56.1224490000000000 0.00226700000000000 0.003739
56.2244900000000000 -0.0030710000000000 0.002814
56.3265310000000000 0.00334400000000000 0.003893
56.4285710000000000 -0.0019830000000000 0.002966
56.5306120000000000 0.00226700000000000 0.003739
56.6326530000000000 -0.0019980000000000 0.002988
56.7346940000000000 -0.0042770000000000 0.002699
56.8367350000000000 -0.0050750000000000 0.002330
56.9387760000000000 -0.0010220000000000 0.003432
57.0408160000000000 -0.0030140000000000 0.002761
57.1428570000000000 0.00544500000000000 0.004145
57.2448980000000000 0.00325900000000000 0.003795
57.3469390000000000 0.00441100000000000 0.004033
57.4489800000000000 0.01288300000000000 0.005030
57.5510200000000000 0.02988000000000000 0.006681
57.6530610000000000 0.03064900000000000 0.006709
57.7551020000000000 0.06845700000000000 0.009881
57.8571430000000000 0.05839800000000000 0.008890
57.9591840000000000 0.07682000000000000 0.010245
58.0612240000000000 0.07434600000000000 0.010220
58.1632650000000000 0.10536700000000000 0.012188
58.2653060000000000 0.11127200000000000 0.012374
58.3673470000000000 0.12861900000000000 0.013800
58.4693880000000000 0.12087800000000000 0.013109
58.5714290000000000 0.13833300000000000 0.014038
58.6734690000000000 0.14912900000000000 0.014268
58.7755100000000000 0.12546000000000000 0.013568
58.8775510000000000 0.08750200000000000 0.011145
58.9795920000000000 0.05609000000000000 0.008618
59.0816330000000000 0.04588600000000000 0.008101
59.1836730000000000 0.08574300000000000 0.011307
59.2857140000000000 0.10319500000000000 0.011926
59.3877550000000000 0.12361700000000000 0.013421
59.4897960000000000 0.19631000000000000 0.017524
59.5918370000000000 0.18469200000000000 0.016508
59.6938780000000000 0.16685900000000000 0.015806
59.7959180000000000 0.17856800000000000 0.016110
59.8979590000000000 0.18268600000000000 0.016223
60.0000000000000000 0.20565900000000000 0.017924
