55.0000000000000000 0.27688900000000000 0.020795
55.1020410000000000 0.26202100000000000 0.019822
55.2040820000000000 0.27359000000000000 0.020275
55.3061220000000000 0.27383300000000000 0.020803
55.4081630000000000 0.25422100000000000 0.019805
55.5102040000000000 0.24864000000000000 0.019369
55.6122450000000000 0.25606000000000000 0.019090
55.7142860000000000 0.22709500000000000 0.018335
55.8163270000000000 0.23407100000000000 0.018744
55.9183670000000000 0.28099200000000000 0.020632
56.0204080000000000 0.28269700000000000 0.020839
56.1224490000000000 0.28441000000000000 0.021341
56.2244900000000000 0.29609900000000000 0.021747
56.3265310000000000 0.30056300000000000 0.022109
56.4285710000000000 0.27951300000000000 0.020829
56.5306120000000000 0.29840900000000000 0.022007
56.6326530000000000 0.29949700000000000 0.021844
56.7346940000000000 0.28234500000000000 0.021436
56.8367350000000000 0.24476800000000000 0.019079
56.9387760000000000 0.27193100000000000 0.021319
57.0408160000000000 0.26348400000000000 0.020016
57.1428570000000000 0.27954700000000000 0.021014
57.2448980000000000 0.22685600000000000 0.018315
57.3469390000000000 0.25371100000000000 0.019840
57.4489800000000000 0.20126000000000000 0.017151
57.5510200000000000 0.20104600000000000 0.017131
57.6530610000000000 0.16017700000000000 0.014936
57.7551020000000000 0.11887100000000000 0.013066
57.8571430000000000 0.07323500000000000 0.009904
57.9591840000000000 0.03144400000000000 0.006885
58.0612240000000000 -0.0009920000000000 0.003330
58.1632650000000000 0.00454800000000000 0.004158
58.2653060000000000 0.00011300000000000 0.003419
58.3673470000000000 -0.0010270000000000 0.003448
58.4693880000000000 0.00233200000000000 0.003846
58.5714290000000000 0.00121200000000000 0.003645
58.6734690000000000 0.00532000000000000 0.004050
58.7755100000000000 -0.0010200000000000 0.003424
58.8775510000000000 0.00011800000000000 0.003549
58.9795920000000000 -0.0019650000000000 0.002938
59.0816330000000000 0.00120400000000000 0.003621
59.1836730000000000 0.01771600000000000 0.005925
59.2857140000000000 0.04134600000000000 0.007725
59.3877550000000000 0.07489700000000000 0.010383
59.4897960000000000 0.07699000000000000 0.010595
59.5918370000000000 0.11370000000000000 0.012594
59.6938780000000000 0.10264100000000000 0.012128
59.7959180000000000 0.12557200000000000 0.013218
59.8979590000000000 0.14104600000000000 0.013998
60.0000000000000000 0.14320200000000000 0.014560
