55.0000000000000000 0.30224300000000000 0.021994
55.1020410000000000 0.28256300000000000 0.020793
55.2040820000000000 0.30205700000000000 0.021603
55.3061220000000000 0.28778800000000000 0.021470
55.4081630000000000 0.32041700000000000 0.022954
55.5102040000000000 0.28219700000000000 0.020976
55.6122450000000000 0.27755300000000000 0.020090
55.7142860000000000 0.23129800000000000 0.018542
55.8163270000000000 0.24042300000000000 0.019055
55.9183670000000000 0.25758500000000000 0.019527
56.0204080000000000 0.29816700000000000 0.021564
56.1224490000000000 0.28225600000000000 0.021238
56.2244900000000000 0.29928200000000000 0.021897
56.3265310000000000 0.26394900000000000 0.020357
56.4285710000000000 0.32555800000000000 0.022984
56.5306120000000000 0.30271700000000000 0.022211
56.6326530000000000 0.32796000000000000 0.023172
56.7346940000000000 0.29771900000000000 0.022173
56.8367350000000000 0.29141900000000000 0.021299
56.9387760000000000 0.27193100000000000 0.021319
57.0408160000000000 0.27910000000000000 0.020759
57.1428570000000000 0.27101400000000000 0.020606
57.2448980000000000 0.27199600000000000 0.020501
57.3469390000000000 0.22899600000000000 0.018625
57.4489800000000000 0.18529600000000000 0.016333
57.5510200000000000 0.21699300000000000 0.017934
57.6530610000000000 0.18439700000000000 0.016203
57.7551020000000000 0.15024000000000000 0.014853
57.8571430000000000 0.11350600000000000 0.012389
57.9591840000000000 0.07357900000000000 0.010031
58.0612240000000000 0.02781400000000000 0.006670
58.1632650000000000 0.01008700000000000 0.004858
58.2653060000000000 -0.0063620000000000 0.002176
58.3673470000000000 -0.0010270000000000 0.003448
58.4693880000000000 -0.0043150000000000 0.002723
58.5714290000000000 -0.0020790000000000 0.003109
58.6734690000000000 0.00219400000000000 0.003618
58.7755100000000000 0.00125900000000000 0.003787
58.8775510000000000 -0.0043640000000000 0.002754
58.9795920000000000 -0.0009280000000000 0.003116
59.0816330000000000 0.00229400000000000 0.003784
59.1836730000000000 -0.0010500000000000 0.003525
59.2857140000000000 0.00011400000000000 0.003437
59.3877550000000000 0.01144900000000000 0.005100
59.4897960000000000 0.01388800000000000 0.005424
59.5918370000000000 0.03069500000000000 0.006866
59.6938780000000000 0.03955000000000000 0.007752
59.7959180000000000 0.05202700000000000 0.008529
59.8979590000000000 0.05776700000000000 0.008882
60.0000000000000000 0.06484700000000000 0.009703
