55.0000000000000000 0.07828500000000000 0.010217
55.1020410000000000 0.05762600000000000 0.008682
55.2040820000000000 0.04382300000000000 0.007626
55.3061220000000000 0.03231500000000000 0.006932
55.4081630000000000 0.02146600000000000 0.005927
55.5102040000000000 0.00640200000000000 0.004211
55.6122450000000000 0.00596400000000000 0.003923
55.7142860000000000 0.00011000000000000 0.003329
55.8163270000000000 -0.0009480000000000 0.003182
55.9183670000000000 0.00010700000000000 0.003224
56.0204080000000000 -0.0060800000000000 0.002079
56.1224490000000000 -0.0063480000000000 0.002171
56.2244900000000000 -0.0020100000000000 0.003007
56.3265310000000000 -0.0031180000000000 0.002856
56.4285710000000000 -0.0082620000000000 0.001516
56.5306120000000000 -0.0009640000000000 0.003236
56.6326530000000000 0.00116500000000000 0.003503
56.7346940000000000 0.00121300000000000 0.003649
56.8367350000000000 -0.0009280000000000 0.003116
56.9387760000000000 -0.0021640000000000 0.003237
57.0408160000000000 0.00115000000000000 0.003459
57.1428570000000000 0.00117800000000000 0.003544
57.2448980000000000 -0.0019890000000000 0.002975
57.3469390000000000 0.00011300000000000 0.003404
57.4489800000000000 0.00117600000000000 0.003537
57.5510200000000000 0.00011200000000000 0.003368
57.6530610000000000 -0.0051550000000000 0.002366
57.7551020000000000 0.00683900000000000 0.004499
57.8571430000000000 -0.0020080000000000 0.003003
57.9591840000000000 0.00011300000000000 0.003423
58.0612240000000000 -0.0021000000000000 0.003140
58.1632650000000000 0.00122400000000000 0.003682
58.2653060000000000 0.00443000000000000 0.004050
58.3673470000000000 -0.0021740000000000 0.003252
58.4693880000000000 0.00454800000000000 0.004158
58.5714290000000000 0.00669700000000000 0.004406
58.6734690000000000 0.00636200000000000 0.004185
58.7755100000000000 0.00695600000000000 0.004576
58.8775510000000000 0.00908000000000000 0.004778
58.9795920000000000 0.00840200000000000 0.004421
59.0816330000000000 0.00447400000000000 0.004090
59.1836730000000000 0.00833300000000000 0.004859
59.2857140000000000 0.01313500000000000 0.005129
59.3877550000000000 0.02957700000000000 0.006925
59.4897960000000000 0.02077200000000000 0.006147
59.5918370000000000 0.04380100000000000 0.007949
59.6938780000000000 0.03391700000000000 0.007280
59.7959180000000000 0.03580400000000000 0.007259
59.8979590000000000 0.04815800000000000 0.008178
60.0000000000000000 0.03872900000000000 0.007722
