55.0000000000000000 0.25893000000000000 0.019934
55.1020410000000000 0.28667100000000000 0.020986
55.2040820000000000 0.27054000000000000 0.020131
55.3061220000000000 0.27276000000000000 0.020751
55.4081630000000000 0.28304800000000000 0.021191
55.5102040000000000 0.24968900000000000 0.019420
55.6122450000000000 0.23652100000000000 0.018167
55.7142860000000000 0.21658600000000000 0.017815
55.8163270000000000 0.20442900000000000 0.017267
55.9183670000000000 0.22298300000000000 0.017860
56.0204080000000000 0.26516400000000000 0.020010
56.1224490000000000 0.24348800000000000 0.019360
56.2244900000000000 0.26215100000000000 0.020129
56.3265310000000000 0.24995000000000000 0.019676
56.4285710000000000 0.24498000000000000 0.019173
56.5306120000000000 0.30164000000000000 0.022160
56.6326530000000000 0.27525100000000000 0.020697
56.7346940000000000 0.27246100000000000 0.020958
56.8367350000000000 0.28105200000000000 0.020811
56.9387760000000000 0.27650000000000000 0.021544
57.0408160000000000 0.24370500000000000 0.019065
57.1428570000000000 0.28274600000000000 0.021167
57.2448980000000000 0.27619500000000000 0.020701
57.3469390000000000 0.26230700000000000 0.020257
57.4489800000000000 0.27895200000000000 0.020965
57.5510200000000000 0.29460200000000000 0.021698
57.6530610000000000 0.25705900000000000 0.019815
57.7551020000000000 0.28019600000000000 0.021531
57.8571430000000000 0.26187300000000000 0.020106
57.9591840000000000 0.26156400000000000 0.020272
58.0612240000000000 0.27598400000000000 0.021216
58.1632650000000000 0.27044400000000000 0.020946
58.2653060000000000 0.27962800000000000 0.021133
58.3673470000000000 0.26973700000000000 0.021257
58.4693880000000000 0.27487600000000000 0.021162
58.5714290000000000 0.28093800000000000 0.021357
58.6734690000000000 0.25646400000000000 0.019690
58.7755100000000000 0.21092000000000000 0.018226
58.8775510000000000 0.15136000000000000 0.014915
58.9795920000000000 0.08511800000000000 0.010547
59.0816330000000000 0.07749000000000000 0.010337
59.1836730000000000 0.10099000000000000 0.012284
59.2857140000000000 0.19434000000000000 0.016956
59.3877550000000000 0.25957800000000000 0.020631
59.4897960000000000 0.24908600000000000 0.020229
59.5918370000000000 0.25131400000000000 0.019874
59.6938780000000000 0.25135600000000000 0.020169
59.7959180000000000 0.25643900000000000 0.020033
59.8979590000000000 0.26810100000000000 0.020476
60.0000000000000000 0.29764100000000000 0.022516
