55.0000000000000000 0.25047900000000000 0.019526
55.1020410000000000 0.25893900000000000 0.019675
55.2040820000000000 0.25732300000000000 0.019505
55.3061220000000000 0.28886100000000000 0.021521
55.4081630000000000 0.24354400000000000 0.019284
55.5102040000000000 0.27275900000000000 0.020528
55.6122450000000000 0.25410600000000000 0.018998
55.7142860000000000 0.23129800000000000 0.018542
55.8163270000000000 0.22560200000000000 0.018326
55.9183670000000000 0.25656700000000000 0.019479
56.0204080000000000 0.24969400000000000 0.019270
56.1224490000000000 0.23379600000000000 0.018882
56.2244900000000000 0.27912500000000000 0.020942
56.3265310000000000 0.25533400000000000 0.019939
56.4285710000000000 0.26277000000000000 0.020031
56.5306120000000000 0.27687200000000000 0.020980
56.6326530000000000 0.29211800000000000 0.021496
56.7346940000000000 0.26587200000000000 0.020638
56.8367350000000000 0.26550200000000000 0.020074
56.9387760000000000 0.23424300000000000 0.019439
57.0408160000000000 0.28638700000000000 0.021103
57.1428570000000000 0.28488000000000000 0.021268
57.2448980000000000 0.27304500000000000 0.020551
57.3469390000000000 0.26015800000000000 0.020153
57.4489800000000000 0.29917300000000000 0.021924
57.5510200000000000 0.25951900000000000 0.020022
57.6530610000000000 0.25390000000000000 0.019662
57.7551020000000000 0.28915900000000000 0.021966
57.8571430000000000 0.25233500000000000 0.019645
57.9591840000000000 0.25832200000000000 0.020115
58.0612240000000000 0.29814200000000000 0.022284
58.1632650000000000 0.27598400000000000 0.021216
58.2653060000000000 0.26991500000000000 0.020666
58.3673470000000000 0.28350500000000000 0.021934
58.4693880000000000 0.26158100000000000 0.020513
58.5714290000000000 0.24364100000000000 0.019537
58.6734690000000000 0.24708600000000000 0.019238
58.7755100000000000 0.21775700000000000 0.018578
58.8775510000000000 0.14351800000000000 0.014479
58.9795920000000000 0.07786100000000000 0.010087
59.0816330000000000 0.07422000000000000 0.010121
59.1836730000000000 0.10216300000000000 0.012357
59.2857140000000000 0.19868000000000000 0.017179
59.3877550000000000 0.22558700000000000 0.018927
59.4897960000000000 0.25367500000000000 0.020459
59.5918370000000000 0.25677500000000000 0.020142
59.6938780000000000 0.26712800000000000 0.020948
59.7959180000000000 0.26941700000000000 0.020663
59.8979590000000000 0.25742400000000000 0.019960
60.0000000000000000 0.26811600000000000 0.021075
