55.0000000000000000 0.29167900000000000 0.021496
55.1020410000000000 0.26921000000000000 0.020164
55.2040820000000000 0.24410700000000000 0.018874
55.3061220000000000 0.28349400000000000 0.021265
55.4081630000000000 0.27343900000000000 0.020732
55.5102040000000000 0.25702900000000000 0.019774
55.6122450000000000 0.25410600000000000 0.018998
55.7142860000000000 0.23129800000000000 0.018542
55.8163270000000000 0.21289800000000000 0.017693
55.9183670000000000 0.24435500000000000 0.018895
56.0204080000000000 0.25381900000000000 0.019468
56.1224490000000000 0.27794900000000000 0.021032
56.2244900000000000 0.24835900000000000 0.019461
56.3265310000000000 0.28117900000000000 0.021186
56.4285710000000000 0.28265300000000000 0.020977
56.5306120000000000 0.25856500000000000 0.020096
56.6326530000000000 0.25205900000000000 0.019583
56.7346940000000000 0.26916700000000000 0.020798
56.8367350000000000 0.21470400000000000 0.017607
56.9387760000000000 0.30048300000000000 0.022713
57.0408160000000000 0.25515600000000000 0.019617
57.1428570000000000 0.27634700000000000 0.020861
57.2448980000000000 0.24890100000000000 0.019392
57.3469390000000000 0.23436900000000000 0.018891
57.4489800000000000 0.27256600000000000 0.020660
57.5510200000000000 0.27121300000000000 0.020585
57.6530610000000000 0.24968800000000000 0.019458
57.7551020000000000 0.27795500000000000 0.021422
57.8571430000000000 0.25975300000000000 0.020003
57.9591840000000000 0.27560800000000000 0.020951
58.0612240000000000 0.27376800000000000 0.021108
58.1632650000000000 0.25825700000000000 0.020350
58.2653060000000000 0.25588500000000000 0.019986
58.3673470000000000 0.25482200000000000 0.020516
58.4693880000000000 0.25050200000000000 0.019968
58.5714290000000000 0.28093800000000000 0.021357
58.6734690000000000 0.24917000000000000 0.019338
58.7755100000000000 0.21206000000000000 0.018285
58.8775510000000000 0.13679600000000000 0.014100
58.9795920000000000 0.06542000000000000 0.009266
59.0816330000000000 0.07422000000000000 0.010121
59.1836730000000000 0.11741000000000000 0.013290
59.2857140000000000 0.16504300000000000 0.015419
59.3877550000000000 0.25051400000000000 0.020181
59.4897960000000000 0.25826400000000000 0.020688
59.5918370000000000 0.26442000000000000 0.020514
59.6938780000000000 0.28628100000000000 0.021884
59.7959180000000000 0.26292800000000000 0.020349
59.8979590000000000 0.23820600000000000 0.019023
60.0000000000000000 0.27493000000000000 0.021410
