55.0000000000000000 0.22618200000000000 0.018336
55.1020410000000000 0.24456000000000000 0.018986
55.2040820000000000 0.19937300000000000 0.016685
55.3061220000000000 0.17185900000000000 0.015698
55.4081630000000000 0.15599400000000000 0.014813
55.5102040000000000 0.13748300000000000 0.013677
55.6122450000000000 0.09975000000000000 0.011096
55.7142860000000000 0.04529700000000000 0.007887
55.8163270000000000 0.03928100000000000 0.007449
55.9183670000000000 0.01028400000000000 0.004580
56.0204080000000000 0.00217100000000000 0.003581
56.1224490000000000 -0.0009640000000000 0.003236
56.2244900000000000 0.00223300000000000 0.003683
56.3265310000000000 0.00011300000000000 0.003411
56.4285710000000000 -0.0030300000000000 0.002775
56.5306120000000000 -0.0020410000000000 0.003052
56.6326530000000000 -0.0030520000000000 0.002796
56.7346940000000000 0.00011500000000000 0.003479
56.8367350000000000 -0.0040380000000000 0.002548
56.9387760000000000 -0.0010220000000000 0.003432
57.0408160000000000 -0.0009320000000000 0.003129
57.1428570000000000 0.00117800000000000 0.003544
57.2448980000000000 -0.0030390000000000 0.002784
57.3469390000000000 0.00441100000000000 0.004033
57.4489800000000000 -0.0020170000000000 0.003016
57.5510200000000000 0.00223800000000000 0.003691
57.6530610000000000 -0.0009430000000000 0.003165
57.7551020000000000 0.00235800000000000 0.003890
57.8571430000000000 0.01494800000000000 0.005239
57.9591840000000000 0.00659600000000000 0.004339
58.0612240000000000 0.01451900000000000 0.005359
58.1632650000000000 0.01895100000000000 0.005823
58.2653060000000000 0.03464800000000000 0.007153
58.3673470000000000 0.03798100000000000 0.007707
58.4693880000000000 0.03335300000000000 0.007158
58.5714290000000000 0.05496300000000000 0.008814
58.6734690000000000 0.05534000000000000 0.008590
58.7755100000000000 0.06620800000000000 0.009817
58.8775510000000000 0.04493000000000000 0.008157
58.9795920000000000 0.02084300000000000 0.005753
59.0816330000000000 0.01755100000000000 0.005616
59.1836730000000000 0.05524800000000000 0.009178
59.2857140000000000 0.07281300000000000 0.010003
59.3877550000000000 0.09302500000000000 0.011565
59.4897960000000000 0.10682000000000000 0.012501
59.5918370000000000 0.10605500000000000 0.012139
59.6938780000000000 0.14207300000000000 0.014439
59.7959180000000000 0.13314300000000000 0.013648
59.8979590000000000 0.14958800000000000 0.014466
60.0000000000000000 0.15001600000000000 0.014942
