55.0000000000000000 0.22829400000000000 0.018440
55.1020410000000000 0.24558700000000000 0.019036
55.2040820000000000 0.21869000000000000 0.017641
55.3061220000000000 0.19225400000000000 0.016760
55.4081630000000000 0.19336300000000000 0.016774
55.5102040000000000 0.16894300000000000 0.015368
55.6122450000000000 0.14078200000000000 0.013379
55.7142860000000000 0.09048400000000000 0.010958
55.8163270000000000 0.07421600000000000 0.009963
55.9183670000000000 0.04997400000000000 0.008090
56.0204080000000000 0.02692300000000000 0.006297
56.1224490000000000 0.02165100000000000 0.005978
56.2244900000000000 0.00965900000000000 0.004651
56.3265310000000000 0.00549700000000000 0.004185
56.4285710000000000 0.00429600000000000 0.003927
56.5306120000000000 0.00011300000000000 0.003411
56.6326530000000000 0.00327300000000000 0.003811
56.7346940000000000 -0.0020810000000000 0.003112
56.8367350000000000 -0.0009280000000000 0.003116
56.9387760000000000 0.00354600000000000 0.004128
57.0408160000000000 0.00427300000000000 0.003907
57.1428570000000000 -0.0030880000000000 0.002829
57.2448980000000000 -0.0009400000000000 0.003155
57.3469390000000000 0.00656000000000000 0.004316
57.4489800000000000 0.00436900000000000 0.003994
57.5510200000000000 0.00117500000000000 0.003533
57.6530610000000000 -0.0019960000000000 0.002984
57.7551020000000000 -0.0021230000000000 0.003175
57.8571430000000000 -0.0062470000000000 0.002136
57.9591840000000000 -0.0009670000000000 0.003247
58.0612240000000000 -0.0009920000000000 0.003330
58.1632650000000000 0.00233200000000000 0.003846
58.2653060000000000 -0.0031240000000000 0.002862
58.3673470000000000 0.00241500000000000 0.003983
58.4693880000000000 0.00676400000000000 0.004450
58.5714290000000000 0.00998800000000000 0.004809
58.6734690000000000 0.01365700000000000 0.005039
58.7755100000000000 0.01265400000000000 0.005260
58.8775510000000000 0.01580200000000000 0.005540
58.9795920000000000 0.00736600000000000 0.004294
59.0816330000000000 0.01755100000000000 0.005616
59.1836730000000000 0.01888900000000000 0.006047
59.2857140000000000 0.02832500000000000 0.006629
59.3877550000000000 0.03410900000000000 0.007322
59.4897960000000000 0.05748600000000000 0.009228
59.5918370000000000 0.06673700000000000 0.009626
59.6938780000000000 0.07222200000000000 0.010170
59.7959180000000000 0.08231100000000000 0.010608
59.8979590000000000 0.07912100000000000 0.010329
60.0000000000000000 0.08642300000000000 0.011156
