55.0000000000000000 0.30541200000000000 0.022143
55.1020410000000000 0.27640000000000000 0.020503
55.2040820000000000 0.29494000000000000 0.021273
55.3061220000000000 0.31677000000000000 0.022840
55.4081630000000000 0.30867300000000000 0.022404
55.5102040000000000 0.26856500000000000 0.020328
55.6122450000000000 0.24824500000000000 0.018722
55.7142860000000000 0.24916300000000000 0.019414
55.8163270000000000 0.20654600000000000 0.017374
55.9183670000000000 0.25656700000000000 0.019479
56.0204080000000000 0.21050300000000000 0.017356
56.1224490000000000 0.21010500000000000 0.017697
56.2244900000000000 0.21865400000000000 0.017999
56.3265310000000000 0.17026000000000000 0.015639
56.4285710000000000 0.12359200000000000 0.012887
56.5306120000000000 0.09380200000000000 0.011307
56.6326530000000000 0.05809000000000000 0.008842
56.7346940000000000 0.02537300000000000 0.006409
56.8367350000000000 0.00425600000000000 0.003890
56.9387760000000000 0.00012000000000000 0.003618
57.0408160000000000 0.00115000000000000 0.003459
57.1428570000000000 -0.0009550000000000 0.003205
57.2448980000000000 0.00535900000000000 0.004080
57.3469390000000000 -0.0009620000000000 0.003229
57.4489800000000000 -0.0052100000000000 0.002392
57.5510200000000000 0.00011200000000000 0.003368
57.6530610000000000 0.00327000000000000 0.003807
57.7551020000000000 0.00123800000000000 0.003723
57.8571430000000000 0.00117100000000000 0.003522
57.9591840000000000 -0.0009670000000000 0.003247
58.0612240000000000 0.00233200000000000 0.003846
58.1632650000000000 0.00233200000000000 0.003846
58.2653060000000000 0.00658800000000000 0.004334
58.3673470000000000 0.02306600000000000 0.006372
58.4693880000000000 0.03113700000000000 0.006966
58.5714290000000000 0.04399400000000000 0.007984
58.6734690000000000 0.04283500000000000 0.007660
58.7755100000000000 0.05025600000000000 0.008652
58.8775510000000000 0.03820800000000000 0.007616
58.9795920000000000 0.02291600000000000 0.005951
59.0816330000000000 0.02518000000000000 0.006360
59.1836730000000000 0.04117400000000000 0.008076
59.2857140000000000 0.08149300000000000 0.010573
59.3877550000000000 0.09415800000000000 0.011636
59.4897960000000000 0.12173500000000000 0.013396
59.5918370000000000 0.13554400000000000 0.013850
59.6938780000000000 0.13531300000000000 0.014056
59.7959180000000000 0.12665400000000000 0.013280
59.8979590000000000 0.13997900000000000 0.013939
60.0000000000000000 0.15569400000000000 0.015257
