55.0000000000000000 0.29907300000000000 0.021845
55.1020410000000000 0.30515900000000000 0.021848
55.2040820000000000 0.31629000000000000 0.022260
55.3061220000000000 0.30925600000000000 0.022486
55.4081630000000000 0.31721400000000000 0.022805
55.5102040000000000 0.30212100000000000 0.021914
55.6122450000000000 0.29025300000000000 0.020675
55.7142860000000000 0.23340000000000000 0.018646
55.8163270000000000 0.23513000000000000 0.018796
55.9183670000000000 0.25351400000000000 0.019333
56.0204080000000000 0.25691300000000000 0.019616
56.1224490000000000 0.29840900000000000 0.022007
56.2244900000000000 0.32262100000000000 0.022990
56.3265310000000000 0.27041000000000000 0.020669
56.4285710000000000 0.30567500000000000 0.022059
56.5306120000000000 0.31133200000000000 0.022618
56.6326530000000000 0.27841400000000000 0.020847
56.7346940000000000 0.27905000000000000 0.021277
56.8367350000000000 0.26135500000000000 0.019876
56.9387760000000000 0.24680600000000000 0.020071
57.0408160000000000 0.25932000000000000 0.019817
57.1428570000000000 0.26354900000000000 0.020246
57.2448980000000000 0.19011500000000000 0.016472
57.3469390000000000 0.18708800000000000 0.016502
57.4489800000000000 0.15443200000000000 0.014705
57.5510200000000000 0.11812000000000000 0.012677
57.6530610000000000 0.08119700000000000 0.010387
57.7551020000000000 0.02364400000000000 0.006329
57.8571430000000000 0.00329000000000000 0.003831
57.9591840000000000 0.00551500000000000 0.004199
58.0612240000000000 0.00122400000000000 0.003682
58.1632650000000000 0.00122400000000000 0.003682
58.2653060000000000 0.00011300000000000 0.003419
58.3673470000000000 0.00241500000000000 0.003983
58.4693880000000000 -0.0043150000000000 0.002723
58.5714290000000000 -0.0042730000000000 0.002696
58.6734690000000000 0.00010900000000000 0.003301
58.7755100000000000 0.00125900000000000 0.003787
58.8775510000000000 0.00347800000000000 0.004050
58.9795920000000000 -0.0030010000000000 0.002750
59.0816330000000000 0.00665300000000000 0.004377
59.1836730000000000 0.01771600000000000 0.005925
59.2857140000000000 0.03049600000000000 0.006821
59.3877550000000000 0.05563600000000000 0.009027
59.4897960000000000 0.09649400000000000 0.011861
59.5918370000000000 0.09731800000000000 0.011608
59.6938780000000000 0.12066700000000000 0.013209
59.7959180000000000 0.12773500000000000 0.013342
59.8979590000000000 0.14424900000000000 0.014175
60.0000000000000000 0.16591400000000000 0.015816
