55.0000000000000000 0.29590400000000000 0.021696
55.1020410000000000 0.31645700000000000 0.022371
55.2040820000000000 0.37220700000000000 0.024799
55.3061220000000000 0.38868900000000000 0.026161
55.4081630000000000 0.32789100000000000 0.023303
55.5102040000000000 0.32309400000000000 0.022891
55.6122450000000000 0.31565300000000000 0.021834
55.7142860000000000 0.27333200000000000 0.020575
55.8163270000000000 0.23407100000000000 0.018744
55.9183670000000000 0.26674400000000000 0.019962
56.0204080000000000 0.29816700000000000 0.021564
56.1224490000000000 0.29733200000000000 0.021956
56.2244900000000000 0.30564700000000000 0.022197
56.3265310000000000 0.26718000000000000 0.020513
56.4285710000000000 0.31718600000000000 0.022596
56.5306120000000000 0.28656400000000000 0.021444
56.6326530000000000 0.25205900000000000 0.019583
56.7346940000000000 0.27026500000000000 0.020851
56.8367350000000000 0.25824500000000000 0.019727
56.9387760000000000 0.25708500000000000 0.020584
57.0408160000000000 0.18540900000000000 0.016165
57.1428570000000000 0.21128800000000000 0.017675
57.2448980000000000 0.14917500000000000 0.014323
57.3469390000000000 0.14303000000000000 0.014153
57.4489800000000000 0.11611800000000000 0.012568
57.5510200000000000 0.09154200000000000 0.011091
57.6530610000000000 0.04433900000000000 0.007823
57.7551020000000000 0.03260700000000000 0.007142
57.8571430000000000 0.01176900000000000 0.004891
57.9591840000000000 0.00335400000000000 0.003905
58.0612240000000000 0.00344000000000000 0.004005
58.1632650000000000 0.00233200000000000 0.003846
58.2653060000000000 -0.0042040000000000 0.002652
58.3673470000000000 0.00126800000000000 0.003813
58.4693880000000000 -0.0021000000000000 0.003140
58.5714290000000000 0.00779400000000000 0.004544
58.6734690000000000 -0.0040590000000000 0.002561
58.7755100000000000 -0.0021590000000000 0.003229
58.8775510000000000 -0.0010030000000000 0.003367
58.9795920000000000 -0.0009280000000000 0.003116
59.0816330000000000 0.00011400000000000 0.003452
59.1836730000000000 -0.0045680000000000 0.002883
59.2857140000000000 0.00119900000000000 0.003606
59.3877550000000000 0.00578400000000000 0.004404
59.4897960000000000 -0.0010270000000000 0.003448
59.5918370000000000 -0.0020700000000000 0.003095
59.6938780000000000 0.00349800000000000 0.004073
59.7959180000000000 0.01417400000000000 0.005231
59.8979590000000000 0.00758600000000000 0.004422
60.0000000000000000 0.02169500000000000 0.006196
