55.0000000000000000 0.24731000000000000 0.019372
55.1020410000000000 0.25174900000000000 0.019332
55.2040820000000000 0.28884000000000000 0.020989
55.3061220000000000 0.27705400000000000 0.020957
55.4081630000000000 0.27450700000000000 0.020783
55.5102040000000000 0.23500800000000000 0.018706
55.6122450000000000 0.25606000000000000 0.019090
55.7142860000000000 0.22079000000000000 0.018024
55.8163270000000000 0.21289800000000000 0.017693
55.9183670000000000 0.21382400000000000 0.017410
56.0204080000000000 0.26207000000000000 0.019862
56.1224490000000000 0.29087100000000000 0.021649
56.2244900000000000 0.27382000000000000 0.020689
56.3265310000000000 0.28656400000000000 0.021444
56.4285710000000000 0.27009500000000000 0.020381
56.5306120000000000 0.28225600000000000 0.021238
56.6326530000000000 0.27735900000000000 0.020797
56.7346940000000000 0.28563900000000000 0.021594
56.8367350000000000 0.25513500000000000 0.019578
56.9387760000000000 0.24566400000000000 0.020014
57.0408160000000000 0.23121300000000000 0.018456
57.1428570000000000 0.28168000000000000 0.021116
57.2448980000000000 0.27829400000000000 0.020801
57.3469390000000000 0.26338200000000000 0.020309
57.4489800000000000 0.27575900000000000 0.020812
57.5510200000000000 0.26696100000000000 0.020380
57.6530610000000000 0.22967900000000000 0.018481
57.7551020000000000 0.23090200000000000 0.019094
57.8571430000000000 0.27459000000000000 0.020716
57.9591840000000000 0.22807200000000000 0.018626
58.0612240000000000 0.26601300000000000 0.020730
58.1632650000000000 0.26490500000000000 0.020676
58.2653060000000000 0.29365700000000000 0.021803
58.3673470000000000 0.28465200000000000 0.021990
58.4693880000000000 0.26933700000000000 0.020892
58.5714290000000000 0.25461100000000000 0.020077
58.6734690000000000 0.26167500000000000 0.019939
58.7755100000000000 0.23143000000000000 0.019275
58.8775510000000000 0.16704400000000000 0.015772
58.9795920000000000 0.06956700000000000 0.009544
59.0816330000000000 0.06223200000000000 0.009302
59.1836730000000000 0.08105100000000000 0.010996
59.2857140000000000 0.17806400000000000 0.016109
59.3877550000000000 0.23465100000000000 0.019386
59.4897960000000000 0.26285400000000000 0.020916
59.5918370000000000 0.22401000000000000 0.018519
59.6938780000000000 0.25022900000000000 0.020113
59.7959180000000000 0.24994900000000000 0.019716
59.8979590000000000 0.26810100000000000 0.020476
60.0000000000000000 0.25676000000000000 0.020513
