55.0000000000000000 0.28534000000000000 0.021197
55.1020410000000000 0.24456000000000000 0.018986
55.2040820000000000 0.25732300000000000 0.019505
55.3061220000000000 0.26631900000000000 0.020441
55.4081630000000000 0.25955900000000000 0.020064
55.5102040000000000 0.24234800000000000 0.019064
55.6122450000000000 0.24238300000000000 0.018445
55.7142860000000000 0.19136600000000000 0.016544
55.8163270000000000 0.22242600000000000 0.018168
55.9183670000000000 0.21484200000000000 0.017460
56.0204080000000000 0.24969400000000000 0.019270
56.1224490000000000 0.28010200000000000 0.021135
56.2244900000000000 0.27063800000000000 0.020537
56.3265310000000000 0.25102700000000000 0.019729
56.4285710000000000 0.27428100000000000 0.020580
56.5306120000000000 0.25425700000000000 0.019886
56.6326530000000000 0.25838400000000000 0.019888
56.7346940000000000 0.27465700000000000 0.021064
56.8367350000000000 0.25202500000000000 0.019429
56.9387760000000000 0.27421600000000000 0.021432
57.0408160000000000 0.27493600000000000 0.020562
57.1428570000000000 0.27954700000000000 0.021014
57.2448980000000000 0.27304500000000000 0.020551
57.3469390000000000 0.28487300000000000 0.021342
57.4489800000000000 0.25234500000000000 0.019684
57.5510200000000000 0.24357100000000000 0.019247
57.6530610000000000 0.28549200000000000 0.021173
57.7551020000000000 0.24546600000000000 0.019823
57.8571430000000000 0.23749800000000000 0.018921
57.9591840000000000 0.28425100000000000 0.021365
58.0612240000000000 0.26490500000000000 0.020676
58.1632650000000000 0.25050200000000000 0.019968
58.2653060000000000 0.25912300000000000 0.020143
58.3673470000000000 0.24908600000000000 0.020229
58.4693880000000000 0.29925000000000000 0.022337
58.5714290000000000 0.24802900000000000 0.019753
58.6734690000000000 0.24500100000000000 0.019137
58.7755100000000000 0.21889600000000000 0.018636
58.8775510000000000 0.13231500000000000 0.013845
58.9795920000000000 0.07889700000000000 0.010153
59.0816330000000000 0.07640000000000000 0.010265
59.1836730000000000 0.13031200000000000 0.014055
59.2857140000000000 0.18240400000000000 0.016336
59.3877550000000000 0.25731200000000000 0.020519
59.4897960000000000 0.22040300000000000 0.018775
59.5918370000000000 0.28735600000000000 0.021622
59.6938780000000000 0.27050800000000000 0.021114
59.7959180000000000 0.28347700000000000 0.021339
59.8979590000000000 0.24567900000000000 0.019389
60.0000000000000000 0.28287900000000000 0.021798
