55.0000000000000000 0.25893000000000000 0.019934
55.1020410000000000 0.26304800000000000 0.019871
55.2040820000000000 0.27460700000000000 0.020323
55.3061220000000000 0.28456700000000000 0.021317
55.4081630000000000 0.24781500000000000 0.019493
55.5102040000000000 0.26227300000000000 0.020026
55.6122450000000000 0.25899100000000000 0.019227
55.7142860000000000 0.19662000000000000 0.016812
55.8163270000000000 0.20442900000000000 0.017267
55.9183670000000000 0.22705400000000000 0.018058
56.0204080000000000 0.24247500000000000 0.018922
56.1224490000000000 0.27148700000000000 0.020721
56.2244900000000000 0.30034300000000000 0.021947
56.3265310000000000 0.24564200000000000 0.019465
56.4285710000000000 0.26904900000000000 0.020331
56.5306120000000000 0.26071800000000000 0.020201
56.6326530000000000 0.25627600000000000 0.019787
56.7346940000000000 0.30211200000000000 0.022383
56.8367350000000000 0.27586900000000000 0.020566
56.9387760000000000 0.27193100000000000 0.021319
57.0408160000000000 0.25411500000000000 0.019567
57.1428570000000000 0.28381300000000000 0.021217
57.2448980000000000 0.25310000000000000 0.019595
57.3469390000000000 0.26015800000000000 0.020153
57.4489800000000000 0.25979500000000000 0.020045
57.5510200000000000 0.28503400000000000 0.021244
57.6530610000000000 0.27390800000000000 0.020622
57.7551020000000000 0.30708400000000000 0.022829
57.8571430000000000 0.25975300000000000 0.020003
57.9591840000000000 0.29073400000000000 0.021675
58.0612240000000000 0.27376800000000000 0.021108
58.1632650000000000 0.28595500000000000 0.021698
58.2653060000000000 0.25588500000000000 0.019986
58.3673470000000000 0.25252800000000000 0.020402
58.4693880000000000 0.26490500000000000 0.020676
58.5714290000000000 0.25132000000000000 0.019915
58.6734690000000000 0.24500100000000000 0.019137
58.7755100000000000 0.20408300000000000 0.017872
58.8775510000000000 0.17040500000000000 0.015953
58.9795920000000000 0.09548400000000000 0.011186
59.0816330000000000 0.10582400000000000 0.012112
59.1836730000000000 0.12092900000000000 0.013501
59.2857140000000000 0.18240400000000000 0.016336
59.3877550000000000 0.24824800000000000 0.020068
59.4897960000000000 0.24334900000000000 0.019941
59.5918370000000000 0.27206500000000000 0.020885
59.6938780000000000 0.22657000000000000 0.018926
59.7959180000000000 0.28239600000000000 0.021287
59.8979590000000000 0.29265700000000000 0.021648
60.0000000000000000 0.28401400000000000 0.021854
