55.0000000000000000 0.24942200000000000 0.019474
55.1020410000000000 0.29283400000000000 0.021275
55.2040820000000000 0.30205700000000000 0.021603
55.3061220000000000 0.31462300000000000 0.022739
55.4081630000000000 0.29052200000000000 0.021547
55.5102040000000000 0.28744000000000000 0.021224
55.6122450000000000 0.29611500000000000 0.020944
55.7142860000000000 0.24495900000000000 0.019210
55.8163270000000000 0.22136700000000000 0.018116
55.9183670000000000 0.23824900000000000 0.018601
56.0204080000000000 0.26413300000000000 0.019961
56.1224490000000000 0.25425700000000000 0.019886
56.2244900000000000 0.29609900000000000 0.021747
56.3265310000000000 0.24348800000000000 0.019360
56.4285710000000000 0.21568000000000000 0.017734
56.5306120000000000 0.23918100000000000 0.019148
56.6326530000000000 0.22992100000000000 0.018502
56.7346940000000000 0.23732000000000000 0.019233
56.8367350000000000 0.20641000000000000 0.017194
56.9387760000000000 0.20683400000000000 0.018034
57.0408160000000000 0.16979400000000000 0.015357
57.1428570000000000 0.07583700000000000 0.010110
57.2448980000000000 0.02110500000000000 0.005826
57.3469390000000000 -0.0052600000000000 0.002415
57.4489800000000000 -0.0009530000000000 0.003198
57.5510200000000000 -0.0062670000000000 0.002143
57.6530610000000000 0.00221700000000000 0.003656
57.7551020000000000 0.00011800000000000 0.003549
57.8571430000000000 0.00435000000000000 0.003977
57.9591840000000000 -0.0042080000000000 0.002655
58.0612240000000000 0.00787200000000000 0.004589
58.1632650000000000 0.01119500000000000 0.004987
58.2653060000000000 0.03248900000000000 0.006970
58.3673470000000000 0.04945500000000000 0.008625
58.4693880000000000 0.07102200000000000 0.009996
58.5714290000000000 0.10432700000000000 0.012063
58.6734690000000000 0.11161300000000000 0.012173
58.7755100000000000 0.08671900000000000 0.011196
58.8775510000000000 0.08862200000000000 0.011217
58.9795920000000000 0.04779700000000000 0.008014
59.0816330000000000 0.04479600000000000 0.008016
59.1836730000000000 0.06697700000000000 0.010030
59.2857140000000000 0.11621500000000000 0.012699
59.3877550000000000 0.16440500000000000 0.015717
59.4897960000000000 0.17795300000000000 0.016549
59.5918370000000000 0.18687600000000000 0.016622
59.6938780000000000 0.19953100000000000 0.017538
59.7959180000000000 0.20885100000000000 0.017670
59.8979590000000000 0.19229500000000000 0.016719
60.0000000000000000 0.22155700000000000 0.018742
