55.0000000000000000 0.29696100000000000 0.021746
55.1020410000000000 0.24558700000000000 0.019036
55.2040820000000000 0.28375700000000000 0.020752
55.3061220000000000 0.27383300000000000 0.020803
55.4081630000000000 0.26596500000000000 0.020373
55.5102040000000000 0.26437000000000000 0.020127
55.6122450000000000 0.25117600000000000 0.018860
55.7142860000000000 0.22604400000000000 0.018284
55.8163270000000000 0.21713300000000000 0.017905
55.9183670000000000 0.24435500000000000 0.018895
56.0204080000000000 0.24350600000000000 0.018972
56.1224490000000000 0.25102700000000000 0.019729
56.2244900000000000 0.29928200000000000 0.021897
56.3265310000000000 0.29733200000000000 0.021956
56.4285710000000000 0.26591000000000000 0.020181
56.5306120000000000 0.25964200000000000 0.020148
56.6326530000000000 0.26892600000000000 0.020394
56.7346940000000000 0.27905000000000000 0.021277
56.8367350000000000 0.28416200000000000 0.020958
56.9387760000000000 0.26051100000000000 0.020755
57.0408160000000000 0.27493600000000000 0.020562
57.1428570000000000 0.27208100000000000 0.020657
57.2448980000000000 0.26359800000000000 0.020100
57.3469390000000000 0.27735100000000000 0.020982
57.4489800000000000 0.25873100000000000 0.019994
57.5510200000000000 0.27227600000000000 0.020636
57.6530610000000000 0.26653700000000000 0.020270
57.7551020000000000 0.26451200000000000 0.020765
57.8571430000000000 0.26823100000000000 0.020411
57.9591840000000000 0.26588500000000000 0.020482
58.0612240000000000 0.25050200000000000 0.019968
58.1632650000000000 0.27044400000000000 0.020946
58.2653060000000000 0.28178600000000000 0.021237
58.3673470000000000 0.28809400000000000 0.022158
58.4693880000000000 0.27155200000000000 0.021000
58.5714290000000000 0.26887100000000000 0.020773
58.6734690000000000 0.26167500000000000 0.019939
58.7755100000000000 0.24054600000000000 0.019735
58.8775510000000000 0.13567600000000000 0.014037
58.9795920000000000 0.09030100000000000 0.010869
59.0816330000000000 0.06005300000000000 0.009148
59.1836730000000000 0.11389200000000000 0.013078
59.2857140000000000 0.18674400000000000 0.016562
59.3877550000000000 0.21539000000000000 0.018406
59.4897960000000000 0.25826400000000000 0.020688
59.5918370000000000 0.24257700000000000 0.019444
59.6938780000000000 0.25360900000000000 0.020281
59.7959180000000000 0.26292800000000000 0.020349
59.8979590000000000 0.30653700000000000 0.022304
60.0000000000000000 0.25789600000000000 0.020570
