55.0000000000000000 0.25998600000000000 0.019985
55.1020410000000000 0.30413200000000000 0.021801
55.2040820000000000 0.28274000000000000 0.020704
55.3061220000000000 0.26524600000000000 0.020389
55.4081630000000000 0.27450700000000000 0.020783
55.5102040000000000 0.26646700000000000 0.020227
55.6122450000000000 0.23359100000000000 0.018027
55.7142860000000000 0.22079000000000000 0.018024
55.8163270000000000 0.19384200000000000 0.016730
55.9183670000000000 0.16802700000000000 0.015097
56.0204080000000000 0.17440600000000000 0.015527
56.1224490000000000 0.16272200000000000 0.015238
56.2244900000000000 0.10195700000000000 0.011713
56.3265310000000000 0.04534200000000000 0.008003
56.4285710000000000 0.00743500000000000 0.004334
56.5306120000000000 0.00549700000000000 0.004185
56.6326530000000000 0.00327300000000000 0.003811
56.7346940000000000 -0.0053760000000000 0.002468
56.8367350000000000 0.00010900000000000 0.003284
56.9387760000000000 0.00012000000000000 0.003618
57.0408160000000000 0.00323200000000000 0.003763
57.1428570000000000 0.00224500000000000 0.003703
57.2448980000000000 0.00325900000000000 0.003795
57.3469390000000000 0.02805100000000000 0.006564
57.4489800000000000 0.05439000000000000 0.008623
57.5510200000000000 0.07453200000000000 0.010006
57.6530610000000000 0.11068300000000000 0.012185
57.7551020000000000 0.10990800000000000 0.012533
57.8571430000000000 0.13470100000000000 0.013595
57.9591840000000000 0.15568700000000000 0.014883
58.0612240000000000 0.14857500000000000 0.014679
58.1632650000000000 0.14635900000000000 0.014556
58.2653060000000000 0.18789500000000000 0.016579
58.3673470000000000 0.19057300000000000 0.017222
58.4693880000000000 0.17738100000000000 0.016237
58.5714290000000000 0.20086000000000000 0.017382
58.6734690000000000 0.18143400000000000 0.015969
58.7755100000000000 0.16876000000000000 0.015998
58.8775510000000000 0.10094600000000000 0.011989
58.9795920000000000 0.07993400000000000 0.010220
59.0816330000000000 0.06986100000000000 0.009828
59.1836730000000000 0.08222400000000000 0.011074
59.2857140000000000 0.12598100000000000 0.013263
59.3877550000000000 0.17800100000000000 0.016450
59.4897960000000000 0.21581400000000000 0.018539
59.5918370000000000 0.23383900000000000 0.019010
59.6938780000000000 0.21530400000000000 0.018352
59.7959180000000000 0.22940000000000000 0.018702
59.8979590000000000 0.20831000000000000 0.017534
60.0000000000000000 0.24086200000000000 0.019719
