55.0000000000000000 0.26632500000000000 0.020290
55.1020410000000000 0.29180700000000000 0.021227
55.2040820000000000 0.30002300000000000 0.021509
55.3061220000000000 0.26846600000000000 0.020544
55.4081630000000000 0.26810100000000000 0.020476
55.5102040000000000 0.26227300000000000 0.020026
55.6122450000000000 0.24531400000000000 0.018584
55.7142860000000000 0.19662000000000000 0.016812
55.8163270000000000 0.21607400000000000 0.017852
55.9183670000000000 0.24028400000000000 0.018699
56.0204080000000000 0.29610500000000000 0.021468
56.1224490000000000 0.28225600000000000 0.021238
56.2244900000000000 0.27063800000000000 0.020537
56.3265310000000000 0.27902500000000000 0.021083
56.4285710000000000 0.26695600000000000 0.020231
56.5306120000000000 0.25856500000000000 0.020096
56.6326530000000000 0.27525100000000000 0.020697
56.7346940000000000 0.28234500000000000 0.021436
56.8367350000000000 0.24684100000000000 0.019179
56.9387760000000000 0.29591500000000000 0.022492
57.0408160000000000 0.30304300000000000 0.021884
57.1428570000000000 0.28488000000000000 0.021268
57.2448980000000000 0.26884600000000000 0.020351
57.3469390000000000 0.30314100000000000 0.022209
57.4489800000000000 0.27256600000000000 0.020660
57.5510200000000000 0.25845500000000000 0.019970
57.6530610000000000 0.23915700000000000 0.018946
57.7551020000000000 0.28355700000000000 0.021694
57.8571430000000000 0.28200800000000000 0.021069
57.9591840000000000 0.24751900000000000 0.019587
58.0612240000000000 0.26158100000000000 0.020513
58.1632650000000000 0.25161000000000000 0.020023
58.2653060000000000 0.23753900000000000 0.019086
58.3673470000000000 0.24793900000000000 0.020172
58.4693880000000000 0.25271800000000000 0.020077
58.5714290000000000 0.27545300000000000 0.021092
58.6734690000000000 0.25438000000000000 0.019589
58.7755100000000000 0.23257000000000000 0.019333
58.8775510000000000 0.13343500000000000 0.013909
58.9795920000000000 0.09030100000000000 0.010869
59.0816330000000000 0.09383600000000000 0.011380
59.1836730000000000 0.11858300000000000 0.013361
59.2857140000000000 0.21061600000000000 0.017787
59.3877550000000000 0.20519300000000000 0.017880
59.4897960000000000 0.26400100000000000 0.020973
59.5918370000000000 0.26114400000000000 0.020355
59.6938780000000000 0.27726800000000000 0.021445
59.7959180000000000 0.27158000000000000 0.020767
59.8979590000000000 0.25208500000000000 0.019701
60.0000000000000000 0.26584500000000000 0.020963
