55.0000000000000000 0.34766800000000000 0.024104
55.1020410000000000 0.33186400000000000 0.023079
55.2040820000000000 0.27867300000000000 0.020514
55.3061220000000000 0.31140300000000000 0.022587
55.4081630000000000 0.31080800000000000 0.022504
55.5102040000000000 0.32099700000000000 0.022794
55.6122450000000000 0.29416100000000000 0.020855
55.7142860000000000 0.27963800000000000 0.020875
55.8163270000000000 0.22242600000000000 0.018168
55.9183670000000000 0.27386800000000000 0.020298
56.0204080000000000 0.31673100000000000 0.022426
56.1224490000000000 0.32317800000000000 0.023174
56.2244900000000000 0.32262100000000000 0.022990
56.3265310000000000 0.31133200000000000 0.022618
56.4285710000000000 0.29625700000000000 0.021618
56.5306120000000000 0.29087100000000000 0.021649
56.6326530000000000 0.33323100000000000 0.023416
56.7346940000000000 0.27465700000000000 0.021064
56.8367350000000000 0.30074900000000000 0.021736
56.9387760000000000 0.28792000000000000 0.022103
57.0408160000000000 0.23954100000000000 0.018862
57.1428570000000000 0.21875400000000000 0.018049
57.2448980000000000 0.18171700000000000 0.016040
57.3469390000000000 0.12046400000000000 0.012882
57.4489800000000000 0.07780400000000000 0.010226
57.5510200000000000 0.03519500000000000 0.007134
57.6530610000000000 0.01169400000000000 0.004860
57.7551020000000000 -0.0021230000000000 0.003175
57.8571430000000000 0.00647000000000000 0.004256
57.9591840000000000 0.00335400000000000 0.003905
58.0612240000000000 -0.0021000000000000 0.003140
58.1632650000000000 -0.0032070000000000 0.002939
58.2653060000000000 -0.0031240000000000 0.002862
58.3673470000000000 -0.0021740000000000 0.003252
58.4693880000000000 -0.0032070000000000 0.002939
58.5714290000000000 -0.0020790000000000 0.003109
58.6734690000000000 0.01157200000000000 0.004809
58.7755100000000000 0.01151400000000000 0.005129
58.8775510000000000 0.01916300000000000 0.005889
58.9795920000000000 0.01565900000000000 0.005234
59.0816330000000000 0.01319200000000000 0.005151
59.1836730000000000 0.02592600000000000 0.006739
59.2857140000000000 0.05545200000000000 0.008796
59.3877550000000000 0.08962600000000000 0.011349
59.4897960000000000 0.13550300000000000 0.014197
59.5918370000000000 0.11806900000000000 0.012850
59.6938780000000000 0.14207300000000000 0.014439
59.7959180000000000 0.18397500000000000 0.016392
59.8979590000000000 0.16773800000000000 0.015440
60.0000000000000000 0.16023600000000000 0.015506
