55.0000000000000000 0.28322700000000000 0.021096
55.1020410000000000 0.26202100000000000 0.019822
55.2040820000000000 0.25325700000000000 0.019312
55.3061220000000000 0.26739300000000000 0.020493
55.4081630000000000 0.28731900000000000 0.021395
55.5102040000000000 0.25807800000000000 0.019825
55.6122450000000000 0.23652100000000000 0.018167
55.7142860000000000 0.24706100000000000 0.019312
55.8163270000000000 0.22771900000000000 0.018430
55.9183670000000000 0.22909000000000000 0.018157
56.0204080000000000 0.25485100000000000 0.019518
56.1224490000000000 0.25856500000000000 0.020096
56.2244900000000000 0.25578500000000000 0.019822
56.3265310000000000 0.26933400000000000 0.020617
56.4285710000000000 0.25963100000000000 0.019880
56.5306120000000000 0.28764100000000000 0.021495
56.6326530000000000 0.27103400000000000 0.020495
56.7346940000000000 0.26147900000000000 0.020423
56.8367350000000000 0.25409800000000000 0.019528
56.9387760000000000 0.27878400000000000 0.021656
57.0408160000000000 0.26764800000000000 0.020215
57.1428570000000000 0.26994800000000000 0.020554
57.2448980000000000 0.28984100000000000 0.021347
57.3469390000000000 0.25908400000000000 0.020101
57.4489800000000000 0.27256600000000000 0.020660
57.5510200000000000 0.25101300000000000 0.019610
57.6530610000000000 0.28022600000000000 0.020923
57.7551020000000000 0.27795500000000000 0.021422
57.8571430000000000 0.25975300000000000 0.020003
57.9591840000000000 0.29181400000000000 0.021726
58.0612240000000000 0.30146600000000000 0.022443
58.1632650000000000 0.27709200000000000 0.021269
58.2653060000000000 0.24509300000000000 0.019458
58.3673470000000000 0.22958200000000000 0.019244
58.4693880000000000 0.26601300000000000 0.020730
58.5714290000000000 0.25351400000000000 0.020023
58.6734690000000000 0.26480100000000000 0.020089
58.7755100000000000 0.20180400000000000 0.017753
58.8775510000000000 0.15584100000000000 0.015162
58.9795920000000000 0.08304400000000000 0.010417
59.0816330000000000 0.08402800000000000 0.010761
59.1836730000000000 0.11271900000000000 0.013007
59.2857140000000000 0.17155400000000000 0.015765
59.3877550000000000 0.24484900000000000 0.019898
59.4897960000000000 0.24908600000000000 0.020229
59.5918370000000000 0.24803800000000000 0.019713
59.6938780000000000 0.26262200000000000 0.020726
59.7959180000000000 0.29429300000000000 0.021855
59.8979590000000000 0.26703300000000000 0.020424
60.0000000000000000 0.25108200000000000 0.020231
