55.0000000000000000 0.27900200000000000 0.020895
55.1020410000000000 0.33083700000000000 0.023032
55.2040820000000000 0.29697300000000000 0.021368
55.3061220000000000 0.27383300000000000 0.020803
55.4081630000000000 0.28198100000000000 0.021141
55.5102040000000000 0.28534300000000000 0.021125
55.6122450000000000 0.26094500000000000 0.019318
55.7142860000000000 0.20607800000000000 0.017289
55.8163270000000000 0.22348400000000000 0.018221
55.9183670000000000 0.25962100000000000 0.019624
56.0204080000000000 0.27238400000000000 0.020352
56.1224490000000000 0.26071800000000000 0.020201
56.2244900000000000 0.26745500000000000 0.020384
56.3265310000000000 0.24995000000000000 0.019676
56.4285710000000000 0.21777300000000000 0.017838
56.5306120000000000 0.24995000000000000 0.019676
56.6326530000000000 0.18142900000000000 0.016058
56.7346940000000000 0.15385900000000000 0.014905
56.8367350000000000 0.12451200000000000 0.012878
56.9387760000000000 0.09376900000000000 0.011661
57.0408160000000000 0.03862700000000000 0.007323
57.1428570000000000 0.01504400000000000 0.005273
57.2448980000000000 0.00011000000000000 0.003326
57.3469390000000000 0.00226200000000000 0.003731
57.4489800000000000 -0.0020170000000000 0.003016
57.5510200000000000 -0.0030780000000000 0.002820
57.6530610000000000 0.00327000000000000 0.003807
57.7551020000000000 -0.0032430000000000 0.002971
57.8571430000000000 -0.0020080000000000 0.003003
57.9591840000000000 -0.0009670000000000 0.003247
58.0612240000000000 0.00011600000000000 0.003510
58.1632650000000000 0.00676400000000000 0.004450
58.2653060000000000 -0.0052830000000000 0.002425
58.3673470000000000 -0.0010270000000000 0.003448
58.4693880000000000 0.01008700000000000 0.004858
58.5714290000000000 0.01986000000000000 0.005875
58.6734690000000000 0.03554100000000000 0.007077
58.7755100000000000 0.03430300000000000 0.007364
58.8775510000000000 0.02028300000000000 0.006001
58.9795920000000000 0.01462200000000000 0.005124
59.0816330000000000 0.03389800000000000 0.007132
59.1836730000000000 0.03882800000000000 0.007882
59.2857140000000000 0.06630300000000000 0.009562
59.3877550000000000 0.11002100000000000 0.012614
59.4897960000000000 0.09649400000000000 0.011861
59.5918370000000000 0.12462200000000000 0.013229
59.6938780000000000 0.16685900000000000 0.015806
59.7959180000000000 0.14612200000000000 0.014369
59.8979590000000000 0.16346800000000000 0.015213
60.0000000000000000 0.14660900000000000 0.014752
