55.0000000000000000 0.32759600000000000 0.023177
55.1020410000000000 0.30926800000000000 0.022039
55.2040820000000000 0.30612300000000000 0.021791
55.3061220000000000 0.30603600000000000 0.022335
55.4081630000000000 0.25635600000000000 0.019909
55.5102040000000000 0.25807800000000000 0.019825
55.6122450000000000 0.22870600000000000 0.017794
55.7142860000000000 0.18085700000000000 0.016004
55.8163270000000000 0.20019400000000000 0.017053
55.9183670000000000 0.16701000000000000 0.015044
56.0204080000000000 0.18781300000000000 0.016215
56.1224490000000000 0.18102900000000000 0.016204
56.2244900000000000 0.15075700000000000 0.014484
56.3265310000000000 0.13903100000000000 0.013947
56.4285710000000000 0.11835900000000000 0.012589
56.5306120000000000 0.09703200000000000 0.011506
56.6326530000000000 0.07074100000000000 0.009710
56.7346940000000000 0.03635500000000000 0.007373
56.8367350000000000 0.04468700000000000 0.007779
56.9387760000000000 0.01725100000000000 0.005768
57.0408160000000000 0.01156000000000000 0.004804
57.1428570000000000 -0.0030880000000000 0.002829
57.2448980000000000 -0.0040890000000000 0.002580
57.3469390000000000 0.00548600000000000 0.004176
57.4489800000000000 -0.0009530000000000 0.003198
57.5510200000000000 0.00117500000000000 0.003533
57.6530610000000000 -0.0041020000000000 0.002588
57.7551020000000000 -0.0010030000000000 0.003367
57.8571430000000000 0.00011100000000000 0.003357
57.9591840000000000 0.00443500000000000 0.004055
58.0612240000000000 -0.0054230000000000 0.002490
58.1632650000000000 -0.0021000000000000 0.003140
58.2653060000000000 0.00658800000000000 0.004334
58.3673470000000000 -0.0021740000000000 0.003252
58.4693880000000000 0.00344000000000000 0.004005
58.5714290000000000 0.00230900000000000 0.003808
58.6734690000000000 -0.0019750000000000 0.002953
58.7755100000000000 0.00239800000000000 0.003956
58.8775510000000000 0.00011800000000000 0.003549
58.9795920000000000 -0.0030010000000000 0.002750
59.0816330000000000 -0.0020650000000000 0.003088
59.1836730000000000 0.00012300000000000 0.003716
59.2857140000000000 -0.0020560000000000 0.003075
59.3877550000000000 0.00125200000000000 0.003765
59.4897960000000000 0.00126800000000000 0.003813
59.5918370000000000 -0.0020700000000000 0.003095
59.6938780000000000 0.00687800000000000 0.004525
59.7959180000000000 0.00444000000000000 0.004059
59.8979590000000000 0.00224700000000000 0.003707
60.0000000000000000 0.01147500000000000 0.005112
