55.0000000000000000 0.27266300000000000 0.020593
55.1020410000000000 0.26715600000000000 0.020066
55.2040820000000000 0.25630700000000000 0.019457
55.3061220000000000 0.27490700000000000 0.020854
55.4081630000000000 0.25422100000000000 0.019805
55.5102040000000000 0.27380800000000000 0.020578
55.6122450000000000 0.25410600000000000 0.018998
55.7142860000000000 0.20502700000000000 0.017236
55.8163270000000000 0.18325600000000000 0.016186
55.9183670000000000 0.24639000000000000 0.018992
56.0204080000000000 0.26929000000000000 0.020206
56.1224490000000000 0.26502600000000000 0.020409
56.2244900000000000 0.26427200000000000 0.020231
56.3265310000000000 0.26394900000000000 0.020357
56.4285710000000000 0.26172400000000000 0.019981
56.5306120000000000 0.26718000000000000 0.020513
56.6326530000000000 0.26576300000000000 0.020243
56.7346940000000000 0.27246100000000000 0.020958
56.8367350000000000 0.26550200000000000 0.020074
56.9387760000000000 0.27307300000000000 0.021375
57.0408160000000000 0.28430500000000000 0.021005
57.1428570000000000 0.24541700000000000 0.019366
57.2448980000000000 0.25729900000000000 0.019797
57.3469390000000000 0.27090400000000000 0.020672
57.4489800000000000 0.26298800000000000 0.020199
57.5510200000000000 0.27546600000000000 0.020788
57.6530610000000000 0.25705900000000000 0.019815
57.7551020000000000 0.28019600000000000 0.021531
57.8571430000000000 0.29366600000000000 0.021622
57.9591840000000000 0.27560800000000000 0.020951
58.0612240000000000 0.28595500000000000 0.021698
58.1632650000000000 0.24496300000000000 0.019694
58.2653060000000000 0.26236000000000000 0.020301
58.3673470000000000 0.29038900000000000 0.022270
58.4693880000000000 0.26712100000000000 0.020784
58.5714290000000000 0.26558000000000000 0.020613
58.6734690000000000 0.26584300000000000 0.020139
58.7755100000000000 0.21433900000000000 0.018402
58.8775510000000000 0.13455500000000000 0.013973
58.9795920000000000 0.08408100000000000 0.010482
59.0816330000000000 0.06114300000000000 0.009225
59.1836730000000000 0.09747200000000000 0.012062
59.2857140000000000 0.16504300000000000 0.015419
59.3877550000000000 0.21765600000000000 0.018522
59.4897960000000000 0.24679100000000000 0.020114
59.5918370000000000 0.25677500000000000 0.020142
59.6938780000000000 0.27050800000000000 0.021114
59.7959180000000000 0.29645600000000000 0.021958
59.8979590000000000 0.24034100000000000 0.019127
60.0000000000000000 0.24881100000000000 0.020117
