55.0000000000000000 0.28111500000000000 0.020996
55.1020410000000000 0.27742700000000000 0.020552
55.2040820000000000 0.27664000000000000 0.020418
55.3061220000000000 0.31355000000000000 0.022688
55.4081630000000000 0.26810100000000000 0.020476
55.5102040000000000 0.26437000000000000 0.020127
55.6122450000000000 0.24336000000000000 0.018491
55.7142860000000000 0.21343400000000000 0.017658
55.8163270000000000 0.18960800000000000 0.016513
55.9183670000000000 0.23824900000000000 0.018601
56.0204080000000000 0.25691300000000000 0.019616
56.1224490000000000 0.28117900000000000 0.021186
56.2244900000000000 0.25154200000000000 0.019616
56.3265310000000000 0.25964200000000000 0.020148
56.4285710000000000 0.27637400000000000 0.020680
56.5306120000000000 0.27794900000000000 0.021032
56.6326530000000000 0.24784200000000000 0.019378
56.7346940000000000 0.27795200000000000 0.021224
56.8367350000000000 0.25098800000000000 0.019379
56.9387760000000000 0.28677800000000000 0.022047
57.0408160000000000 0.28014100000000000 0.020808
57.1428570000000000 0.25714900000000000 0.019937
57.2448980000000000 0.26569700000000000 0.020200
57.3469390000000000 0.27090400000000000 0.020672
57.4489800000000000 0.26724500000000000 0.020404
57.5510200000000000 0.29247600000000000 0.021597
57.6530610000000000 0.26337700000000000 0.020119
57.7551020000000000 0.26003000000000000 0.020544
57.8571430000000000 0.29260600000000000 0.021572
57.9591840000000000 0.25292100000000000 0.019851
58.0612240000000000 0.25050200000000000 0.019968
58.1632650000000000 0.27820000000000000 0.021323
58.2653060000000000 0.22566700000000000 0.018497
58.3673470000000000 0.26170600000000000 0.020859
58.4693880000000000 0.25825700000000000 0.020350
58.5714290000000000 0.27655000000000000 0.021145
58.6734690000000000 0.24395900000000000 0.019086
58.7755100000000000 0.23484900000000000 0.019448
58.8775510000000000 0.13455500000000000 0.013973
58.9795920000000000 0.08615400000000000 0.010612
59.0816330000000000 0.06114300000000000 0.009225
59.1836730000000000 0.11741000000000000 0.013290
59.2857140000000000 0.16938300000000000 0.015650
59.3877550000000000 0.22218800000000000 0.018754
59.4897960000000000 0.26744300000000000 0.021143
59.5918370000000000 0.28189500000000000 0.021360
59.6938780000000000 0.28177400000000000 0.021664
59.7959180000000000 0.26725400000000000 0.020558
59.8979590000000000 0.26596500000000000 0.020373
60.0000000000000000 0.27947200000000000 0.021632
