55.0000000000000000 0.29590400000000000 0.021696
55.1020410000000000 0.31337600000000000 0.022229
55.2040820000000000 0.32544000000000000 0.022680
55.3061220000000000 0.31355000000000000 0.022688
55.4081630000000000 0.29799600000000000 0.021901
55.5102040000000000 0.27905100000000000 0.020827
55.6122450000000000 0.26778300000000000 0.019637
55.7142860000000000 0.25757000000000000 0.019820
55.8163270000000000 0.22136700000000000 0.018116
55.9183670000000000 0.25860300000000000 0.019576
56.0204080000000000 0.26413300000000000 0.019961
56.1224490000000000 0.27364100000000000 0.020825
56.2244900000000000 0.28442900000000000 0.021195
56.3265310000000000 0.27148700000000000 0.020721
56.4285710000000000 0.24079500000000000 0.018970
56.5306120000000000 0.26287200000000000 0.020305
56.6326530000000000 0.21938000000000000 0.017981
56.7346940000000000 0.17472400000000000 0.016027
56.8367350000000000 0.17116300000000000 0.015397
56.9387760000000000 0.10633200000000000 0.012442
57.0408160000000000 0.07818500000000000 0.010130
57.1428570000000000 0.03957400000000000 0.007506
57.2448980000000000 0.00535900000000000 0.004080
57.3469390000000000 -0.0009620000000000 0.003229
57.4489800000000000 -0.0030810000000000 0.002823
57.5510200000000000 0.00117500000000000 0.003533
57.6530610000000000 0.00011000000000000 0.003336
57.7551020000000000 -0.0043640000000000 0.002754
57.8571430000000000 -0.0020080000000000 0.003003
57.9591840000000000 0.00335400000000000 0.003905
58.0612240000000000 0.00676400000000000 0.004450
58.1632650000000000 0.00233200000000000 0.003846
58.2653060000000000 0.00443000000000000 0.004050
58.3673470000000000 0.01044600000000000 0.005031
58.4693880000000000 0.02338200000000000 0.006258
58.5714290000000000 0.03521800000000000 0.007273
58.6734690000000000 0.04804600000000000 0.008056
58.7755100000000000 0.04569800000000000 0.008299
58.8775510000000000 0.04044900000000000 0.007800
58.9795920000000000 0.03017300000000000 0.006603
59.0816330000000000 0.02626900000000000 0.006460
59.1836730000000000 0.04117400000000000 0.008076
59.2857140000000000 0.07715300000000000 0.010291
59.3877550000000000 0.11228700000000000 0.012750
59.4897960000000000 0.14468100000000000 0.014719
59.5918370000000000 0.12899100000000000 0.013479
59.6938780000000000 0.15784600000000000 0.015315
59.7959180000000000 0.17640500000000000 0.015996
59.8979590000000000 0.17307700000000000 0.015721
60.0000000000000000 0.15001600000000000 0.014942
