55.0000000000000000 0.32970900000000000 0.023275
55.1020410000000000 0.32570100000000000 0.022797
55.2040820000000000 0.32137300000000000 0.022493
55.3061220000000000 0.35756000000000000 0.024735
55.4081630000000000 0.30547000000000000 0.022253
55.5102040000000000 0.29058600000000000 0.021372
55.6122450000000000 0.26289900000000000 0.019410
55.7142860000000000 0.24180700000000000 0.019056
55.8163270000000000 0.21607400000000000 0.017852
55.9183670000000000 0.23519600000000000 0.018453
56.0204080000000000 0.24453700000000000 0.019022
56.1224490000000000 0.24887300000000000 0.019624
56.2244900000000000 0.23987200000000000 0.019047
56.3265310000000000 0.18856700000000000 0.016596
56.4285710000000000 0.13091700000000000 0.013299
56.5306120000000000 0.08411000000000000 0.010698
56.6326530000000000 0.04649400000000000 0.007993
56.7346940000000000 0.00341000000000000 0.003970
56.8367350000000000 0.00218200000000000 0.003599
56.9387760000000000 -0.0021640000000000 0.003237
57.0408160000000000 -0.0050960000000000 0.002339
57.1428570000000000 0.01077700000000000 0.004800
57.2448980000000000 -0.0040890000000000 0.002580
57.3469390000000000 0.00011300000000000 0.003404
57.4489800000000000 -0.0030810000000000 0.002823
57.5510200000000000 -0.0009520000000000 0.003195
57.6530610000000000 -0.0051550000000000 0.002366
57.7551020000000000 0.00347800000000000 0.004050
57.8571430000000000 0.01070900000000000 0.004770
57.9591840000000000 0.02496200000000000 0.006304
58.0612240000000000 0.04000100000000000 0.007712
58.1632650000000000 0.05551100000000000 0.008904
58.2653060000000000 0.08752900000000000 0.010928
58.3673470000000000 0.10682000000000000 0.012501
58.4693880000000000 0.11533800000000000 0.012784
58.5714290000000000 0.12187800000000000 0.013101
58.6734690000000000 0.13766600000000000 0.013644
58.7755100000000000 0.10836800000000000 0.012551
58.8775510000000000 0.07966000000000000 0.010636
58.9795920000000000 0.05090700000000000 0.008244
59.0816330000000000 0.06223200000000000 0.009302
59.1836730000000000 0.08457000000000000 0.011229
59.2857140000000000 0.11621500000000000 0.012699
59.3877550000000000 0.15874000000000000 0.015407
59.4897960000000000 0.18942600000000000 0.017161
59.5918370000000000 0.19124500000000000 0.016849
59.6938780000000000 0.21643000000000000 0.018409
59.7959180000000000 0.18181200000000000 0.016280
59.8979590000000000 0.24567900000000000 0.019389
60.0000000000000000 0.20906600000000000 0.018100
