55.0000000000000000 0.11525900000000000 0.012471
55.1020410000000000 0.08535800000000000 0.010511
55.2040820000000000 0.06517300000000000 0.009151
55.3061220000000000 0.04841600000000000 0.008223
55.4081630000000000 0.02039800000000000 0.005823
55.5102040000000000 0.00640200000000000 0.004211
55.6122450000000000 -0.0008740000000000 0.002936
55.7142860000000000 -0.0019910000000000 0.002978
55.8163270000000000 0.00011100000000000 0.003354
55.9183670000000000 0.00316000000000000 0.003679
56.0204080000000000 -0.0050490000000000 0.002318
56.1224490000000000 -0.0041950000000000 0.002647
56.2244900000000000 -0.0009500000000000 0.003188
56.3265310000000000 0.00442100000000000 0.004041
56.4285710000000000 -0.0040760000000000 0.002572
56.5306120000000000 0.00119000000000000 0.003579
56.6326530000000000 -0.0030520000000000 0.002796
56.7346940000000000 -0.0064740000000000 0.002214
56.8367350000000000 0.00218200000000000 0.003599
56.9387760000000000 -0.0021640000000000 0.003237
57.0408160000000000 0.00427300000000000 0.003907
57.1428570000000000 0.00011200000000000 0.003379
57.2448980000000000 0.00221000000000000 0.003644
57.3469390000000000 0.00226200000000000 0.003731
57.4489800000000000 0.00330400000000000 0.003847
57.5510200000000000 0.00649000000000000 0.004270
57.6530610000000000 0.01274700000000000 0.004977
57.7551020000000000 0.00683900000000000 0.004499
57.8571430000000000 0.01918700000000000 0.005675
57.9591840000000000 0.03036400000000000 0.006791
58.0612240000000000 0.03335300000000000 0.007158
58.1632650000000000 0.04775600000000000 0.008323
58.2653060000000000 0.05299400000000000 0.008589
58.3673470000000000 0.05633800000000000 0.009144
58.4693880000000000 0.06105100000000000 0.009304
58.5714290000000000 0.07032100000000000 0.009895
58.6734690000000000 0.07097200000000000 0.009665
58.7755100000000000 0.05595300000000000 0.009080
58.8775510000000000 0.05165200000000000 0.008674
58.9795920000000000 0.02084300000000000 0.005753
59.0816330000000000 0.01537100000000000 0.005388
59.1836730000000000 0.03882800000000000 0.007882
59.2857140000000000 0.05870700000000000 0.009030
59.3877550000000000 0.10095700000000000 0.012060
59.4897960000000000 0.12976600000000000 0.013866
59.5918370000000000 0.12025400000000000 0.012977
59.6938780000000000 0.10827400000000000 0.012471
59.7959180000000000 0.12340900000000000 0.013094
59.8979590000000000 0.14638500000000000 0.014292
60.0000000000000000 0.15001600000000000 0.014942
