55.0000000000000000 0.28111500000000000 0.020996
55.1020410000000000 0.27023700000000000 0.020212
55.2040820000000000 0.30612300000000000 0.021791
55.3061220000000000 0.28027400000000000 0.021111
55.4081630000000000 0.29372500000000000 0.021699
55.5102040000000000 0.28324600000000000 0.021026
55.6122450000000000 0.25117600000000000 0.018860
55.7142860000000000 0.24180700000000000 0.019056
55.8163270000000000 0.20866300000000000 0.017481
55.9183670000000000 0.24944400000000000 0.019139
56.0204080000000000 0.27444600000000000 0.020450
56.1224490000000000 0.25856500000000000 0.020096
56.2244900000000000 0.26745500000000000 0.020384
56.3265310000000000 0.27902500000000000 0.021083
56.4285710000000000 0.26277000000000000 0.020031
56.5306120000000000 0.22087400000000000 0.018239
56.6326530000000000 0.21094600000000000 0.017560
56.7346940000000000 0.18570600000000000 0.016605
56.8367350000000000 0.16183300000000000 0.014908
56.9387760000000000 0.15087200000000000 0.015032
57.0408160000000000 0.09796400000000000 0.011360
57.1428570000000000 0.06943700000000000 0.009684
57.2448980000000000 0.03370200000000000 0.006956
57.3469390000000000 0.00441100000000000 0.004033
57.4489800000000000 0.00649700000000000 0.004274
57.5510200000000000 0.00117500000000000 0.003533
57.6530610000000000 0.00116400000000000 0.003499
57.7551020000000000 -0.0043640000000000 0.002754
57.8571430000000000 -0.0030680000000000 0.002811
57.9591840000000000 -0.0020470000000000 0.003062
58.0612240000000000 0.00011600000000000 0.003510
58.1632650000000000 0.00011600000000000 0.003510
58.2653060000000000 -0.0042040000000000 0.002652
58.3673470000000000 -0.0044690000000000 0.002820
58.4693880000000000 -0.0032070000000000 0.002939
58.5714290000000000 0.00340600000000000 0.003965
58.6734690000000000 0.01886700000000000 0.005579
58.7755100000000000 0.01949000000000000 0.005990
58.8775510000000000 0.01692200000000000 0.005658
58.9795920000000000 0.01980600000000000 0.005653
59.0816330000000000 0.02082000000000000 0.005944
59.1836730000000000 0.04469200000000000 0.008361
59.2857140000000000 0.07389800000000000 0.010075
59.3877550000000000 0.07263100000000000 0.010229
59.4897960000000000 0.10796700000000000 0.012571
59.5918370000000000 0.11479300000000000 0.012658
59.6938780000000000 0.13306000000000000 0.013927
59.7959180000000000 0.12232800000000000 0.013032
59.8979590000000000 0.13997900000000000 0.013939
60.0000000000000000 0.15910000000000000 0.015444
