55.0000000000000000 0.28005800000000000 0.020946
55.1020410000000000 0.25483100000000000 0.019479
55.2040820000000000 0.26037300000000000 0.019650
55.3061220000000000 0.28349400000000000 0.021265
55.4081630000000000 0.24674700000000000 0.019441
55.5102040000000000 0.23186200000000000 0.018552
55.6122450000000000 0.24433700000000000 0.018538
55.7142860000000000 0.23655200000000000 0.018800
55.8163270000000000 0.19172500000000000 0.016621
55.9183670000000000 0.19550500000000000 0.016499
56.0204080000000000 0.24660000000000000 0.019121
56.1224490000000000 0.27148700000000000 0.020721
56.2244900000000000 0.26427200000000000 0.020231
56.3265310000000000 0.22733500000000000 0.018561
56.4285710000000000 0.26067700000000000 0.019930
56.5306120000000000 0.26502600000000000 0.020409
56.6326530000000000 0.24995100000000000 0.019481
56.7346940000000000 0.28563900000000000 0.021594
56.8367350000000000 0.26964900000000000 0.020271
56.9387760000000000 0.28792000000000000 0.022103
57.0408160000000000 0.27181300000000000 0.020413
57.1428570000000000 0.26888100000000000 0.020503
57.2448980000000000 0.27409500000000000 0.020601
57.3469390000000000 0.26123300000000000 0.020205
57.4489800000000000 0.28640200000000000 0.021320
57.5510200000000000 0.26908700000000000 0.020483
57.6530610000000000 0.27180200000000000 0.020522
57.7551020000000000 0.26899300000000000 0.020984
57.8571430000000000 0.28518800000000000 0.021220
57.9591840000000000 0.26588500000000000 0.020482
58.0612240000000000 0.26822900000000000 0.020838
58.1632650000000000 0.25715000000000000 0.020296
58.2653060000000000 0.28934100000000000 0.021598
58.3673470000000000 0.28580000000000000 0.022046
58.4693880000000000 0.25715000000000000 0.020296
58.5714290000000000 0.29300500000000000 0.021937
58.6734690000000000 0.23249600000000000 0.018528
58.7755100000000000 0.25308000000000000 0.020363
58.8775510000000000 0.16928500000000000 0.015893
58.9795920000000000 0.07164100000000000 0.009682
59.0816330000000000 0.07531000000000000 0.010193
59.1836730000000000 0.10450900000000000 0.012503
59.2857140000000000 0.17697900000000000 0.016052
59.3877550000000000 0.26524300000000000 0.020911
59.4897960000000000 0.25826400000000000 0.020688
59.5918370000000000 0.24366900000000000 0.019498
59.6938780000000000 0.26600200000000000 0.020893
59.7959180000000000 0.25860200000000000 0.020138
59.8979590000000000 0.24888200000000000 0.019545
60.0000000000000000 0.25221800000000000 0.020287
