55.0000000000000000 0.14800800000000000 0.014305
55.1020410000000000 0.11206300000000000 0.012109
55.2040820000000000 0.08754000000000000 0.010589
55.3061220000000000 0.05915000000000000 0.009007
55.4081630000000000 0.03641300000000000 0.007253
55.5102040000000000 0.01793700000000000 0.005510
55.6122450000000000 0.00303300000000000 0.003531
55.7142860000000000 -0.0019910000000000 0.002978
55.8163270000000000 0.00540400000000000 0.004114
55.9183670000000000 0.00214200000000000 0.003533
56.0204080000000000 -0.0009230000000000 0.003100
56.1224490000000000 -0.0020410000000000 0.003052
56.2244900000000000 0.00117200000000000 0.003525
56.3265310000000000 0.00011300000000000 0.003411
56.4285710000000000 0.00429600000000000 0.003927
56.5306120000000000 -0.0009640000000000 0.003236
56.6326530000000000 -0.0051600000000000 0.002369
56.7346940000000000 0.00341000000000000 0.003970
56.8367350000000000 -0.0009280000000000 0.003116
56.9387760000000000 -0.0021640000000000 0.003237
57.0408160000000000 0.00115000000000000 0.003459
57.1428570000000000 0.00331200000000000 0.003855
57.2448980000000000 0.00221000000000000 0.003644
57.3469390000000000 -0.0031110000000000 0.002850
57.4489800000000000 -0.0009530000000000 0.003198
57.5510200000000000 0.00223800000000000 0.003691
57.6530610000000000 0.00537600000000000 0.004093
57.7551020000000000 0.00908000000000000 0.004778
57.8571430000000000 0.00329000000000000 0.003831
57.9591840000000000 0.01091700000000000 0.004863
58.0612240000000000 0.00897900000000000 0.004725
58.1632650000000000 0.01784300000000000 0.005710
58.2653060000000000 0.02925200000000000 0.006688
58.3673470000000000 0.03568700000000000 0.007514
58.4693880000000000 0.04997200000000000 0.008492
58.5714290000000000 0.04838200000000000 0.008323
58.6734690000000000 0.05117200000000000 0.008288
58.7755100000000000 0.04911600000000000 0.008565
58.8775510000000000 0.03036600000000000 0.006946
58.9795920000000000 0.02395300000000000 0.006047
59.0816330000000000 0.02300000000000000 0.006155
59.1836730000000000 0.02709900000000000 0.006849
59.2857140000000000 0.04677100000000000 0.008148
59.3877550000000000 0.07716300000000000 0.010535
59.4897960000000000 0.08502100000000000 0.011127
59.5918370000000000 0.08421200000000000 0.010786
59.6938780000000000 0.09700800000000000 0.011780
59.7959180000000000 0.10826800000000000 0.012210
59.8979590000000000 0.10154200000000000 0.011727
60.0000000000000000 0.12162600000000000 0.013320
