55.0000000000000000 0.29801700000000000 0.021795
55.1020410000000000 0.26612900000000000 0.020017
55.2040820000000000 0.26342300000000000 0.019795
55.3061220000000000 0.28242100000000000 0.021214
55.4081630000000000 0.25955900000000000 0.020064
55.5102040000000000 0.27380800000000000 0.020578
55.6122450000000000 0.26094500000000000 0.019318
55.7142860000000000 0.21448500000000000 0.017710
55.8163270000000000 0.19913600000000000 0.016999
55.9183670000000000 0.21178900000000000 0.017310
56.0204080000000000 0.22597300000000000 0.018119
56.1224490000000000 0.26394900000000000 0.020357
56.2244900000000000 0.28549000000000000 0.021245
56.3265310000000000 0.28010200000000000 0.021135
56.4285710000000000 0.25753800000000000 0.019780
56.5306120000000000 0.29948600000000000 0.022058
56.6326530000000000 0.26576300000000000 0.020243
56.7346940000000000 0.27026500000000000 0.020851
56.8367350000000000 0.27483200000000000 0.020517
56.9387760000000000 0.28106800000000000 0.021768
57.0408160000000000 0.27597700000000000 0.020611
57.1428570000000000 0.27954700000000000 0.021014
57.2448980000000000 0.26674700000000000 0.020251
57.3469390000000000 0.26445600000000000 0.020361
57.4489800000000000 0.25979500000000000 0.020045
57.5510200000000000 0.25739200000000000 0.019919
57.6530610000000000 0.25390000000000000 0.019662
57.7551020000000000 0.29139900000000000 0.022074
57.8571430000000000 0.26717200000000000 0.020360
57.9591840000000000 0.24211700000000000 0.019322
58.0612240000000000 0.26712100000000000 0.020784
58.1632650000000000 0.27598400000000000 0.021216
58.2653060000000000 0.26775600000000000 0.020562
58.3673470000000000 0.26859000000000000 0.021200
58.4693880000000000 0.26158100000000000 0.020513
58.5714290000000000 0.28313200000000000 0.021463
58.6734690000000000 0.24291700000000000 0.019036
58.7755100000000000 0.21661700000000000 0.018519
58.8775510000000000 0.12559300000000000 0.013458
58.9795920000000000 0.07682400000000000 0.010020
59.0816330000000000 0.08293800000000000 0.010691
59.1836730000000000 0.10450900000000000 0.012503
59.2857140000000000 0.16612800000000000 0.015477
59.3877550000000000 0.24144900000000000 0.019728
59.4897960000000000 0.26744300000000000 0.021143
59.5918370000000000 0.24366900000000000 0.019498
59.6938780000000000 0.27163500000000000 0.021169
59.7959180000000000 0.25535700000000000 0.019980
59.8979590000000000 0.29052200000000000 0.021547
60.0000000000000000 0.24313300000000000 0.019833
