55.0000000000000000 0.29907300000000000 0.021845
55.1020410000000000 0.32672800000000000 0.022844
55.2040820000000000 0.30815700000000000 0.021885
55.3061220000000000 0.25987900000000000 0.020129
55.4081630000000000 0.28731900000000000 0.021395
55.5102040000000000 0.29373200000000000 0.021520
55.6122450000000000 0.26387600000000000 0.019455
55.7142860000000000 0.24706100000000000 0.019312
55.8163270000000000 0.22771900000000000 0.018430
55.9183670000000000 0.21382400000000000 0.017410
56.0204080000000000 0.23525500000000000 0.018572
56.1224490000000000 0.22948900000000000 0.018668
56.2244900000000000 0.23456800000000000 0.018787
56.3265310000000000 0.17026000000000000 0.015639
56.4285710000000000 0.15812500000000000 0.014780
56.5306120000000000 0.09918600000000000 0.011637
56.6326530000000000 0.08444500000000000 0.010599
56.7346940000000000 0.04294400000000000 0.007907
56.8367350000000000 0.00218200000000000 0.003599
56.9387760000000000 -0.0010220000000000 0.003432
57.0408160000000000 0.00010900000000000 0.003298
57.1428570000000000 -0.0030880000000000 0.002829
57.2448980000000000 0.00011000000000000 0.003326
57.3469390000000000 0.00118700000000000 0.003571
57.4489800000000000 0.00117600000000000 0.003537
57.5510200000000000 -0.0020150000000000 0.003013
57.6530610000000000 0.00011000000000000 0.003336
57.7551020000000000 -0.0010030000000000 0.003367
57.8571430000000000 0.00011100000000000 0.003357
57.9591840000000000 0.00227400000000000 0.003751
58.0612240000000000 0.00122400000000000 0.003682
58.1632650000000000 0.00787200000000000 0.004589
58.2653060000000000 0.02709300000000000 0.006495
58.3673470000000000 0.05060200000000000 0.008713
58.4693880000000000 0.06105100000000000 0.009304
58.5714290000000000 0.06373900000000000 0.009442
58.6734690000000000 0.07722400000000000 0.010074
58.7755100000000000 0.07304500000000000 0.010289
58.8775510000000000 0.04829100000000000 0.008418
58.9795920000000000 0.03639300000000000 0.007125
59.0816330000000000 0.03716700000000000 0.007406
59.1836730000000000 0.06697700000000000 0.010030
59.2857140000000000 0.09451400000000000 0.011396
59.3877550000000000 0.13041500000000000 0.013815
59.4897960000000000 0.14353400000000000 0.014654
59.5918370000000000 0.14100500000000000 0.014156
59.6938780000000000 0.20403700000000000 0.017772
59.7959180000000000 0.15152900000000000 0.014665
59.8979590000000000 0.15492600000000000 0.014755
60.0000000000000000 0.16477800000000000 0.015755
