55.0000000000000000 0.29273500000000000 0.021546
55.1020410000000000 0.28461700000000000 0.020890
55.2040820000000000 0.26444000000000000 0.019843
55.3061220000000000 0.24592500000000000 0.019450
55.4081630000000000 0.24888200000000000 0.019545
55.5102040000000000 0.25178600000000000 0.019522
55.6122450000000000 0.25606000000000000 0.019090
55.7142860000000000 0.23234900000000000 0.018594
55.8163270000000000 0.23407100000000000 0.018744
55.9183670000000000 0.22909000000000000 0.018157
56.0204080000000000 0.20122100000000000 0.016892
56.1224490000000000 0.21979700000000000 0.018185
56.2244900000000000 0.29291600000000000 0.021597
56.3265310000000000 0.25318000000000000 0.019834
56.4285710000000000 0.27114200000000000 0.020431
56.5306120000000000 0.28548700000000000 0.021392
56.6326530000000000 0.24995100000000000 0.019481
56.7346940000000000 0.27575600000000000 0.021118
56.8367350000000000 0.27586900000000000 0.020566
56.9387760000000000 0.25936900000000000 0.020698
57.0408160000000000 0.29471500000000000 0.021494
57.1428570000000000 0.29554500000000000 0.021774
57.2448980000000000 0.30348800000000000 0.021989
57.3469390000000000 0.26875500000000000 0.020569
57.4489800000000000 0.27575900000000000 0.020812
57.5510200000000000 0.26164500000000000 0.020125
57.6530610000000000 0.25390000000000000 0.019662
57.7551020000000000 0.31492600000000000 0.023203
57.8571430000000000 0.29048600000000000 0.021471
57.9591840000000000 0.25724200000000000 0.020062
58.0612240000000000 0.28152300000000000 0.021484
58.1632650000000000 0.28152300000000000 0.021484
58.2653060000000000 0.30337000000000000 0.022264
58.3673470000000000 0.24908600000000000 0.020229
58.4693880000000000 0.28484700000000000 0.021645
58.5714290000000000 0.23925300000000000 0.019319
58.6734690000000000 0.26063300000000000 0.019890
58.7755100000000000 0.22801200000000000 0.019102
58.8775510000000000 0.13567600000000000 0.014037
58.9795920000000000 0.10585100000000000 0.011805
59.0816330000000000 0.06659200000000000 0.009605
59.1836730000000000 0.11623800000000000 0.013220
59.2857140000000000 0.17914900000000000 0.016166
59.3877550000000000 0.24371500000000000 0.019841
59.4897960000000000 0.30759900000000000 0.023106
59.5918370000000000 0.26769700000000000 0.020674
59.6938780000000000 0.29529400000000000 0.022320
59.7959180000000000 0.30078200000000000 0.022163
59.8979590000000000 0.26916800000000000 0.020527
60.0000000000000000 0.28174300000000000 0.021743
