55.0000000000000000 0.25153500000000000 0.019577
55.1020410000000000 0.26612900000000000 0.020017
55.2040820000000000 0.26749000000000000 0.019987
55.3061220000000000 0.25236500000000000 0.019764
55.4081630000000000 0.26169500000000000 0.020167
55.5102040000000000 0.27275900000000000 0.020528
55.6122450000000000 0.24238300000000000 0.018445
55.7142860000000000 0.23550200000000000 0.018748
55.8163270000000000 0.20654600000000000 0.017374
55.9183670000000000 0.19754100000000000 0.016601
56.0204080000000000 0.27754000000000000 0.020596
56.1224490000000000 0.25856500000000000 0.020096
56.2244900000000000 0.24199400000000000 0.019151
56.3265310000000000 0.24779600000000000 0.019571
56.4285710000000000 0.25963100000000000 0.019880
56.5306120000000000 0.23379600000000000 0.018882
56.6326530000000000 0.26260100000000000 0.020091
56.7346940000000000 0.25159600000000000 0.019939
56.8367350000000000 0.27275900000000000 0.020419
56.9387760000000000 0.26279500000000000 0.020868
57.0408160000000000 0.26660700000000000 0.020165
57.1428570000000000 0.27741400000000000 0.020912
57.2448980000000000 0.29719000000000000 0.021693
57.3469390000000000 0.23974100000000000 0.019156
57.4489800000000000 0.29917300000000000 0.021924
57.5510200000000000 0.27865500000000000 0.020940
57.6530610000000000 0.27285500000000000 0.020572
57.7551020000000000 0.27011300000000000 0.021039
57.8571430000000000 0.27776900000000000 0.020867
57.9591840000000000 0.29613500000000000 0.021932
58.0612240000000000 0.30146600000000000 0.022443
58.1632650000000000 0.28595500000000000 0.021698
58.2653060000000000 0.25912300000000000 0.020143
58.3673470000000000 0.25941200000000000 0.020745
58.4693880000000000 0.24717800000000000 0.019804
58.5714290000000000 0.24364100000000000 0.019537
58.6734690000000000 0.28668500000000000 0.021127
58.7755100000000000 0.22687300000000000 0.019044
58.8775510000000000 0.13679600000000000 0.014100
58.9795920000000000 0.07578700000000000 0.009953
59.0816330000000000 0.08184900000000000 0.010621
59.1836730000000000 0.12092900000000000 0.013501
59.2857140000000000 0.18782900000000000 0.016619
59.3877550000000000 0.25051400000000000 0.020181
59.4897960000000000 0.25138100000000000 0.020344
59.5918370000000000 0.25240600000000000 0.019928
59.6938780000000000 0.25360900000000000 0.020281
59.7959180000000000 0.26833600000000000 0.020610
59.8979590000000000 0.26383000000000000 0.020270
60.0000000000000000 0.25108200000000000 0.020231
