55.0000000000000000 0.29801700000000000 0.021795
55.1020410000000000 0.27845400000000000 0.020600
55.2040820000000000 0.24105700000000000 0.018727
55.3061220000000000 0.28993500000000000 0.021572
55.4081630000000000 0.29372500000000000 0.021699
55.5102040000000000 0.28324600000000000 0.021026
55.6122450000000000 0.22382100000000000 0.017559
55.7142860000000000 0.21973900000000000 0.017972
55.8163270000000000 0.21289800000000000 0.017693
55.9183670000000000 0.23723100000000000 0.018552
56.0204080000000000 0.24453700000000000 0.019022
56.1224490000000000 0.23379600000000000 0.018882
56.2244900000000000 0.29822100000000000 0.021847
56.3265310000000000 0.30594800000000000 0.022364
56.4285710000000000 0.28579200000000000 0.021126
56.5306120000000000 0.29087100000000000 0.021649
56.6326530000000000 0.24362600000000000 0.019173
56.7346940000000000 0.26697000000000000 0.020691
56.8367350000000000 0.29971300000000000 0.021687
56.9387760000000000 0.29705700000000000 0.022547
57.0408160000000000 0.25099200000000000 0.019417
57.1428570000000000 0.27848000000000000 0.020963
57.2448980000000000 0.25100100000000000 0.019493
57.3469390000000000 0.26123300000000000 0.020205
57.4489800000000000 0.26085900000000000 0.020097
57.5510200000000000 0.29991800000000000 0.021949
57.6530610000000000 0.25916500000000000 0.019916
57.7551020000000000 0.27347400000000000 0.021204
57.8571430000000000 0.27247000000000000 0.020614
57.9591840000000000 0.26588500000000000 0.020482
58.0612240000000000 0.25604200000000000 0.020241
58.1632650000000000 0.28041600000000000 0.021430
58.2653060000000000 0.26451900000000000 0.020405
58.3673470000000000 0.26400100000000000 0.020973
58.4693880000000000 0.25382600000000000 0.020132
58.5714290000000000 0.26009600000000000 0.020345
58.6734690000000000 0.25229600000000000 0.019489
58.7755100000000000 0.21775700000000000 0.018578
58.8775510000000000 0.12895400000000000 0.013653
58.9795920000000000 0.07682400000000000 0.010020
59.0816330000000000 0.06550200000000000 0.009530
59.1836730000000000 0.11389200000000000 0.013078
59.2857140000000000 0.19759500000000000 0.017123
59.3877550000000000 0.23918300000000000 0.019614
59.4897960000000000 0.28350500000000000 0.021934
59.5918370000000000 0.27534200000000000 0.021044
59.6938780000000000 0.24234300000000000 0.019720
59.7959180000000000 0.27590600000000000 0.020975
59.8979590000000000 0.26596500000000000 0.020373
60.0000000000000000 0.28060800000000000 0.021688
