55.0000000000000000 0.09096200000000000 0.011018
55.1020410000000000 0.08433100000000000 0.010446
55.2040820000000000 0.06924000000000000 0.009422
55.3061220000000000 0.05915000000000000 0.009007
55.4081630000000000 0.04602200000000000 0.008016
55.5102040000000000 0.01374200000000000 0.005071
55.6122450000000000 0.01964100000000000 0.005420
55.7142860000000000 0.00956800000000000 0.004607
55.8163270000000000 -0.0020060000000000 0.003000
55.9183670000000000 0.00621300000000000 0.004087
56.0204080000000000 0.00423400000000000 0.003870
56.1224490000000000 -0.0031180000000000 0.002856
56.2244900000000000 -0.0030710000000000 0.002814
56.3265310000000000 0.00119000000000000 0.003579
56.4285710000000000 0.00324900000000000 0.003783
56.5306120000000000 0.00442100000000000 0.004041
56.6326530000000000 -0.0051600000000000 0.002369
56.7346940000000000 0.00231200000000000 0.003813
56.8367350000000000 0.00114500000000000 0.003445
56.9387760000000000 0.00012000000000000 0.003618
57.0408160000000000 0.00010900000000000 0.003298
57.1428570000000000 -0.0041540000000000 0.002621
57.2448980000000000 -0.0051390000000000 0.002359
57.3469390000000000 0.00011300000000000 0.003404
57.4489800000000000 0.00117600000000000 0.003537
57.5510200000000000 0.00117500000000000 0.003533
57.6530610000000000 0.00116400000000000 0.003499
57.7551020000000000 -0.0021230000000000 0.003175
57.8571430000000000 0.00223100000000000 0.003679
57.9591840000000000 -0.0052890000000000 0.002428
58.0612240000000000 0.00233200000000000 0.003846
58.1632650000000000 0.00233200000000000 0.003846
58.2653060000000000 -0.0009660000000000 0.003243
58.3673470000000000 -0.0021740000000000 0.003252
58.4693880000000000 -0.0043150000000000 0.002723
58.5714290000000000 0.00560000000000000 0.004263
58.6734690000000000 -0.0009330000000000 0.003132
58.7755100000000000 0.00467700000000000 0.004276
58.8775510000000000 0.00123800000000000 0.003723
58.9795920000000000 0.00114500000000000 0.003445
59.0816330000000000 -0.0064240000000000 0.002197
59.1836730000000000 0.00481500000000000 0.004402
59.2857140000000000 0.00770900000000000 0.004494
59.3877550000000000 0.00465100000000000 0.004252
59.4897960000000000 0.00126800000000000 0.003813
59.5918370000000000 0.00557500000000000 0.004245
59.6938780000000000 0.00913100000000000 0.004805
59.7959180000000000 0.01201000000000000 0.004991
59.8979590000000000 0.01719500000000000 0.005501
60.0000000000000000 0.01488200000000000 0.005493
