55.0000000000000000 0.29590400000000000 0.021696
55.1020410000000000 0.31132200000000000 0.022134
55.2040820000000000 0.30104000000000000 0.021556
55.3061220000000000 0.26954000000000000 0.020596
55.4081630000000000 0.28091300000000000 0.021090
55.5102040000000000 0.26437000000000000 0.020127
55.6122450000000000 0.25117600000000000 0.018860
55.7142860000000000 0.19977300000000000 0.016971
55.8163270000000000 0.17372800000000000 0.015690
55.9183670000000000 0.17820400000000000 0.015622
56.0204080000000000 0.21566000000000000 0.017611
56.1224490000000000 0.17672200000000000 0.015979
56.2244900000000000 0.12211300000000000 0.012893
56.3265310000000000 0.11210900000000000 0.012410
56.4285710000000000 0.05975800000000000 0.008923
56.5306120000000000 0.01518900000000000 0.005324
56.6326530000000000 0.00221900000000000 0.003660
56.7346940000000000 -0.0053760000000000 0.002468
56.8367350000000000 -0.0040380000000000 0.002548
56.9387760000000000 0.00126200000000000 0.003795
57.0408160000000000 0.00115000000000000 0.003459
57.1428570000000000 -0.0041540000000000 0.002621
57.2448980000000000 -0.0019890000000000 0.002975
57.3469390000000000 0.00011300000000000 0.003404
57.4489800000000000 -0.0009530000000000 0.003198
57.5510200000000000 0.00011200000000000 0.003368
57.6530610000000000 0.00221700000000000 0.003656
57.7551020000000000 -0.0043640000000000 0.002754
57.8571430000000000 0.00223100000000000 0.003679
57.9591840000000000 0.00119400000000000 0.003590
58.0612240000000000 0.00565600000000000 0.004306
58.1632650000000000 0.02116600000000000 0.006044
58.2653060000000000 0.03248900000000000 0.006970
58.3673470000000000 0.04601300000000000 0.008357
58.4693880000000000 0.06548200000000000 0.009615
58.5714290000000000 0.08348400000000000 0.010764
58.6734690000000000 0.08556100000000000 0.010604
58.7755100000000000 0.07988200000000000 0.010748
58.8775510000000000 0.05725400000000000 0.009088
58.9795920000000000 0.04261300000000000 0.007619
59.0816330000000000 0.02953900000000000 0.006755
59.1836730000000000 0.04821100000000000 0.008639
59.2857140000000000 0.10645000000000000 0.012122
59.3877550000000000 0.12475000000000000 0.013487
59.4897960000000000 0.13550300000000000 0.014197
59.5918370000000000 0.14537300000000000 0.014398
59.6938780000000000 0.13644000000000000 0.014120
59.7959180000000000 0.14179500000000000 0.014131
59.8979590000000000 0.14958800000000000 0.014466
60.0000000000000000 0.16591400000000000 0.015816
