55.0000000000000000 0.24519700000000000 0.019269
55.1020410000000000 0.27742700000000000 0.020552
55.2040820000000000 0.28884000000000000 0.020989
55.3061220000000000 0.27598000000000000 0.020906
55.4081630000000000 0.24781500000000000 0.019493
55.5102040000000000 0.31155900000000000 0.022355
55.6122450000000000 0.25117600000000000 0.018860
55.7142860000000000 0.21763700000000000 0.017867
55.8163270000000000 0.22454300000000000 0.018273
55.9183670000000000 0.21993000000000000 0.017710
56.0204080000000000 0.27341500000000000 0.020401
56.1224490000000000 0.24995000000000000 0.019676
56.2244900000000000 0.24199400000000000 0.019151
56.3265310000000000 0.29087100000000000 0.021649
56.4285710000000000 0.25858400000000000 0.019830
56.5306120000000000 0.23379600000000000 0.018882
56.6326530000000000 0.30266000000000000 0.021992
56.7346940000000000 0.27355900000000000 0.021011
56.8367350000000000 0.24580500000000000 0.019129
56.9387760000000000 0.27992600000000000 0.021712
57.0408160000000000 0.29679700000000000 0.021592
57.1428570000000000 0.28061300000000000 0.021065
57.2448980000000000 0.30453800000000000 0.022038
57.3469390000000000 0.26553100000000000 0.020413
57.4489800000000000 0.28320900000000000 0.021168
57.5510200000000000 0.28397100000000000 0.021194
57.6530610000000000 0.29602200000000000 0.021670
57.7551020000000000 0.24210500000000000 0.019655
57.8571430000000000 0.27353000000000000 0.020665
57.9591840000000000 0.26480500000000000 0.020429
58.0612240000000000 0.28373900000000000 0.021591
58.1632650000000000 0.27044400000000000 0.020946
58.2653060000000000 0.26344000000000000 0.020353
58.3673470000000000 0.23761300000000000 0.019652
58.4693880000000000 0.26047300000000000 0.020459
58.5714290000000000 0.24583500000000000 0.019645
58.6734690000000000 0.24604300000000000 0.019187
58.7755100000000000 0.21889600000000000 0.018636
58.8775510000000000 0.16480400000000000 0.015651
58.9795920000000000 0.09341100000000000 0.011060
59.0816330000000000 0.07095100000000000 0.009902
59.1836730000000000 0.14204100000000000 0.014733
59.2857140000000000 0.17372400000000000 0.015880
59.3877550000000000 0.23465100000000000 0.019386
59.4897960000000000 0.26170600000000000 0.020859
59.5918370000000000 0.24366900000000000 0.019498
59.6938780000000000 0.24572200000000000 0.019888
59.7959180000000000 0.24346000000000000 0.019398
59.8979590000000000 0.28625100000000000 0.021344
60.0000000000000000 0.27265900000000000 0.021298
