55.0000000000000000 0.27055100000000000 0.020492
55.1020410000000000 0.27640000000000000 0.020503
55.2040820000000000 0.24512300000000000 0.018923
55.3061220000000000 0.24592500000000000 0.019450
55.4081630000000000 0.26489800000000000 0.020322
55.5102040000000000 0.25283500000000000 0.019572
55.6122450000000000 0.24140600000000000 0.018399
55.7142860000000000 0.22709500000000000 0.018335
55.8163270000000000 0.21607400000000000 0.017852
55.9183670000000000 0.22298300000000000 0.017860
56.0204080000000000 0.25381900000000000 0.019468
56.1224490000000000 0.29194800000000000 0.021700
56.2244900000000000 0.26957700000000000 0.020486
56.3265310000000000 0.23056600000000000 0.018722
56.4285710000000000 0.28265300000000000 0.020977
56.5306120000000000 0.27148700000000000 0.020721
56.6326530000000000 0.27314300000000000 0.020596
56.7346940000000000 0.28014800000000000 0.021330
56.8367350000000000 0.27275900000000000 0.020419
56.9387760000000000 0.27878400000000000 0.021656
57.0408160000000000 0.27910000000000000 0.020759
57.1428570000000000 0.27314800000000000 0.020708
57.2448980000000000 0.27829400000000000 0.020801
57.3469390000000000 0.30206600000000000 0.022158
57.4489800000000000 0.25234500000000000 0.019684
57.5510200000000000 0.26058200000000000 0.020073
57.6530610000000000 0.26443000000000000 0.020169
57.7551020000000000 0.25442900000000000 0.020268
57.8571430000000000 0.21842200000000000 0.017978
57.9591840000000000 0.26156400000000000 0.020272
58.0612240000000000 0.27487600000000000 0.021162
58.1632650000000000 0.25604200000000000 0.020241
58.2653060000000000 0.29365700000000000 0.021803
58.3673470000000000 0.29956700000000000 0.022717
58.4693880000000000 0.30811300000000000 0.022761
58.5714290000000000 0.26119300000000000 0.020399
58.6734690000000000 0.23666500000000000 0.018731
58.7755100000000000 0.22915200000000000 0.019159
58.8775510000000000 0.15584100000000000 0.015162
58.9795920000000000 0.08408100000000000 0.010482
59.0816330000000000 0.05896300000000000 0.009070
59.1836730000000000 0.11975600000000000 0.013431
59.2857140000000000 0.18457400000000000 0.016449
59.3877550000000000 0.23465100000000000 0.019386
59.4897960000000000 0.25252800000000000 0.020402
59.5918370000000000 0.28954000000000000 0.021727
59.6938780000000000 0.28966100000000000 0.022048
59.7959180000000000 0.28347700000000000 0.021339
59.8979590000000000 0.26916800000000000 0.020527
60.0000000000000000 0.28287900000000000 0.021798
