55.0000000000000000 0.26104300000000000 0.020036
55.1020410000000000 0.26099300000000000 0.019773
55.2040820000000000 0.27054000000000000 0.020131
55.3061220000000000 0.26846600000000000 0.020544
55.4081630000000000 0.27450700000000000 0.020783
55.5102040000000000 0.28848900000000000 0.021273
55.6122450000000000 0.26192200000000000 0.019364
55.7142860000000000 0.22394200000000000 0.018180
55.8163270000000000 0.19913600000000000 0.016999
55.9183670000000000 0.22298300000000000 0.017860
56.0204080000000000 0.24556900000000000 0.019071
56.1224490000000000 0.22195100000000000 0.018293
56.2244900000000000 0.24305500000000000 0.019203
56.3265310000000000 0.26825700000000000 0.020565
56.4285710000000000 0.25753800000000000 0.019780
56.5306120000000000 0.25748800000000000 0.020044
56.6326530000000000 0.28579300000000000 0.021197
56.7346940000000000 0.25928300000000000 0.020316
56.8367350000000000 0.28934600000000000 0.021202
56.9387760000000000 0.28563600000000000 0.021991
57.0408160000000000 0.26660700000000000 0.020165
57.1428570000000000 0.25395000000000000 0.019782
57.2448980000000000 0.23945300000000000 0.018932
57.3469390000000000 0.28057500000000000 0.021136
57.4489800000000000 0.28001600000000000 0.021016
57.5510200000000000 0.25951900000000000 0.020022
57.6530610000000000 0.30550000000000000 0.022115
57.7551020000000000 0.28579800000000000 0.021803
57.8571430000000000 0.25975300000000000 0.020003
57.9591840000000000 0.29397500000000000 0.021829
58.0612240000000000 0.26158100000000000 0.020513
58.1632650000000000 0.27598400000000000 0.021216
58.2653060000000000 0.29042000000000000 0.021649
58.3673470000000000 0.25711700000000000 0.020631
58.4693880000000000 0.25050200000000000 0.019968
58.5714290000000000 0.25570800000000000 0.020131
58.6734690000000000 0.24812800000000000 0.019288
58.7755100000000000 0.21775700000000000 0.018578
58.8775510000000000 0.16032200000000000 0.015407
58.9795920000000000 0.08511800000000000 0.010547
59.0816330000000000 0.08620800000000000 0.010901
59.1836730000000000 0.10216300000000000 0.012357
59.2857140000000000 0.19976500000000000 0.017234
59.3877550000000000 0.22672000000000000 0.018984
59.4897960000000000 0.27662100000000000 0.021596
59.5918370000000000 0.23274700000000000 0.018956
59.6938780000000000 0.29304100000000000 0.022211
59.7959180000000000 0.24562300000000000 0.019504
59.8979590000000000 0.27023600000000000 0.020578
60.0000000000000000 0.28855700000000000 0.022075
