55.0000000000000000 0.30013000000000000 0.021895
55.1020410000000000 0.24558700000000000 0.019036
55.2040820000000000 0.26952300000000000 0.020083
55.3061220000000000 0.26846600000000000 0.020544
55.4081630000000000 0.27557500000000000 0.020834
55.5102040000000000 0.27380800000000000 0.020578
55.6122450000000000 0.26778300000000000 0.019637
55.7142860000000000 0.23445100000000000 0.018697
55.8163270000000000 0.20654600000000000 0.017374
55.9183670000000000 0.24028400000000000 0.018699
56.0204080000000000 0.25897600000000000 0.019715
56.1224490000000000 0.25964200000000000 0.020148
56.2244900000000000 0.26215100000000000 0.020129
56.3265310000000000 0.24348800000000000 0.019360
56.4285710000000000 0.27009500000000000 0.020381
56.5306120000000000 0.25318000000000000 0.019834
56.6326530000000000 0.25522200000000000 0.019736
56.7346940000000000 0.26038100000000000 0.020370
56.8367350000000000 0.28001600000000000 0.020762
56.9387760000000000 0.25708500000000000 0.020584
57.0408160000000000 0.26660700000000000 0.020165
57.1428570000000000 0.27954700000000000 0.021014
57.2448980000000000 0.29404000000000000 0.021545
57.3469390000000000 0.24941200000000000 0.019630
57.4489800000000000 0.29598000000000000 0.021774
57.5510200000000000 0.25526600000000000 0.019816
57.6530610000000000 0.30023500000000000 0.021868
57.7551020000000000 0.27123400000000000 0.021094
57.8571430000000000 0.30320400000000000 0.022071
57.9591840000000000 0.24967900000000000 0.019693
58.0612240000000000 0.32251600000000000 0.023445
58.1632650000000000 0.26490500000000000 0.020676
58.2653060000000000 0.27531100000000000 0.020926
58.3673470000000000 0.28694700000000000 0.022102
58.4693880000000000 0.25271800000000000 0.020077
58.5714290000000000 0.26338700000000000 0.020506
58.6734690000000000 0.25021200000000000 0.019389
58.7755100000000000 0.22117500000000000 0.018753
58.8775510000000000 0.15248000000000000 0.014977
58.9795920000000000 0.07993400000000000 0.010220
59.0816330000000000 0.07857900000000000 0.010408
59.1836730000000000 0.10099000000000000 0.012284
59.2857140000000000 0.16070300000000000 0.015186
59.3877550000000000 0.23465100000000000 0.019386
59.4897960000000000 0.24908600000000000 0.020229
59.5918370000000000 0.26878900000000000 0.020727
59.6938780000000000 0.30543400000000000 0.022809
59.7959180000000000 0.27807000000000000 0.021079
59.8979590000000000 0.28411600000000000 0.021242
60.0000000000000000 0.26698100000000000 0.021019
