55.0000000000000000 0.28428400000000000 0.021146
55.1020410000000000 0.28050800000000000 0.020697
55.2040820000000000 0.26342300000000000 0.019795
55.3061220000000000 0.26954000000000000 0.020596
55.4081630000000000 0.26383000000000000 0.020270
55.5102040000000000 0.25283500000000000 0.019572
55.6122450000000000 0.26485300000000000 0.019501
55.7142860000000000 0.20292500000000000 0.017131
55.8163270000000000 0.20760500000000000 0.017427
55.9183670000000000 0.22705400000000000 0.018058
56.0204080000000000 0.26722700000000000 0.020108
56.1224490000000000 0.25533400000000000 0.019939
56.2244900000000000 0.24835900000000000 0.019461
56.3265310000000000 0.31348600000000000 0.022719
56.4285710000000000 0.29102400000000000 0.021372
56.5306120000000000 0.25964200000000000 0.020148
56.6326530000000000 0.24784200000000000 0.019378
56.7346940000000000 0.26477400000000000 0.020584
56.8367350000000000 0.27172200000000000 0.020370
56.9387760000000000 0.23538500000000000 0.019496
57.0408160000000000 0.27493600000000000 0.020562
57.1428570000000000 0.26994800000000000 0.020554
57.2448980000000000 0.26779700000000000 0.020301
57.3469390000000000 0.26875500000000000 0.020569
57.4489800000000000 0.26511600000000000 0.020302
57.5510200000000000 0.29991800000000000 0.021949
57.6530610000000000 0.25390000000000000 0.019662
57.7551020000000000 0.25218800000000000 0.020157
57.8571430000000000 0.25445400000000000 0.019747
57.9591840000000000 0.26264400000000000 0.020325
58.0612240000000000 0.28595500000000000 0.021698
58.1632650000000000 0.27930800000000000 0.021377
58.2653060000000000 0.26020200000000000 0.020196
58.3673470000000000 0.27547400000000000 0.021540
58.4693880000000000 0.29481800000000000 0.022125
58.5714290000000000 0.25241700000000000 0.019969
58.6734690000000000 0.23041200000000000 0.018426
58.7755100000000000 0.22003600000000000 0.018695
58.8775510000000000 0.13791600000000000 0.014164
58.9795920000000000 0.08408100000000000 0.010482
59.0816330000000000 0.07313000000000000 0.010048
59.1836730000000000 0.13734900000000000 0.014463
59.2857140000000000 0.19651000000000000 0.017067
59.3877550000000000 0.21539000000000000 0.018406
59.4897960000000000 0.24564400000000000 0.020057
59.5918370000000000 0.26442000000000000 0.020514
59.6938780000000000 0.28740800000000000 0.021938
59.7959180000000000 0.25535700000000000 0.019980
59.8979590000000000 0.26596500000000000 0.020373
60.0000000000000000 0.30104800000000000 0.022681
