55.0000000000000000 0.27372000000000000 0.020644
55.1020410000000000 0.24147800000000000 0.018837
55.2040820000000000 0.25224000000000000 0.019263
55.3061220000000000 0.25987900000000000 0.020129
55.4081630000000000 0.27771000000000000 0.020937
55.5102040000000000 0.26227300000000000 0.020026
55.6122450000000000 0.23554400000000000 0.018120
55.7142860000000000 0.21238300000000000 0.017605
55.8163270000000000 0.24042300000000000 0.019055
55.9183670000000000 0.20873600000000000 0.017159
56.0204080000000000 0.26722700000000000 0.020108
56.1224490000000000 0.27364100000000000 0.020825
56.2244900000000000 0.27806400000000000 0.020892
56.3265310000000000 0.26825700000000000 0.020565
56.4285710000000000 0.28683900000000000 0.021175
56.5306120000000000 0.27902500000000000 0.021083
56.6326530000000000 0.25311300000000000 0.019634
56.7346940000000000 0.24281100000000000 0.019506
56.8367350000000000 0.28001600000000000 0.020762
56.9387760000000000 0.28335200000000000 0.021880
57.0408160000000000 0.28014100000000000 0.020808
57.1428570000000000 0.30301100000000000 0.022127
57.2448980000000000 0.24995100000000000 0.019442
57.3469390000000000 0.25908400000000000 0.020101
57.4489800000000000 0.28001600000000000 0.021016
57.5510200000000000 0.25739200000000000 0.019919
57.6530610000000000 0.27074900000000000 0.020472
57.7551020000000000 0.27683500000000000 0.021368
57.8571430000000000 0.27882900000000000 0.020918
57.9591840000000000 0.27344800000000000 0.020847
58.0612240000000000 0.29481800000000000 0.022125
58.1632650000000000 0.26933600000000000 0.020892
58.2653060000000000 0.25588500000000000 0.019986
58.3673470000000000 0.25597000000000000 0.020573
58.4693880000000000 0.29149500000000000 0.021965
58.5714290000000000 0.26667700000000000 0.020666
58.6734690000000000 0.27939000000000000 0.020783
58.7755100000000000 0.20066500000000000 0.017694
58.8775510000000000 0.15920200000000000 0.015346
58.9795920000000000 0.09030100000000000 0.010869
59.0816330000000000 0.08184900000000000 0.010621
59.1836730000000000 0.10802700000000000 0.012720
59.2857140000000000 0.20627600000000000 0.017567
59.3877550000000000 0.23578400000000000 0.019443
59.4897960000000000 0.26629500000000000 0.021086
59.5918370000000000 0.25459100000000000 0.020035
59.6938780000000000 0.26149500000000000 0.020671
59.7959180000000000 0.26184600000000000 0.020296
59.8979590000000000 0.26810100000000000 0.020476
60.0000000000000000 0.31126800000000000 0.023173
