55.0000000000000000 0.25047900000000000 0.019526
55.1020410000000000 0.24250500000000000 0.018887
55.2040820000000000 0.27562300000000000 0.020371
55.3061220000000000 0.25451200000000000 0.019869
55.4081630000000000 0.23713800000000000 0.018970
55.5102040000000000 0.26856500000000000 0.020328
55.6122450000000000 0.21307500000000000 0.017040
55.7142860000000000 0.21763700000000000 0.017867
55.8163270000000000 0.21713300000000000 0.017905
55.9183670000000000 0.22196600000000000 0.017810
56.0204080000000000 0.27135200000000000 0.020304
56.1224490000000000 0.24779600000000000 0.019571
56.2244900000000000 0.29928200000000000 0.021897
56.3265310000000000 0.28979400000000000 0.021598
56.4285710000000000 0.26067700000000000 0.019930
56.5306120000000000 0.29087100000000000 0.021649
56.6326530000000000 0.25733000000000000 0.019837
56.7346940000000000 0.26697000000000000 0.020691
56.8367350000000000 0.25928200000000000 0.019777
56.9387760000000000 0.24223800000000000 0.019842
57.0408160000000000 0.26140200000000000 0.019917
57.1428570000000000 0.29341200000000000 0.021673
57.2448980000000000 0.24470200000000000 0.019188
57.3469390000000000 0.24833800000000000 0.019578
57.4489800000000000 0.26830900000000000 0.020455
57.5510200000000000 0.28928700000000000 0.021446
57.6530610000000000 0.24442200000000000 0.019203
57.7551020000000000 0.28131600000000000 0.021586
57.8571430000000000 0.26293300000000000 0.020157
57.9591840000000000 0.26912600000000000 0.020638
58.0612240000000000 0.26268900000000000 0.020567
58.1632650000000000 0.27930800000000000 0.021377
58.2653060000000000 0.27854900000000000 0.021081
58.3673470000000000 0.26859000000000000 0.021200
58.4693880000000000 0.24274700000000000 0.019584
58.5714290000000000 0.28422900000000000 0.021516
58.6734690000000000 0.20748600000000000 0.017291
58.7755100000000000 0.20750200000000000 0.018049
58.8775510000000000 0.15248000000000000 0.014977
58.9795920000000000 0.08511800000000000 0.010547
59.0816330000000000 0.09274700000000000 0.011312
59.1836730000000000 0.11506500000000000 0.013149
59.2857140000000000 0.18348900000000000 0.016393
59.3877550000000000 0.19952800000000000 0.017586
59.4897960000000000 0.24449700000000000 0.019999
59.5918370000000000 0.24148500000000000 0.019390
59.6938780000000000 0.29191400000000000 0.022157
59.7959180000000000 0.26292800000000000 0.020349
59.8979590000000000 0.26383000000000000 0.020270
60.0000000000000000 0.25789600000000000 0.020570
