55.0000000000000000 0.23991500000000000 0.019011
55.1020410000000000 0.26715600000000000 0.020066
55.2040820000000000 0.24512300000000000 0.018923
55.3061220000000000 0.28242100000000000 0.021214
55.4081630000000000 0.28091300000000000 0.021090
55.5102040000000000 0.26227300000000000 0.020026
55.6122450000000000 0.25606000000000000 0.019090
55.7142860000000000 0.25651900000000000 0.019769
55.8163270000000000 0.24254000000000000 0.019158
55.9183670000000000 0.23417800000000000 0.018404
56.0204080000000000 0.26722700000000000 0.020108
56.1224490000000000 0.26287200000000000 0.020305
56.2244900000000000 0.24835900000000000 0.019461
56.3265310000000000 0.23810400000000000 0.019095
56.4285710000000000 0.27846700000000000 0.020779
56.5306120000000000 0.28441000000000000 0.021341
56.6326530000000000 0.26470900000000000 0.020192
56.7346940000000000 0.23841800000000000 0.019288
56.8367350000000000 0.26446500000000000 0.020025
56.9387760000000000 0.26507900000000000 0.020981
57.0408160000000000 0.26973100000000000 0.020314
57.1428570000000000 0.26354900000000000 0.020246
57.2448980000000000 0.25520000000000000 0.019696
57.3469390000000000 0.27627700000000000 0.020930
57.4489800000000000 0.25128100000000000 0.019633
57.5510200000000000 0.26164500000000000 0.020125
57.6530610000000000 0.28549200000000000 0.021173
57.7551020000000000 0.26339100000000000 0.020710
57.8571430000000000 0.27247000000000000 0.020614
57.9591840000000000 0.23887600000000000 0.019162
58.0612240000000000 0.25493400000000000 0.020187
58.1632650000000000 0.28041600000000000 0.021430
58.2653060000000000 0.26775600000000000 0.020562
58.3673470000000000 0.26744300000000000 0.021143
58.4693880000000000 0.27155200000000000 0.021000
58.5714290000000000 0.27106500000000000 0.020880
58.6734690000000000 0.23979100000000000 0.018884
58.7755100000000000 0.25649900000000000 0.020533
58.8775510000000000 0.14911900000000000 0.014791
58.9795920000000000 0.08926400000000000 0.010805
59.0816330000000000 0.09056700000000000 0.011176
59.1836730000000000 0.12562100000000000 0.013779
59.2857140000000000 0.18457400000000000 0.016449
59.3877550000000000 0.23691700000000000 0.019500
59.4897960000000000 0.25138100000000000 0.020344
59.5918370000000000 0.26005200000000000 0.020302
59.6938780000000000 0.25022900000000000 0.020113
59.7959180000000000 0.28888500000000000 0.021597
59.8979590000000000 0.25955900000000000 0.020064
60.0000000000000000 0.27038700000000000 0.021186
