55.0000000000000000 0.28639700000000000 0.021247
55.1020410000000000 0.24764100000000000 0.019134
55.2040820000000000 0.28680700000000000 0.020894
55.3061220000000000 0.28993500000000000 0.021572
55.4081630000000000 0.28304800000000000 0.021191
55.5102040000000000 0.26961300000000000 0.020378
55.6122450000000000 0.21014400000000000 0.016898
55.7142860000000000 0.22499300000000000 0.018232
55.8163270000000000 0.20760500000000000 0.017427
55.9183670000000000 0.24028400000000000 0.018699
56.0204080000000000 0.24144300000000000 0.018872
56.1224490000000000 0.25641100000000000 0.019991
56.2244900000000000 0.25366400000000000 0.019719
56.3265310000000000 0.26718000000000000 0.020513
56.4285710000000000 0.24393400000000000 0.019122
56.5306120000000000 0.29517900000000000 0.021854
56.6326530000000000 0.29633500000000000 0.021695
56.7346940000000000 0.25598900000000000 0.020155
56.8367350000000000 0.28727200000000000 0.021104
56.9387760000000000 0.28449400000000000 0.021935
57.0408160000000000 0.25515600000000000 0.019617
57.1428570000000000 0.28061300000000000 0.021065
57.2448980000000000 0.26989600000000000 0.020401
57.3469390000000000 0.27735100000000000 0.020982
57.4489800000000000 0.27469500000000000 0.020762
57.5510200000000000 0.28716000000000000 0.021345
57.6530610000000000 0.24442200000000000 0.019203
57.7551020000000000 0.27683500000000000 0.021368
57.8571430000000000 0.30214400000000000 0.022021
57.9591840000000000 0.29289400000000000 0.021778
58.0612240000000000 0.26158100000000000 0.020513
58.1632650000000000 0.24163900000000000 0.019529
58.2653060000000000 0.23861800000000000 0.019139
58.3673470000000000 0.27203200000000000 0.021370
58.4693880000000000 0.28263100000000000 0.021538
58.5714290000000000 0.30178000000000000 0.022356
58.6734690000000000 0.25959100000000000 0.019840
58.7755100000000000 0.21092000000000000 0.018226
58.8775510000000000 0.13679600000000000 0.014100
58.9795920000000000 0.09444800000000000 0.011123
59.0816330000000000 0.08184900000000000 0.010621
59.1836730000000000 0.12796600000000000 0.013917
59.2857140000000000 0.15744800000000000 0.015010
59.3877550000000000 0.24371500000000000 0.019841
59.4897960000000000 0.22499200000000000 0.019010
59.5918370000000000 0.26442000000000000 0.020514
59.6938780000000000 0.26149500000000000 0.020671
59.7959180000000000 0.25752000000000000 0.020086
59.8979590000000000 0.27557500000000000 0.020834
60.0000000000000000 0.26243800000000000 0.020794
