55.0000000000000000 0.31175000000000000 0.022439
55.1020410000000000 0.32570100000000000 0.022797
55.2040820000000000 0.28680700000000000 0.020894
55.3061220000000000 0.30281500000000000 0.022183
55.4081630000000000 0.31401100000000000 0.022655
55.5102040000000000 0.30002400000000000 0.021816
55.6122450000000000 0.28927600000000000 0.020631
55.7142860000000000 0.24495900000000000 0.019210
55.8163270000000000 0.21078100000000000 0.017587
55.9183670000000000 0.24130200000000000 0.018748
56.0204080000000000 0.24556900000000000 0.019071
56.1224490000000000 0.28441000000000000 0.021341
56.2244900000000000 0.26109000000000000 0.020078
56.3265310000000000 0.27902500000000000 0.021083
56.4285710000000000 0.24602700000000000 0.019224
56.5306120000000000 0.22518100000000000 0.018454
56.6326530000000000 0.22781300000000000 0.018398
56.7346940000000000 0.19998200000000000 0.017346
56.8367350000000000 0.14628200000000000 0.014078
56.9387760000000000 0.12003700000000000 0.013265
57.0408160000000000 0.08859500000000000 0.010787
57.1428570000000000 0.04170700000000000 0.007675
57.2448980000000000 0.02530400000000000 0.006221
57.3469390000000000 0.00011300000000000 0.003404
57.4489800000000000 -0.0020170000000000 0.003016
57.5510200000000000 0.00223800000000000 0.003691
57.6530610000000000 -0.0030490000000000 0.002793
57.7551020000000000 -0.0043640000000000 0.002754
57.8571430000000000 -0.0009490000000000 0.003185
57.9591840000000000 0.00335400000000000 0.003905
58.0612240000000000 -0.0021000000000000 0.003140
58.1632650000000000 0.00011600000000000 0.003510
58.2653060000000000 0.00550900000000000 0.004194
58.3673470000000000 0.00471000000000000 0.004306
58.4693880000000000 0.00011600000000000 0.003510
58.5714290000000000 -0.0053700000000000 0.002465
58.6734690000000000 0.00219400000000000 0.003618
58.7755100000000000 0.00695600000000000 0.004576
58.8775510000000000 0.00683900000000000 0.004499
58.9795920000000000 0.00632900000000000 0.004163
59.0816330000000000 0.01101200000000000 0.004905
59.1836730000000000 0.02006200000000000 0.006167
59.2857140000000000 0.03266600000000000 0.007009
59.3877550000000000 0.06696600000000000 0.009839
59.4897960000000000 0.06781100000000000 0.009967
59.5918370000000000 0.08421200000000000 0.010786
59.6938780000000000 0.08912200000000000 0.011282
59.7959180000000000 0.09853400000000000 0.011623
59.8979590000000000 0.11649000000000000 0.012610
60.0000000000000000 0.12389700000000000 0.013453
