55.0000000000000000 0.23568900000000000 0.018804
55.1020410000000000 0.26202100000000000 0.019822
55.2040820000000000 0.30002300000000000 0.021509
55.3061220000000000 0.27168600000000000 0.020699
55.4081630000000000 0.28518400000000000 0.021293
55.5102040000000000 0.22661900000000000 0.018294
55.6122450000000000 0.23749800000000000 0.018213
55.7142860000000000 0.20817900000000000 0.017395
55.8163270000000000 0.18537300000000000 0.016295
55.9183670000000000 0.21891300000000000 0.017660
56.0204080000000000 0.25897600000000000 0.019715
56.1224490000000000 0.25318000000000000 0.019834
56.2244900000000000 0.23775000000000000 0.018943
56.3265310000000000 0.28225600000000000 0.021238
56.4285710000000000 0.26486300000000000 0.020131
56.5306120000000000 0.24348800000000000 0.019360
56.6326530000000000 0.25416700000000000 0.019685
56.7346940000000000 0.26257800000000000 0.020477
56.8367350000000000 0.25409800000000000 0.019528
56.9387760000000000 0.23424300000000000 0.019439
57.0408160000000000 0.27389500000000000 0.020512
57.1428570000000000 0.28381300000000000 0.021217
57.2448980000000000 0.28984100000000000 0.021347
57.3469390000000000 0.26660600000000000 0.020465
57.4489800000000000 0.26618000000000000 0.020353
57.5510200000000000 0.27227600000000000 0.020636
57.6530610000000000 0.25495300000000000 0.019713
57.7551020000000000 0.26115100000000000 0.020599
57.8571430000000000 0.27988900000000000 0.020968
57.9591840000000000 0.27668900000000000 0.021003
58.0612240000000000 0.28373900000000000 0.021591
58.1632650000000000 0.26712100000000000 0.020784
58.2653060000000000 0.26020200000000000 0.020196
58.3673470000000000 0.28924200000000000 0.022214
58.4693880000000000 0.23499200000000000 0.019197
58.5714290000000000 0.25680500000000000 0.020184
58.6734690000000000 0.25125400000000000 0.019439
58.7755100000000000 0.25763800000000000 0.020590
58.8775510000000000 0.15360100000000000 0.015039
58.9795920000000000 0.07475100000000000 0.009886
59.0816330000000000 0.09819600000000000 0.011649
59.1836730000000000 0.09864400000000000 0.012136
59.2857140000000000 0.18023400000000000 0.016223
59.3877550000000000 0.23691700000000000 0.019500
59.4897960000000000 0.23646600000000000 0.019594
59.5918370000000000 0.26878900000000000 0.020727
59.6938780000000000 0.27952100000000000 0.021555
59.7959180000000000 0.28996600000000000 0.021649
59.8979590000000000 0.26596500000000000 0.020373
60.0000000000000000 0.27720100000000000 0.021521
