55.0000000000000000 0.25681700000000000 0.019832
55.1020410000000000 0.29488800000000000 0.021371
55.2040820000000000 0.24410700000000000 0.018874
55.3061220000000000 0.26095200000000000 0.020181
55.4081630000000000 0.23286700000000000 0.018760
55.5102040000000000 0.24549400000000000 0.019217
55.6122450000000000 0.23163700000000000 0.017934
55.7142860000000000 0.21658600000000000 0.017815
55.8163270000000000 0.20442900000000000 0.017267
55.9183670000000000 0.21789500000000000 0.017610
56.0204080000000000 0.26929000000000000 0.020206
56.1224490000000000 0.25102700000000000 0.019729
56.2244900000000000 0.25684600000000000 0.019873
56.3265310000000000 0.30056300000000000 0.022109
56.4285710000000000 0.29207100000000000 0.021422
56.5306120000000000 0.23164300000000000 0.018775
56.6326530000000000 0.24151700000000000 0.019071
56.7346940000000000 0.31309300000000000 0.022905
56.8367350000000000 0.25824500000000000 0.019727
56.9387760000000000 0.25708500000000000 0.020584
57.0408160000000000 0.25932000000000000 0.019817
57.1428570000000000 0.25928200000000000 0.020040
57.2448980000000000 0.25729900000000000 0.019797
57.3469390000000000 0.28165000000000000 0.021188
57.4489800000000000 0.29704400000000000 0.021824
57.5510200000000000 0.28503400000000000 0.021244
57.6530610000000000 0.25916500000000000 0.019916
57.7551020000000000 0.24770700000000000 0.019934
57.8571430000000000 0.26293300000000000 0.020157
57.9591840000000000 0.30585900000000000 0.022393
58.0612240000000000 0.28927900000000000 0.021858
58.1632650000000000 0.27266000000000000 0.021054
58.2653060000000000 0.28718200000000000 0.021495
58.3673470000000000 0.28006300000000000 0.021765
58.4693880000000000 0.26268900000000000 0.020567
58.5714290000000000 0.25680500000000000 0.020184
58.6734690000000000 0.24917000000000000 0.019338
58.7755100000000000 0.24624300000000000 0.020021
58.8775510000000000 0.13007400000000000 0.013717
58.9795920000000000 0.07060400000000000 0.009613
59.0816330000000000 0.07204100000000000 0.009975
59.1836730000000000 0.11271900000000000 0.013007
59.2857140000000000 0.17914900000000000 0.016166
59.3877550000000000 0.22672000000000000 0.018984
59.4897960000000000 0.27891600000000000 0.021709
59.5918370000000000 0.22510200000000000 0.018574
59.6938780000000000 0.24684900000000000 0.019945
59.7959180000000000 0.25860200000000000 0.020138
59.8979590000000000 0.26489800000000000 0.020322
60.0000000000000000 0.26811600000000000 0.021075
