55.0000000000000000 0.27372000000000000 0.020644
55.1020410000000000 0.28050800000000000 0.020697
55.2040820000000000 0.27867300000000000 0.020514
55.3061220000000000 0.28027400000000000 0.021111
55.4081630000000000 0.28945400000000000 0.021496
55.5102040000000000 0.24968900000000000 0.019420
55.6122450000000000 0.22382100000000000 0.017559
55.7142860000000000 0.20923000000000000 0.017448
55.8163270000000000 0.21395700000000000 0.017746
55.9183670000000000 0.23010700000000000 0.018207
56.0204080000000000 0.25381900000000000 0.019468
56.1224490000000000 0.27256400000000000 0.020773
56.2244900000000000 0.23881100000000000 0.018995
56.3265310000000000 0.29194800000000000 0.021700
56.4285710000000000 0.26695600000000000 0.020231
56.5306120000000000 0.31348600000000000 0.022719
56.6326530000000000 0.26365500000000000 0.020142
56.7346940000000000 0.26697000000000000 0.020691
56.8367350000000000 0.28312600000000000 0.020909
56.9387760000000000 0.27307300000000000 0.021375
57.0408160000000000 0.24474600000000000 0.019115
57.1428570000000000 0.28061300000000000 0.021065
57.2448980000000000 0.23420500000000000 0.018676
57.3469390000000000 0.27305300000000000 0.020776
57.4489800000000000 0.27682300000000000 0.020863
57.5510200000000000 0.28503400000000000 0.021244
57.6530610000000000 0.26127100000000000 0.020017
57.7551020000000000 0.29027900000000000 0.022020
57.8571430000000000 0.26399200000000000 0.020208
57.9591840000000000 0.27128700000000000 0.020743
58.0612240000000000 0.29481800000000000 0.022125
58.1632650000000000 0.27820000000000000 0.021323
58.2653060000000000 0.23214300000000000 0.018819
58.3673470000000000 0.25252800000000000 0.020402
58.4693880000000000 0.24939400000000000 0.019913
58.5714290000000000 0.24802900000000000 0.019753
58.6734690000000000 0.25438000000000000 0.019589
58.7755100000000000 0.21547800000000000 0.018461
58.8775510000000000 0.15808200000000000 0.015285
58.9795920000000000 0.10688800000000000 0.011865
59.0816330000000000 0.08511800000000000 0.010831
59.1836730000000000 0.12796600000000000 0.013917
59.2857140000000000 0.18674400000000000 0.016562
59.3877550000000000 0.22332100000000000 0.018811
59.4897960000000000 0.24908600000000000 0.020229
59.5918370000000000 0.24039200000000000 0.019336
59.6938780000000000 0.27388800000000000 0.021280
59.7959180000000000 0.28564000000000000 0.021442
59.8979590000000000 0.25955900000000000 0.020064
60.0000000000000000 0.26698100000000000 0.021019
