55.0000000000000000 0.31492000000000000 0.022587
55.1020410000000000 0.29078000000000000 0.021179
55.2040820000000000 0.26342300000000000 0.019795
55.3061220000000000 0.28242100000000000 0.021214
55.4081630000000000 0.26276200000000000 0.020219
55.5102040000000000 0.22137500000000000 0.018035
55.6122450000000000 0.22186700000000000 0.017465
55.7142860000000000 0.15248400000000000 0.014509
55.8163270000000000 0.13138300000000000 0.013403
55.9183670000000000 0.13139000000000000 0.013140
56.0204080000000000 0.12490100000000000 0.012866
56.1224490000000000 0.10134000000000000 0.011768
56.2244900000000000 0.05421700000000000 0.008595
56.3265310000000000 0.04534200000000000 0.008003
56.4285710000000000 0.02941100000000000 0.006575
56.5306120000000000 0.00765100000000000 0.004460
56.6326530000000000 0.00116500000000000 0.003503
56.7346940000000000 -0.0009830000000000 0.003300
56.8367350000000000 0.00218200000000000 0.003599
56.9387760000000000 -0.0033060000000000 0.003029
57.0408160000000000 -0.0009320000000000 0.003129
57.1428570000000000 -0.0020210000000000 0.003023
57.2448980000000000 0.00116000000000000 0.003488
57.3469390000000000 -0.0009620000000000 0.003229
57.4489800000000000 -0.0009530000000000 0.003198
57.5510200000000000 -0.0020150000000000 0.003013
57.6530610000000000 -0.0051550000000000 0.002366
57.7551020000000000 0.00571900000000000 0.004354
57.8571430000000000 0.00753000000000000 0.004389
57.9591840000000000 -0.0009670000000000 0.003247
58.0612240000000000 0.00011600000000000 0.003510
58.1632650000000000 0.01008700000000000 0.004858
58.2653060000000000 0.00119200000000000 0.003586
58.3673470000000000 -0.0067630000000000 0.002314
58.4693880000000000 0.00122400000000000 0.003682
58.5714290000000000 0.00230900000000000 0.003808
58.6734690000000000 0.00636200000000000 0.004185
58.7755100000000000 0.01379300000000000 0.005387
58.8775510000000000 0.00571900000000000 0.004354
58.9795920000000000 0.00632900000000000 0.004163
59.0816330000000000 0.00556300000000000 0.004236
59.1836730000000000 0.00833300000000000 0.004859
59.2857140000000000 0.02615500000000000 0.006432
59.3877550000000000 0.03524200000000000 0.007419
59.4897960000000000 0.02765600000000000 0.006805
59.5918370000000000 0.06346100000000000 0.009399
59.6938780000000000 0.04969000000000000 0.008553
59.7959180000000000 0.07257700000000000 0.009970
59.8979590000000000 0.05883500000000000 0.008958
60.0000000000000000 0.07166100000000000 0.010176
