55.0000000000000000 0.24519700000000000 0.019269
55.1020410000000000 0.25174900000000000 0.019332
55.2040820000000000 0.26749000000000000 0.019987
55.3061220000000000 0.25773200000000000 0.020025
55.4081630000000000 0.27130400000000000 0.020630
55.5102040000000000 0.30317000000000000 0.021963
55.6122450000000000 0.22675200000000000 0.017700
55.7142860000000000 0.22499300000000000 0.018232
55.8163270000000000 0.20125300000000000 0.017107
55.9183670000000000 0.23519600000000000 0.018453
56.0204080000000000 0.23525500000000000 0.018572
56.1224490000000000 0.26502600000000000 0.020409
56.2244900000000000 0.26957700000000000 0.020486
56.3265310000000000 0.25210300000000000 0.019781
56.4285710000000000 0.28160600000000000 0.020928
56.5306120000000000 0.26287200000000000 0.020305
56.6326530000000000 0.24151700000000000 0.019071
56.7346940000000000 0.26147900000000000 0.020423
56.8367350000000000 0.26550200000000000 0.020074
56.9387760000000000 0.28106800000000000 0.021768
57.0408160000000000 0.26868900000000000 0.020265
57.1428570000000000 0.24861700000000000 0.019522
57.2448980000000000 0.27514500000000000 0.020651
57.3469390000000000 0.25693400000000000 0.019997
57.4489800000000000 0.26298800000000000 0.020199
57.5510200000000000 0.26589700000000000 0.020329
57.6530610000000000 0.26232400000000000 0.020068
57.7551020000000000 0.31156500000000000 0.023043
57.8571430000000000 0.28624700000000000 0.021271
57.9591840000000000 0.29181400000000000 0.021726
58.0612240000000000 0.26158100000000000 0.020513
58.1632650000000000 0.26933600000000000 0.020892
58.2653060000000000 0.28502400000000000 0.021391
58.3673470000000000 0.30071500000000000 0.022773
58.4693880000000000 0.24828600000000000 0.019858
58.5714290000000000 0.27435600000000000 0.021039
58.6734690000000000 0.23353800000000000 0.018579
58.7755100000000000 0.23370900000000000 0.019390
58.8775510000000000 0.13679600000000000 0.014100
58.9795920000000000 0.09859500000000000 0.011373
59.0816330000000000 0.07640000000000000 0.010265
59.1836730000000000 0.09864400000000000 0.012136
59.2857140000000000 0.15636300000000000 0.014952
59.3877550000000000 0.23805000000000000 0.019557
59.4897960000000000 0.24564400000000000 0.020057
59.5918370000000000 0.26769700000000000 0.020674
59.6938780000000000 0.24234300000000000 0.019720
59.7959180000000000 0.25427600000000000 0.019928
59.8979590000000000 0.26703300000000000 0.020424
60.0000000000000000 0.26470900000000000 0.020907
