55.0000000000000000 0.31175000000000000 0.022439
55.1020410000000000 0.30721300000000000 0.021944
55.2040820000000000 0.31324000000000000 0.022120
55.3061220000000000 0.27276000000000000 0.020751
55.4081630000000000 0.26810100000000000 0.020476
55.5102040000000000 0.28010000000000000 0.020877
55.6122450000000000 0.27266800000000000 0.019864
55.7142860000000000 0.22814600000000000 0.018387
55.8163270000000000 0.23407100000000000 0.018744
55.9183670000000000 0.23519600000000000 0.018453
56.0204080000000000 0.25278800000000000 0.019419
56.1224490000000000 0.26610300000000000 0.020461
56.2244900000000000 0.24835900000000000 0.019461
56.3265310000000000 0.24348800000000000 0.019360
56.4285710000000000 0.20521500000000000 0.017211
56.5306120000000000 0.14441500000000000 0.014245
56.6326530000000000 0.13610000000000000 0.013637
56.7346940000000000 0.09455800000000000 0.011471
56.8367350000000000 0.03639300000000000 0.007125
56.9387760000000000 0.00468800000000000 0.004286
57.0408160000000000 -0.0009320000000000 0.003129
57.1428570000000000 -0.0030880000000000 0.002829
57.2448980000000000 0.00116000000000000 0.003488
57.3469390000000000 0.00118700000000000 0.003571
57.4489800000000000 -0.0041450000000000 0.002616
57.5510200000000000 0.00223800000000000 0.003691
57.6530610000000000 -0.0019960000000000 0.002984
57.7551020000000000 -0.0021230000000000 0.003175
57.8571430000000000 0.01706700000000000 0.005460
57.9591840000000000 0.04224800000000000 0.007777
58.0612240000000000 0.05994300000000000 0.009225
58.1632650000000000 0.06880600000000000 0.009845
58.2653060000000000 0.09076700000000000 0.011131
58.3673470000000000 0.10337800000000000 0.012290
58.4693880000000000 0.14414400000000000 0.014433
58.5714290000000000 0.14601100000000000 0.014465
58.6734690000000000 0.14183400000000000 0.013873
58.7755100000000000 0.11976300000000000 0.013233
58.8775510000000000 0.10766800000000000 0.012398
58.9795920000000000 0.06023700000000000 0.008910
59.0816330000000000 0.06223200000000000 0.009302
59.1836730000000000 0.08926100000000000 0.011536
59.2857140000000000 0.15093700000000000 0.014657
59.3877550000000000 0.16780400000000000 0.015901
59.4897960000000000 0.21122500000000000 0.018302
59.5918370000000000 0.24694500000000000 0.019659
59.6938780000000000 0.24346900000000000 0.019776
59.7959180000000000 0.23913400000000000 0.019184
59.8979590000000000 0.21792000000000000 0.018017
60.0000000000000000 0.24199800000000000 0.019776
