55.0000000000000000 0.25998600000000000 0.019985
55.1020410000000000 0.24558700000000000 0.019036
55.2040820000000000 0.27359000000000000 0.020275
55.3061220000000000 0.26846600000000000 0.020544
55.4081630000000000 0.26489800000000000 0.020322
55.5102040000000000 0.27485600000000000 0.020627
55.6122450000000000 0.26583000000000000 0.019546
55.7142860000000000 0.23970500000000000 0.018954
55.8163270000000000 0.20654600000000000 0.017374
55.9183670000000000 0.25453200000000000 0.019382
56.0204080000000000 0.26413300000000000 0.019961
56.1224490000000000 0.24887300000000000 0.019624
56.2244900000000000 0.28018600000000000 0.020993
56.3265310000000000 0.27579500000000000 0.020928
56.4285710000000000 0.27846700000000000 0.020779
56.5306120000000000 0.24348800000000000 0.019360
56.6326530000000000 0.27103400000000000 0.020495
56.7346940000000000 0.24830100000000000 0.019777
56.8367350000000000 0.28001600000000000 0.020762
56.9387760000000000 0.24794800000000000 0.020128
57.0408160000000000 0.24578700000000000 0.019165
57.1428570000000000 0.27634700000000000 0.020861
57.2448980000000000 0.26149800000000000 0.019999
57.3469390000000000 0.26338200000000000 0.020309
57.4489800000000000 0.27363000000000000 0.020711
57.5510200000000000 0.26058200000000000 0.020073
57.6530610000000000 0.25705900000000000 0.019815
57.7551020000000000 0.25106800000000000 0.020101
57.8571430000000000 0.27565000000000000 0.020766
57.9591840000000000 0.27128700000000000 0.020743
58.0612240000000000 0.26933600000000000 0.020892
58.1632650000000000 0.27155200000000000 0.021000
58.2653060000000000 0.26775600000000000 0.020562
58.3673470000000000 0.25826400000000000 0.020688
58.4693880000000000 0.24053100000000000 0.019474
58.5714290000000000 0.26119300000000000 0.020399
58.6734690000000000 0.26480100000000000 0.020089
58.7755100000000000 0.22003600000000000 0.018695
58.8775510000000000 0.14687900000000000 0.014667
58.9795920000000000 0.08926400000000000 0.010805
59.0816330000000000 0.06659200000000000 0.009605
59.1836730000000000 0.10802700000000000 0.012720
59.2857140000000000 0.18782900000000000 0.016619
59.3877550000000000 0.26411000000000000 0.020855
59.4897960000000000 0.24679100000000000 0.020114
59.5918370000000000 0.24913000000000000 0.019767
59.6938780000000000 0.25135600000000000 0.020169
59.7959180000000000 0.25968300000000000 0.020191
59.8979590000000000 0.22966400000000000 0.018601
60.0000000000000000 0.27265900000000000 0.021298
