55.0000000000000000 0.31280700000000000 0.022489
55.1020410000000000 0.32262000000000000 0.022655
55.2040820000000000 0.28782300000000000 0.020942
55.3061220000000000 0.31462300000000000 0.022739
55.4081630000000000 0.33322900000000000 0.023551
55.5102040000000000 0.28324600000000000 0.021026
55.6122450000000000 0.26583000000000000 0.019546
55.7142860000000000 0.22709500000000000 0.018335
55.8163270000000000 0.21819100000000000 0.017958
55.9183670000000000 0.23621300000000000 0.018503
56.0204080000000000 0.25072500000000000 0.019320
56.1224490000000000 0.26287200000000000 0.020305
56.2244900000000000 0.24835900000000000 0.019461
56.3265310000000000 0.25210300000000000 0.019781
56.4285710000000000 0.20312200000000000 0.017106
56.5306120000000000 0.21010500000000000 0.017697
56.6326530000000000 0.18564600000000000 0.016276
56.7346940000000000 0.14946600000000000 0.014664
56.8367350000000000 0.09755800000000000 0.011311
56.9387760000000000 0.05950700000000000 0.009352
57.0408160000000000 0.04799600000000000 0.008048
57.1428570000000000 0.01931000000000000 0.005711
57.2448980000000000 0.00221000000000000 0.003644
57.3469390000000000 0.00441100000000000 0.004033
57.4489800000000000 0.00436900000000000 0.003994
57.5510200000000000 0.01074300000000000 0.004785
57.6530610000000000 0.00116400000000000 0.003499
57.7551020000000000 -0.0032430000000000 0.002971
57.8571430000000000 0.00541000000000000 0.004119
57.9591840000000000 -0.0042080000000000 0.002655
58.0612240000000000 0.00454800000000000 0.004158
58.1632650000000000 -0.0032070000000000 0.002939
58.2653060000000000 -0.0020450000000000 0.003058
58.3673470000000000 0.00126800000000000 0.003813
58.4693880000000000 0.00011600000000000 0.003510
58.5714290000000000 0.00889100000000000 0.004678
58.6734690000000000 0.00740400000000000 0.004316
58.7755100000000000 -0.0044380000000000 0.002801
58.8775510000000000 0.00571900000000000 0.004354
58.9795920000000000 0.00321900000000000 0.003747
59.0816330000000000 0.00556300000000000 0.004236
59.1836730000000000 0.00716000000000000 0.004711
59.2857140000000000 0.01096400000000000 0.004884
59.3877550000000000 0.01938000000000000 0.005956
59.4897960000000000 0.03109800000000000 0.007115
59.5918370000000000 0.04270900000000000 0.007863
59.6938780000000000 0.05982900000000000 0.009304
59.7959180000000000 0.04229400000000000 0.007785
59.8979590000000000 0.06097000000000000 0.009109
60.0000000000000000 0.06257600000000000 0.009542
