55.0000000000000000 0.30435500000000000 0.022093
55.1020410000000000 0.29796900000000000 0.021514
55.2040820000000000 0.31730700000000000 0.022307
55.3061220000000000 0.32106400000000000 0.023041
55.4081630000000000 0.28625100000000000 0.021344
55.5102040000000000 0.26227300000000000 0.020026
55.6122450000000000 0.23847500000000000 0.018260
55.7142860000000000 0.21238300000000000 0.017605
55.8163270000000000 0.21819100000000000 0.017958
55.9183670000000000 0.24639000000000000 0.018992
56.0204080000000000 0.22494200000000000 0.018068
56.1224490000000000 0.25210300000000000 0.019781
56.2244900000000000 0.21122800000000000 0.017627
56.3265310000000000 0.17133700000000000 0.015696
56.4285710000000000 0.15707800000000000 0.014725
56.5306120000000000 0.11426200000000000 0.012536
56.6326530000000000 0.07284900000000000 0.009850
56.7346940000000000 0.03306000000000000 0.007094
56.8367350000000000 0.01980600000000000 0.005653
56.9387760000000000 0.00354600000000000 0.004128
57.0408160000000000 -0.0019730000000000 0.002950
57.1428570000000000 0.00011200000000000 0.003379
57.2448980000000000 -0.0009400000000000 0.003155
57.3469390000000000 -0.0031110000000000 0.002850
57.4489800000000000 0.00011200000000000 0.003372
57.5510200000000000 0.00436400000000000 0.003990
57.6530610000000000 -0.0062080000000000 0.002123
57.7551020000000000 -0.0010030000000000 0.003367
57.8571430000000000 -0.0009490000000000 0.003185
57.9591840000000000 0.00227400000000000 0.003751
58.0612240000000000 -0.0043150000000000 0.002723
58.1632650000000000 -0.0032070000000000 0.002939
58.2653060000000000 0.00011300000000000 0.003419
58.3673470000000000 -0.0044690000000000 0.002820
58.4693880000000000 0.01008700000000000 0.004858
58.5714290000000000 0.01327900000000000 0.005186
58.6734690000000000 0.02199300000000000 0.005883
58.7755100000000000 0.02746700000000000 0.006758
58.8775510000000000 0.02028300000000000 0.006001
58.9795920000000000 0.02498900000000000 0.006143
59.0816330000000000 0.01319200000000000 0.005151
59.1836730000000000 0.04117400000000000 0.008076
59.2857140000000000 0.04785700000000000 0.008231
59.3877550000000000 0.06470000000000000 0.009680
59.4897960000000000 0.07469500000000000 0.010440
59.5918370000000000 0.10059400000000000 0.011809
59.6938780000000000 0.11728700000000000 0.013010
59.7959180000000000 0.10826800000000000 0.012210
59.8979590000000000 0.11221900000000000 0.012362
60.0000000000000000 0.12049100000000000 0.013253
