55.0000000000000000 0.27055100000000000 0.020492
55.1020410000000000 0.30721300000000000 0.021944
55.2040820000000000 0.24004000000000000 0.018678
55.3061220000000000 0.26202600000000000 0.020233
55.4081630000000000 0.25208500000000000 0.019701
55.5102040000000000 0.25912700000000000 0.019875
55.6122450000000000 0.24238300000000000 0.018445
55.7142860000000000 0.24180700000000000 0.019056
55.8163270000000000 0.20654600000000000 0.017374
55.9183670000000000 0.20161200000000000 0.016805
56.0204080000000000 0.28372800000000000 0.020888
56.1224490000000000 0.27041000000000000 0.020669
56.2244900000000000 0.28124700000000000 0.021043
56.3265310000000000 0.29517900000000000 0.021854
56.4285710000000000 0.28683900000000000 0.021175
56.5306120000000000 0.28333300000000000 0.021289
56.6326530000000000 0.26998000000000000 0.020445
56.7346940000000000 0.27355900000000000 0.021011
56.8367350000000000 0.27068500000000000 0.020321
56.9387760000000000 0.28335200000000000 0.021880
57.0408160000000000 0.27597700000000000 0.020611
57.1428570000000000 0.25181700000000000 0.019678
57.2448980000000000 0.27934400000000000 0.020851
57.3469390000000000 0.26123300000000000 0.020205
57.4489800000000000 0.30768700000000000 0.022325
57.5510200000000000 0.27333900000000000 0.020686
57.6530610000000000 0.28654500000000000 0.021223
57.7551020000000000 0.25779000000000000 0.020434
57.8571430000000000 0.30002400000000000 0.021922
57.9591840000000000 0.24535800000000000 0.019481
58.0612240000000000 0.24939400000000000 0.019913
58.1632650000000000 0.26158100000000000 0.020513
58.2653060000000000 0.27315200000000000 0.020822
58.3673470000000000 0.25597000000000000 0.020573
58.4693880000000000 0.24939400000000000 0.019913
58.5714290000000000 0.27325900000000000 0.020986
58.6734690000000000 0.25229600000000000 0.019489
58.7755100000000000 0.20978100000000000 0.018167
58.8775510000000000 0.12447200000000000 0.013393
58.9795920000000000 0.08511800000000000 0.010547
59.0816330000000000 0.08293800000000000 0.010691
59.1836730000000000 0.09629900000000000 0.011988
59.2857140000000000 0.18565900000000000 0.016506
59.3877550000000000 0.24258200000000000 0.019784
59.4897960000000000 0.23646600000000000 0.019594
59.5918370000000000 0.28189500000000000 0.021360
59.6938780000000000 0.24346900000000000 0.019776
59.7959180000000000 0.27698800000000000 0.021027
59.8979590000000000 0.27237100000000000 0.020681
60.0000000000000000 0.26130300000000000 0.020738
