55.0000000000000000 0.31703200000000000 0.022686
55.1020410000000000 0.30310500000000000 0.021753
55.2040820000000000 0.28985700000000000 0.021037
55.3061220000000000 0.30388900000000000 0.022233
55.4081630000000000 0.27557500000000000 0.020834
55.5102040000000000 0.25702900000000000 0.019774
55.6122450000000000 0.25801400000000000 0.019181
55.7142860000000000 0.22289100000000000 0.018128
55.8163270000000000 0.20548800000000000 0.017321
55.9183670000000000 0.19448800000000000 0.016448
56.0204080000000000 0.22494200000000000 0.018068
56.1224490000000000 0.21225900000000000 0.017806
56.2244900000000000 0.23562800000000000 0.018839
56.3265310000000000 0.17672200000000000 0.015979
56.4285710000000000 0.12777700000000000 0.013123
56.5306120000000000 0.13256900000000000 0.013586
56.6326530000000000 0.08339100000000000 0.010532
56.7346940000000000 0.06600500000000000 0.009605
56.8367350000000000 0.03017300000000000 0.006603
56.9387760000000000 0.01039800000000000 0.005008
57.0408160000000000 0.00531400000000000 0.004046
57.1428570000000000 -0.0052210000000000 0.002397
57.2448980000000000 -0.0051390000000000 0.002359
57.3469390000000000 0.00333600000000000 0.003884
57.4489800000000000 0.00224000000000000 0.003695
57.5510200000000000 -0.0020150000000000 0.003013
57.6530610000000000 -0.0051550000000000 0.002366
57.7551020000000000 -0.0021230000000000 0.003175
57.8571430000000000 0.00858900000000000 0.004519
57.9591840000000000 0.00227400000000000 0.003751
58.0612240000000000 -0.0021000000000000 0.003140
58.1632650000000000 0.00011600000000000 0.003510
58.2653060000000000 0.00335100000000000 0.003901
58.3673470000000000 0.00012000000000000 0.003635
58.4693880000000000 -0.0021000000000000 0.003140
58.5714290000000000 0.00450300000000000 0.004117
58.6734690000000000 0.00636200000000000 0.004185
58.7755100000000000 0.00467700000000000 0.004276
58.8775510000000000 0.01692200000000000 0.005658
58.9795920000000000 0.00736600000000000 0.004294
59.0816330000000000 0.01319200000000000 0.005151
59.1836730000000000 0.01419800000000000 0.005546
59.2857140000000000 0.03266600000000000 0.007009
59.3877550000000000 0.03977400000000000 0.007797
59.4897960000000000 0.05519100000000000 0.009059
59.5918370000000000 0.06782900000000000 0.009701
59.6938780000000000 0.08123500000000000 0.010772
59.7959180000000000 0.07798400000000000 0.010327
59.8979590000000000 0.10581300000000000 0.011983
60.0000000000000000 0.10005000000000000 0.012019
