55.0000000000000000 0.25787400000000000 0.019883
55.1020410000000000 0.20963800000000000 0.017279
55.2040820000000000 0.19937300000000000 0.016685
55.3061220000000000 0.19440100000000000 0.016871
55.4081630000000000 0.16560300000000000 0.015327
55.5102040000000000 0.12699700000000000 0.013093
55.6122450000000000 0.08998100000000000 0.010517
55.7142860000000000 0.05895800000000000 0.008888
55.8163270000000000 0.04669100000000000 0.008027
55.9183670000000000 0.02758500000000000 0.006303
56.0204080000000000 0.02279800000000000 0.005920
56.1224490000000000 0.01303600000000000 0.005090
56.2244900000000000 -0.0030710000000000 0.002814
56.3265310000000000 0.00011300000000000 0.003411
56.4285710000000000 0.00115600000000000 0.003477
56.5306120000000000 0.00011300000000000 0.003411
56.6326530000000000 -0.0041060000000000 0.002591
56.7346940000000000 -0.0009830000000000 0.003300
56.8367350000000000 -0.0009280000000000 0.003116
56.9387760000000000 -0.0033060000000000 0.003029
57.0408160000000000 0.00010900000000000 0.003298
57.1428570000000000 0.00651100000000000 0.004283
57.2448980000000000 -0.0019890000000000 0.002975
57.3469390000000000 0.00656000000000000 0.004316
57.4489800000000000 -0.0009530000000000 0.003198
57.5510200000000000 -0.0030780000000000 0.002820
57.6530610000000000 0.00011000000000000 0.003336
57.7551020000000000 -0.0043640000000000 0.002754
57.8571430000000000 0.00011100000000000 0.003357
57.9591840000000000 0.00119400000000000 0.003590
58.0612240000000000 0.00122400000000000 0.003682
58.1632650000000000 -0.0032070000000000 0.002939
58.2653060000000000 -0.0009660000000000 0.003243
58.3673470000000000 0.00356200000000000 0.004147
58.4693880000000000 0.00122400000000000 0.003682
58.5714290000000000 0.00998800000000000 0.004809
58.6734690000000000 0.01261400000000000 0.004925
58.7755100000000000 0.01607200000000000 0.005635
58.8775510000000000 0.00908000000000000 0.004778
58.9795920000000000 0.01980600000000000 0.005653
59.0816330000000000 0.00229400000000000 0.003784
59.1836730000000000 0.01888900000000000 0.006047
59.2857140000000000 0.02941100000000000 0.006725
59.3877550000000000 0.03977400000000000 0.007797
59.4897960000000000 0.05633800000000000 0.009144
59.5918370000000000 0.05581500000000000 0.008855
59.6938780000000000 0.04856300000000000 0.008467
59.7959180000000000 0.06716900000000000 0.009604
59.8979590000000000 0.06310500000000000 0.009257
60.0000000000000000 0.07166100000000000 0.010176
