55.0000000000000000 0.28428400000000000 0.021146
55.1020410000000000 0.25791200000000000 0.019626
55.2040820000000000 0.26749000000000000 0.019987
55.3061220000000000 0.26309900000000000 0.020285
55.4081630000000000 0.21685200000000000 0.017963
55.5102040000000000 0.19725600000000000 0.016827
55.6122450000000000 0.17302000000000000 0.015054
55.7142860000000000 0.13251800000000000 0.013416
55.8163270000000000 0.07845100000000000 0.010239
55.9183670000000000 0.07948700000000000 0.010091
56.0204080000000000 0.05270700000000000 0.008351
56.1224490000000000 0.02595800000000000 0.006383
56.2244900000000000 0.01284200000000000 0.005014
56.3265310000000000 0.01195900000000000 0.004970
56.4285710000000000 0.00324900000000000 0.003783
56.5306120000000000 -0.0095790000000000 0.001141
56.6326530000000000 -0.0009440000000000 0.003168
56.7346940000000000 0.00121300000000000 0.003649
56.8367350000000000 -0.0030010000000000 0.002750
56.9387760000000000 0.00012000000000000 0.003618
57.0408160000000000 0.00323200000000000 0.003763
57.1428570000000000 0.00224500000000000 0.003703
57.2448980000000000 0.00325900000000000 0.003795
57.3469390000000000 -0.0009620000000000 0.003229
57.4489800000000000 0.00011200000000000 0.003372
57.5510200000000000 0.00011200000000000 0.003368
57.6530610000000000 -0.0009430000000000 0.003165
57.7551020000000000 0.00011800000000000 0.003549
57.8571430000000000 -0.0030680000000000 0.002811
57.9591840000000000 0.00443500000000000 0.004055
58.0612240000000000 0.00344000000000000 0.004005
58.1632650000000000 0.01119500000000000 0.004987
58.2653060000000000 0.00335100000000000 0.003901
58.3673470000000000 0.01044600000000000 0.005031
58.4693880000000000 0.01673500000000000 0.005595
58.5714290000000000 0.03960600000000000 0.007635
58.6734690000000000 0.03762500000000000 0.007247
58.7755100000000000 0.02974600000000000 0.006965
58.8775510000000000 0.02028300000000000 0.006001
58.9795920000000000 0.00736600000000000 0.004294
59.0816330000000000 0.01864100000000000 0.005727
59.1836730000000000 0.02827200000000000 0.006958
59.2857140000000000 0.04460100000000000 0.007981
59.3877550000000000 0.09415800000000000 0.011636
59.4897960000000000 0.09649400000000000 0.011861
59.5918370000000000 0.10714700000000000 0.012205
59.6938780000000000 0.09813500000000000 0.011850
59.7959180000000000 0.10610400000000000 0.012081
59.8979590000000000 0.10474500000000000 0.011920
60.0000000000000000 0.14433800000000000 0.014624
