55.0000000000000000 0.31492000000000000 0.022587
55.1020410000000000 0.33391800000000000 0.023174
55.2040820000000000 0.32950700000000000 0.022866
55.3061220000000000 0.28242100000000000 0.021214
55.4081630000000000 0.28304800000000000 0.021191
55.5102040000000000 0.29897500000000000 0.021767
55.6122450000000000 0.26485300000000000 0.019501
55.7142860000000000 0.24390800000000000 0.019159
55.8163270000000000 0.23089500000000000 0.018587
55.9183670000000000 0.26369100000000000 0.019817
56.0204080000000000 0.29610500000000000 0.021468
56.1224490000000000 0.30810100000000000 0.022465
56.2244900000000000 0.30352500000000000 0.022097
56.3265310000000000 0.27902500000000000 0.021083
56.4285710000000000 0.27218800000000000 0.020481
56.5306120000000000 0.25748800000000000 0.020044
56.6326530000000000 0.26154700000000000 0.020041
56.7346940000000000 0.19998200000000000 0.017346
56.8367350000000000 0.16909000000000000 0.015289
56.9387760000000000 0.15201500000000000 0.015096
57.0408160000000000 0.11357900000000000 0.012281
57.1428570000000000 0.05983800000000000 0.009024
57.2448980000000000 0.05469700000000000 0.008579
57.3469390000000000 0.02590200000000000 0.006369
57.4489800000000000 0.00756200000000000 0.004408
57.5510200000000000 0.00223800000000000 0.003691
57.6530610000000000 -0.0051550000000000 0.002366
57.7551020000000000 0.00011800000000000 0.003549
57.8571430000000000 0.00011100000000000 0.003357
57.9591840000000000 -0.0042080000000000 0.002655
58.0612240000000000 -0.0043150000000000 0.002723
58.1632650000000000 -0.0009920000000000 0.003330
58.2653060000000000 -0.0063620000000000 0.002176
58.3673470000000000 -0.0021740000000000 0.003252
58.4693880000000000 0.00122400000000000 0.003682
58.5714290000000000 0.00011500000000000 0.003475
58.6734690000000000 0.00010900000000000 0.003301
58.7755100000000000 0.00467700000000000 0.004276
58.8775510000000000 -0.0043640000000000 0.002754
58.9795920000000000 -0.0030010000000000 0.002750
59.0816330000000000 -0.0020650000000000 0.003088
59.1836730000000000 0.00364200000000000 0.004240
59.2857140000000000 0.02181500000000000 0.006024
59.3877550000000000 0.02277900000000000 0.006292
59.4897960000000000 0.04486500000000000 0.008267
59.5918370000000000 0.05035400000000000 0.008451
59.6938780000000000 0.06433600000000000 0.009625
59.7959180000000000 0.05527200000000000 0.008767
59.8979590000000000 0.09620400000000000 0.011403
60.0000000000000000 0.08074500000000000 0.010786
