55.0000000000000000 0.24308400000000000 0.019166
55.1020410000000000 0.27537300000000000 0.020455
55.2040820000000000 0.25020700000000000 0.019166
55.3061220000000000 0.29637500000000000 0.021878
55.4081630000000000 0.28091300000000000 0.021090
55.5102040000000000 0.26751600000000000 0.020277
55.6122450000000000 0.22772900000000000 0.017747
55.7142860000000000 0.23234900000000000 0.018594
55.8163270000000000 0.20654600000000000 0.017374
55.9183670000000000 0.24537300000000000 0.018944
56.0204080000000000 0.25897600000000000 0.019715
56.1224490000000000 0.30379400000000000 0.022262
56.2244900000000000 0.27594200000000000 0.020790
56.3265310000000000 0.28010200000000000 0.021135
56.4285710000000000 0.27846700000000000 0.020779
56.5306120000000000 0.27471800000000000 0.020876
56.6326530000000000 0.29528000000000000 0.021645
56.7346940000000000 0.27905000000000000 0.021277
56.8367350000000000 0.26135500000000000 0.019876
56.9387760000000000 0.30162500000000000 0.022768
57.0408160000000000 0.26868900000000000 0.020265
57.1428570000000000 0.29127900000000000 0.021572
57.2448980000000000 0.27934400000000000 0.020851
57.3469390000000000 0.25156200000000000 0.019735
57.4489800000000000 0.26618000000000000 0.020353
57.5510200000000000 0.28716000000000000 0.021345
57.6530610000000000 0.26021800000000000 0.019967
57.7551020000000000 0.27683500000000000 0.021368
57.8571430000000000 0.25021500000000000 0.019542
57.9591840000000000 0.27020600000000000 0.020690
58.0612240000000000 0.24385500000000000 0.019639
58.1632650000000000 0.28595500000000000 0.021698
58.2653060000000000 0.24941000000000000 0.019670
58.3673470000000000 0.26629500000000000 0.021086
58.4693880000000000 0.28817100000000000 0.021805
58.5714290000000000 0.23267200000000000 0.018992
58.6734690000000000 0.24187500000000000 0.018985
58.7755100000000000 0.22117500000000000 0.018753
58.8775510000000000 0.13791600000000000 0.014164
58.9795920000000000 0.07682400000000000 0.010020
59.0816330000000000 0.08075900000000000 0.010550
59.1836730000000000 0.11858300000000000 0.013361
59.2857140000000000 0.19000000000000000 0.016731
59.3877550000000000 0.19839500000000000 0.017527
59.4897960000000000 0.25252800000000000 0.020402
59.5918370000000000 0.26988100000000000 0.020780
59.6938780000000000 0.25586200000000000 0.020392
59.7959180000000000 0.28455900000000000 0.021391
59.8979590000000000 0.26916800000000000 0.020527
60.0000000000000000 0.27265900000000000 0.021298
