55.0000000000000000 0.27266300000000000 0.020593
55.1020410000000000 0.25380400000000000 0.019430
55.2040820000000000 0.22987300000000000 0.018187
55.3061220000000000 0.23626400000000000 0.018975
55.4081630000000000 0.19443100000000000 0.016829
55.5102040000000000 0.16684500000000000 0.015257
55.6122450000000000 0.10561200000000000 0.011436
55.7142860000000000 0.07577200000000000 0.010025
55.8163270000000000 0.05304300000000000 0.008500
55.9183670000000000 0.03165600000000000 0.006655
56.0204080000000000 0.02279800000000000 0.005920
56.1224490000000000 0.00549700000000000 0.004185
56.2244900000000000 0.00329400000000000 0.003835
56.3265310000000000 -0.0041950000000000 0.002647
56.4285710000000000 0.00115600000000000 0.003477
56.5306120000000000 -0.0020410000000000 0.003052
56.6326530000000000 -0.0019980000000000 0.002988
56.7346940000000000 -0.0042770000000000 0.002699
56.8367350000000000 0.00425600000000000 0.003890
56.9387760000000000 -0.0033060000000000 0.003029
57.0408160000000000 -0.0009320000000000 0.003129
57.1428570000000000 0.00011200000000000 0.003379
57.2448980000000000 -0.0040890000000000 0.002580
57.3469390000000000 0.00011300000000000 0.003404
57.4489800000000000 0.00011200000000000 0.003372
57.5510200000000000 -0.0030780000000000 0.002820
57.6530610000000000 0.00432300000000000 0.003952
57.7551020000000000 0.00123800000000000 0.003723
57.8571430000000000 0.00964900000000000 0.004646
57.9591840000000000 0.00659600000000000 0.004339
58.0612240000000000 0.02338200000000000 0.006258
58.1632650000000000 0.02449000000000000 0.006363
58.2653060000000000 0.02277700000000000 0.006095
58.3673470000000000 0.02421400000000000 0.006482
58.4693880000000000 0.05329600000000000 0.008741
58.5714290000000000 0.05167200000000000 0.008571
58.6734690000000000 0.05534000000000000 0.008590
58.7755100000000000 0.07304500000000000 0.010289
58.8775510000000000 0.03708800000000000 0.007523
58.9795920000000000 0.01669600000000000 0.005341
59.0816330000000000 0.03934700000000000 0.007584
59.1836730000000000 0.03648200000000000 0.007684
59.2857140000000000 0.07389800000000000 0.010075
59.3877550000000000 0.08509400000000000 0.011057
59.4897960000000000 0.08961000000000000 0.011424
59.5918370000000000 0.12571400000000000 0.013292
59.6938780000000000 0.12630000000000000 0.013538
59.7959180000000000 0.12016500000000000 0.012907
59.8979590000000000 0.13250500000000000 0.013523
60.0000000000000000 0.13752400000000000 0.014239
