55.0000000000000000 0.27372000000000000 0.020644
55.1020410000000000 0.25072200000000000 0.019282
55.2040820000000000 0.23089000000000000 0.018236
55.3061220000000000 0.25880500000000000 0.020077
55.4081630000000000 0.23927300000000000 0.019075
55.5102040000000000 0.22766700000000000 0.018345
55.6122450000000000 0.25215200000000000 0.018906
55.7142860000000000 0.22289100000000000 0.018128
55.8163270000000000 0.23089500000000000 0.018587
55.9183670000000000 0.22094800000000000 0.017760
56.0204080000000000 0.24866300000000000 0.019220
56.1224490000000000 0.24995000000000000 0.019676
56.2244900000000000 0.23138500000000000 0.018630
56.3265310000000000 0.29087100000000000 0.021649
56.4285710000000000 0.25753800000000000 0.019780
56.5306120000000000 0.28764100000000000 0.021495
56.6326530000000000 0.28473900000000000 0.021147
56.7346940000000000 0.24061400000000000 0.019397
56.8367350000000000 0.27586900000000000 0.020566
56.9387760000000000 0.28106800000000000 0.021768
57.0408160000000000 0.24162300000000000 0.018964
57.1428570000000000 0.25821600000000000 0.019989
57.2448980000000000 0.24890100000000000 0.019392
57.3469390000000000 0.25263600000000000 0.019787
57.4489800000000000 0.26937300000000000 0.020506
57.5510200000000000 0.26589700000000000 0.020329
57.6530610000000000 0.27706700000000000 0.020773
57.7551020000000000 0.27795500000000000 0.021422
57.8571430000000000 0.26929100000000000 0.020462
57.9591840000000000 0.27560800000000000 0.020951
58.0612240000000000 0.29038700000000000 0.021912
58.1632650000000000 0.23388400000000000 0.019142
58.2653060000000000 0.26344000000000000 0.020353
58.3673470000000000 0.27317900000000000 0.021427
58.4693880000000000 0.26822900000000000 0.020838
58.5714290000000000 0.26338700000000000 0.020506
58.6734690000000000 0.23979100000000000 0.018884
58.7755100000000000 0.23370900000000000 0.019390
58.8775510000000000 0.14351800000000000 0.014479
58.9795920000000000 0.08097100000000000 0.010286
59.0816330000000000 0.06550200000000000 0.009530
59.1836730000000000 0.13383100000000000 0.014260
59.2857140000000000 0.18240400000000000 0.016336
59.3877550000000000 0.24031600000000000 0.019671
59.4897960000000000 0.26055900000000000 0.020802
59.5918370000000000 0.27861800000000000 0.021202
59.6938780000000000 0.26374800000000000 0.020782
59.7959180000000000 0.25643900000000000 0.020033
59.8979590000000000 0.23073200000000000 0.018654
60.0000000000000000 0.26925200000000000 0.021131
