55.0000000000000000 0.30858100000000000 0.022291
55.1020410000000000 0.31851200000000000 0.022466
55.2040820000000000 0.28782300000000000 0.020942
55.3061220000000000 0.34360500000000000 0.024090
55.4081630000000000 0.32148500000000000 0.023004
55.5102040000000000 0.29058600000000000 0.021372
55.6122450000000000 0.34886900000000000 0.023328
55.7142860000000000 0.27018000000000000 0.020425
55.8163270000000000 0.28171000000000000 0.021045
55.9183670000000000 0.24537300000000000 0.018944
56.0204080000000000 0.32085700000000000 0.022616
56.1224490000000000 0.28333300000000000 0.021289
56.2244900000000000 0.29397700000000000 0.021647
56.3265310000000000 0.26502600000000000 0.020409
56.4285710000000000 0.26486300000000000 0.020131
56.5306120000000000 0.26825700000000000 0.020565
56.6326530000000000 0.26576300000000000 0.020243
56.7346940000000000 0.26697000000000000 0.020691
56.8367350000000000 0.24684100000000000 0.019179
56.9387760000000000 0.21482800000000000 0.018448
57.0408160000000000 0.17812200000000000 0.015790
57.1428570000000000 0.16222700000000000 0.015139
57.2448980000000000 0.12713000000000000 0.013108
57.3469390000000000 0.08930200000000000 0.011014
57.4489800000000000 0.04694000000000000 0.008071
57.5510200000000000 0.00649000000000000 0.004270
57.6530610000000000 -0.0041020000000000 0.002588
57.7551020000000000 -0.0021230000000000 0.003175
57.8571430000000000 0.00117100000000000 0.003522
57.9591840000000000 -0.0020470000000000 0.003062
58.0612240000000000 0.00233200000000000 0.003846
58.1632650000000000 -0.0032070000000000 0.002939
58.2653060000000000 0.00119200000000000 0.003586
58.3673470000000000 -0.0010270000000000 0.003448
58.4693880000000000 -0.0032070000000000 0.002939
58.5714290000000000 0.00011500000000000 0.003475
58.6734690000000000 -0.0051010000000000 0.002342
58.7755100000000000 0.00467700000000000 0.004276
58.8775510000000000 -0.0054840000000000 0.002518
58.9795920000000000 0.00321900000000000 0.003747
59.0816330000000000 0.00120400000000000 0.003621
59.1836730000000000 0.00598700000000000 0.004559
59.2857140000000000 0.00011400000000000 0.003437
59.3877550000000000 0.00918300000000000 0.004832
59.4897960000000000 0.01962500000000000 0.006031
59.5918370000000000 0.03615600000000000 0.007332
59.6938780000000000 0.03391700000000000 0.007280
59.7959180000000000 0.05743500000000000 0.008923
59.8979590000000000 0.04602200000000000 0.008016
60.0000000000000000 0.05008500000000000 0.008622
