55.0000000000000000 0.28639700000000000 0.021247
55.1020410000000000 0.26921000000000000 0.020164
55.2040820000000000 0.24207300000000000 0.018776
55.3061220000000000 0.21372200000000000 0.017852
55.4081630000000000 0.22859600000000000 0.018548
55.5102040000000000 0.17838100000000000 0.015860
55.6122450000000000 0.15738900000000000 0.014252
55.7142860000000000 0.14512800000000000 0.014111
55.8163270000000000 0.10279900000000000 0.011751
55.9183670000000000 0.07541700000000000 0.009831
56.0204080000000000 0.06714600000000000 0.009356
56.1224490000000000 0.05288000000000000 0.008571
56.2244900000000000 0.00965900000000000 0.004651
56.3265310000000000 0.00442100000000000 0.004041
56.4285710000000000 0.00324900000000000 0.003783
56.5306120000000000 -0.0009640000000000 0.003236
56.6326530000000000 -0.0009440000000000 0.003168
56.7346940000000000 0.00011500000000000 0.003479
56.8367350000000000 0.00010900000000000 0.003284
56.9387760000000000 0.00240400000000000 0.003965
57.0408160000000000 -0.0030140000000000 0.002761
57.1428570000000000 0.00437800000000000 0.004003
57.2448980000000000 -0.0019890000000000 0.002975
57.3469390000000000 -0.0052600000000000 0.002415
57.4489800000000000 -0.0009530000000000 0.003198
57.5510200000000000 -0.0083940000000000 0.001540
57.6530610000000000 -0.0009430000000000 0.003165
57.7551020000000000 -0.0032430000000000 0.002971
57.8571430000000000 -0.0051880000000000 0.002382
57.9591840000000000 0.00227400000000000 0.003751
58.0612240000000000 0.00122400000000000 0.003682
58.1632650000000000 0.00233200000000000 0.003846
58.2653060000000000 0.00982600000000000 0.004731
58.3673470000000000 0.00929900000000000 0.004893
58.4693880000000000 0.01451900000000000 0.005359
58.5714290000000000 0.00998800000000000 0.004809
58.6734690000000000 0.03554100000000000 0.007077
58.7755100000000000 0.02063000000000000 0.006104
58.8775510000000000 0.02364400000000000 0.006329
58.9795920000000000 0.00840200000000000 0.004421
59.0816330000000000 0.02191000000000000 0.006050
59.1836730000000000 0.01888900000000000 0.006047
59.2857140000000000 0.04677100000000000 0.008148
59.3877550000000000 0.08282800000000000 0.010909
59.4897960000000000 0.07354800000000000 0.010362
59.5918370000000000 0.07438200000000000 0.010144
59.6938780000000000 0.09926100000000000 0.011920
59.7959180000000000 0.07582100000000000 0.010185
59.8979590000000000 0.09940700000000000 0.011598
60.0000000000000000 0.13184700000000000 0.013914
