55.0000000000000000 0.30752500000000000 0.022242
55.1020410000000000 0.30721300000000000 0.021944
55.2040820000000000 0.30917300000000000 0.021932
55.3061220000000000 0.26954000000000000 0.020596
55.4081630000000000 0.29265700000000000 0.021648
55.5102040000000000 0.29897500000000000 0.021767
55.6122450000000000 0.29709200000000000 0.020989
55.7142860000000000 0.22814600000000000 0.018387
55.8163270000000000 0.22877800000000000 0.018483
55.9183670000000000 0.25147900000000000 0.019236
56.0204080000000000 0.30951200000000000 0.022092
56.1224490000000000 0.30379400000000000 0.022262
56.2244900000000000 0.31413400000000000 0.022594
56.3265310000000000 0.30702400000000000 0.022414
56.4285710000000000 0.28369900000000000 0.021027
56.5306120000000000 0.27687200000000000 0.020980
56.6326530000000000 0.30160500000000000 0.021943
56.7346940000000000 0.28893400000000000 0.021753
56.8367350000000000 0.24269500000000000 0.018978
56.9387760000000000 0.25251600000000000 0.020357
57.0408160000000000 0.25723800000000000 0.019717
57.1428570000000000 0.19955600000000000 0.017082
57.2448980000000000 0.15652300000000000 0.014718
57.3469390000000000 0.10971900000000000 0.012255
57.4489800000000000 0.11505300000000000 0.012507
57.5510200000000000 0.05964800000000000 0.008994
57.6530610000000000 0.01380000000000000 0.005093
57.7551020000000000 0.00123800000000000 0.003723
57.8571430000000000 -0.0041280000000000 0.002605
57.9591840000000000 -0.0042080000000000 0.002655
58.0612240000000000 0.00011600000000000 0.003510
58.1632650000000000 0.00122400000000000 0.003682
58.2653060000000000 0.00443000000000000 0.004050
58.3673470000000000 0.00356200000000000 0.004147
58.4693880000000000 -0.0021000000000000 0.003140
58.5714290000000000 -0.0042730000000000 0.002696
58.6734690000000000 0.00010900000000000 0.003301
58.7755100000000000 -0.0010200000000000 0.003424
58.8775510000000000 0.00011800000000000 0.003549
58.9795920000000000 0.00425600000000000 0.003890
59.0816330000000000 0.01646100000000000 0.005503
59.1836730000000000 0.01888900000000000 0.006047
59.2857140000000000 0.02615500000000000 0.006432
59.3877550000000000 0.05110400000000000 0.008688
59.4897960000000000 0.07354800000000000 0.010362
59.5918370000000000 0.07765900000000000 0.010360
59.6938780000000000 0.11503400000000000 0.012877
59.7959180000000000 0.11475700000000000 0.012593
59.8979590000000000 0.09727100000000000 0.011469
60.0000000000000000 0.10799900000000000 0.012506
