55.0000000000000000 0.35506300000000000 0.024444
55.1020410000000000 0.35446000000000000 0.024110
55.2040820000000000 0.31832300000000000 0.022353
55.3061220000000000 0.30281500000000000 0.022183
55.4081630000000000 0.30333400000000000 0.022153
55.5102040000000000 0.32099700000000000 0.022794
55.6122450000000000 0.28146100000000000 0.020271
55.7142860000000000 0.29645100000000000 0.021669
55.8163270000000000 0.26900600000000000 0.020438
55.9183670000000000 0.29116900000000000 0.021108
56.0204080000000000 0.26619500000000000 0.020059
56.1224490000000000 0.28656400000000000 0.021444
56.2244900000000000 0.32580400000000000 0.023138
56.3265310000000000 0.28333300000000000 0.021289
56.4285710000000000 0.29416400000000000 0.021520
56.5306120000000000 0.26394900000000000 0.020357
56.6326530000000000 0.28157600000000000 0.020997
56.7346940000000000 0.23182900000000000 0.018959
56.8367350000000000 0.23025400000000000 0.018373
56.9387760000000000 0.21254400000000000 0.018330
57.0408160000000000 0.17083500000000000 0.015412
57.1428570000000000 0.15156100000000000 0.014566
57.2448980000000000 0.12923000000000000 0.013226
57.3469390000000000 0.08070500000000000 0.010468
57.4489800000000000 0.03736100000000000 0.007317
57.5510200000000000 0.02456400000000000 0.006203
57.6530610000000000 0.00537600000000000 0.004093
57.7551020000000000 -0.0032430000000000 0.002971
57.8571430000000000 0.00011100000000000 0.003357
57.9591840000000000 -0.0020470000000000 0.003062
58.0612240000000000 -0.0009920000000000 0.003330
58.1632650000000000 -0.0076390000000000 0.001945
58.2653060000000000 -0.0031240000000000 0.002862
58.3673470000000000 -0.0044690000000000 0.002820
58.4693880000000000 0.00011600000000000 0.003510
58.5714290000000000 -0.0042730000000000 0.002696
58.6734690000000000 -0.0061430000000000 0.002100
58.7755100000000000 -0.0010200000000000 0.003424
58.8775510000000000 0.00123800000000000 0.003723
58.9795920000000000 0.00010900000000000 0.003284
59.0816330000000000 0.00665300000000000 0.004377
59.1836730000000000 -0.0022230000000000 0.003324
59.2857140000000000 -0.0042260000000000 0.002667
59.3877550000000000 0.00238500000000000 0.003934
59.4897960000000000 0.00471000000000000 0.004306
59.5918370000000000 0.03506400000000000 0.007240
59.6938780000000000 0.03729700000000000 0.007566
59.7959180000000000 0.02823400000000000 0.006607
59.8979590000000000 0.04602200000000000 0.008016
60.0000000000000000 0.05462700000000000 0.008964
