55.0000000000000000 0.25998600000000000 0.019985
55.1020410000000000 0.29694200000000000 0.021466
55.2040820000000000 0.27562300000000000 0.020371
55.3061220000000000 0.25665900000000000 0.019973
55.4081630000000000 0.28518400000000000 0.021293
55.5102040000000000 0.28953800000000000 0.021323
55.6122450000000000 0.26876000000000000 0.019683
55.7142860000000000 0.19556900000000000 0.016758
55.8163270000000000 0.24042300000000000 0.019055
55.9183670000000000 0.22603600000000000 0.018009
56.0204080000000000 0.22287900000000000 0.017967
56.1224490000000000 0.28548700000000000 0.021392
56.2244900000000000 0.26957700000000000 0.020486
56.3265310000000000 0.28548700000000000 0.021392
56.4285710000000000 0.27114200000000000 0.020431
56.5306120000000000 0.24995000000000000 0.019676
56.6326530000000000 0.27208800000000000 0.020546
56.7346940000000000 0.27465700000000000 0.021064
56.8367350000000000 0.26031800000000000 0.019827
56.9387760000000000 0.28563600000000000 0.021991
57.0408160000000000 0.28118200000000000 0.020857
57.1428570000000000 0.25288300000000000 0.019730
57.2448980000000000 0.29194100000000000 0.021446
57.3469390000000000 0.26553100000000000 0.020413
57.4489800000000000 0.26298800000000000 0.020199
57.5510200000000000 0.26483400000000000 0.020278
57.6530610000000000 0.26232400000000000 0.020068
57.7551020000000000 0.27347400000000000 0.021204
57.8571430000000000 0.30426300000000000 0.022121
57.9591840000000000 0.25724200000000000 0.020062
58.0612240000000000 0.24717800000000000 0.019804
58.1632650000000000 0.26933600000000000 0.020892
58.2653060000000000 0.29149900000000000 0.021700
58.3673470000000000 0.24908600000000000 0.020229
58.4693880000000000 0.31586800000000000 0.023130
58.5714290000000000 0.24364100000000000 0.019537
58.6734690000000000 0.21686500000000000 0.017758
58.7755100000000000 0.20180400000000000 0.017753
58.8775510000000000 0.19057100000000000 0.017023
58.9795920000000000 0.07371400000000000 0.009818
59.0816330000000000 0.07857900000000000 0.010408
59.1836730000000000 0.13265800000000000 0.014192
59.2857140000000000 0.17480900000000000 0.015937
59.3877550000000000 0.22785300000000000 0.019042
59.4897960000000000 0.24334900000000000 0.019941
59.5918370000000000 0.22619400000000000 0.018629
59.6938780000000000 0.26600200000000000 0.020893
59.7959180000000000 0.25968300000000000 0.020191
59.8979590000000000 0.26276200000000000 0.020219
60.0000000000000000 0.22269300000000000 0.018800
