55.0000000000000000 0.34449900000000000 0.023958
55.1020410000000000 0.37294800000000000 0.024946
55.2040820000000000 0.30104000000000000 0.021556
55.3061220000000000 0.29422800000000000 0.021776
55.4081630000000000 0.30119900000000000 0.022052
55.5102040000000000 0.31680200000000000 0.022599
55.6122450000000000 0.27071400000000000 0.019773
55.7142860000000000 0.25231500000000000 0.019566
55.8163270000000000 0.21819100000000000 0.017958
55.9183670000000000 0.21585900000000000 0.017510
56.0204080000000000 0.21875400000000000 0.017764
56.1224490000000000 0.24671900000000000 0.019518
56.2244900000000000 0.24517600000000000 0.019306
56.3265310000000000 0.21010500000000000 0.017697
56.4285710000000000 0.21463300000000000 0.017682
56.5306120000000000 0.21979700000000000 0.018185
56.6326530000000000 0.17194200000000000 0.015564
56.7346940000000000 0.15605500000000000 0.015024
56.8367350000000000 0.12554800000000000 0.012936
56.9387760000000000 0.11775300000000000 0.013129
57.0408160000000000 0.06048800000000000 0.008948
57.1428570000000000 0.04810600000000000 0.008169
57.2448980000000000 0.02740400000000000 0.006411
57.3469390000000000 0.01300800000000000 0.005079
57.4489800000000000 0.00649700000000000 0.004274
57.5510200000000000 0.00117500000000000 0.003533
57.6530610000000000 -0.0041020000000000 0.002588
57.7551020000000000 -0.0066040000000000 0.002259
57.8571430000000000 -0.0062470000000000 0.002136
57.9591840000000000 0.00011300000000000 0.003423
58.0612240000000000 0.00122400000000000 0.003682
58.1632650000000000 -0.0021000000000000 0.003140
58.2653060000000000 -0.0009660000000000 0.003243
58.3673470000000000 0.00012000000000000 0.003635
58.4693880000000000 0.00344000000000000 0.004005
58.5714290000000000 0.00121200000000000 0.003645
58.6734690000000000 0.00115100000000000 0.003463
58.7755100000000000 -0.0044380000000000 0.002801
58.8775510000000000 0.00796000000000000 0.004641
58.9795920000000000 0.00321900000000000 0.003747
59.0816330000000000 -0.0009750000000000 0.003275
59.1836730000000000 0.00246900000000000 0.004072
59.2857140000000000 0.00228400000000000 0.003767
59.3877550000000000 0.00465100000000000 0.004252
59.4897960000000000 0.00241500000000000 0.003983
59.5918370000000000 0.00557500000000000 0.004245
59.6938780000000000 0.00575100000000000 0.004379
59.7959180000000000 0.00876600000000000 0.004612
59.8979590000000000 0.01078900000000000 0.004805
60.0000000000000000 0.01942400000000000 0.005969
