55.0000000000000000 0.29167900000000000 0.021496
55.1020410000000000 0.23737000000000000 0.018639
55.2040820000000000 0.26037300000000000 0.019650
55.3061220000000000 0.28349400000000000 0.021265
55.4081630000000000 0.26810100000000000 0.020476
55.5102040000000000 0.23605600000000000 0.018757
55.6122450000000000 0.24629100000000000 0.018630
55.7142860000000000 0.21238300000000000 0.017605
55.8163270000000000 0.21289800000000000 0.017693
55.9183670000000000 0.22909000000000000 0.018157
56.0204080000000000 0.24763100000000000 0.019171
56.1224490000000000 0.26933400000000000 0.020617
56.2244900000000000 0.24411600000000000 0.019254
56.3265310000000000 0.29517900000000000 0.021854
56.4285710000000000 0.28579200000000000 0.021126
56.5306120000000000 0.25102700000000000 0.019729
56.6326530000000000 0.28052200000000000 0.020947
56.7346940000000000 0.28563900000000000 0.021594
56.8367350000000000 0.23025400000000000 0.018373
56.9387760000000000 0.29819900000000000 0.022602
57.0408160000000000 0.30200200000000000 0.021835
57.1428570000000000 0.29127900000000000 0.021572
57.2448980000000000 0.26674700000000000 0.020251
57.3469390000000000 0.29454400000000000 0.021802
57.4489800000000000 0.26830900000000000 0.020455
57.5510200000000000 0.26802400000000000 0.020432
57.6530610000000000 0.30234100000000000 0.021967
57.7551020000000000 0.29139900000000000 0.022074
57.8571430000000000 0.26823100000000000 0.020411
57.9591840000000000 0.26912600000000000 0.020638
58.0612240000000000 0.26379700000000000 0.020622
58.1632650000000000 0.28706300000000000 0.021752
58.2653060000000000 0.25912300000000000 0.020143
58.3673470000000000 0.28121000000000000 0.021821
58.4693880000000000 0.28927900000000000 0.021858
58.5714290000000000 0.24583500000000000 0.019645
58.6734690000000000 0.23666500000000000 0.018731
58.7755100000000000 0.21206000000000000 0.018285
58.8775510000000000 0.13791600000000000 0.014164
58.9795920000000000 0.09755800000000000 0.011311
59.0816330000000000 0.07204100000000000 0.009975
59.1836730000000000 0.10450900000000000 0.012503
59.2857140000000000 0.15961800000000000 0.015128
59.3877550000000000 0.26184400000000000 0.020743
59.4897960000000000 0.28121000000000000 0.021821
59.5918370000000000 0.28626400000000000 0.021570
59.6938780000000000 0.23896300000000000 0.019550
59.7959180000000000 0.26509100000000000 0.020453
59.8979590000000000 0.26810100000000000 0.020476
60.0000000000000000 0.23632000000000000 0.019491
