55.0000000000000000 0.29062200000000000 0.021447
55.1020410000000000 0.29180700000000000 0.021227
55.2040820000000000 0.26444000000000000 0.019843
55.3061220000000000 0.29959500000000000 0.022031
55.4081630000000000 0.25101800000000000 0.019649
55.5102040000000000 0.30631600000000000 0.022110
55.6122450000000000 0.27559900000000000 0.020000
55.7142860000000000 0.24390800000000000 0.019159
55.8163270000000000 0.21925000000000000 0.018010
55.9183670000000000 0.27081500000000000 0.020154
56.0204080000000000 0.24144300000000000 0.018872
56.1224490000000000 0.27256400000000000 0.020773
56.2244900000000000 0.28018600000000000 0.020993
56.3265310000000000 0.29410200000000000 0.021803
56.4285710000000000 0.27009500000000000 0.020381
56.5306120000000000 0.28871700000000000 0.021546
56.6326530000000000 0.26998000000000000 0.020445
56.7346940000000000 0.28014800000000000 0.021330
56.8367350000000000 0.26239200000000000 0.019926
56.9387760000000000 0.24680600000000000 0.020071
57.0408160000000000 0.24370500000000000 0.019065
57.1428570000000000 0.18995700000000000 0.016590
57.2448980000000000 0.15442400000000000 0.014605
57.3469390000000000 0.11616600000000000 0.012633
57.4489800000000000 0.04800400000000000 0.008151
57.5510200000000000 0.00223800000000000 0.003691
57.6530610000000000 -0.0019960000000000 0.002984
57.7551020000000000 0.00235800000000000 0.003890
57.8571430000000000 -0.0009490000000000 0.003185
57.9591840000000000 -0.0009670000000000 0.003247
58.0612240000000000 -0.0009920000000000 0.003330
58.1632650000000000 -0.0021000000000000 0.003140
58.2653060000000000 -0.0009660000000000 0.003243
58.3673470000000000 0.01044600000000000 0.005031
58.4693880000000000 0.02892200000000000 0.006770
58.5714290000000000 0.05496300000000000 0.008814
58.6734690000000000 0.08347700000000000 0.010473
58.7755100000000000 0.08785800000000000 0.011269
58.8775510000000000 0.07741900000000000 0.010488
58.9795920000000000 0.03121000000000000 0.006692
59.0816330000000000 0.05460400000000000 0.008755
59.1836730000000000 0.07636000000000000 0.010680
59.2857140000000000 0.13032100000000000 0.013510
59.3877550000000000 0.16893700000000000 0.015963
59.4897960000000000 0.19860400000000000 0.017645
59.5918370000000000 0.17595400000000000 0.016049
59.6938780000000000 0.19615100000000000 0.017362
59.7959180000000000 0.17099700000000000 0.015711
59.8979590000000000 0.22112300000000000 0.018177
60.0000000000000000 0.22496400000000000 0.018916
