55.0000000000000000 0.23674600000000000 0.018856
55.1020410000000000 0.28153600000000000 0.020745
55.2040820000000000 0.28579000000000000 0.020847
55.3061220000000000 0.26202600000000000 0.020233
55.4081630000000000 0.26703300000000000 0.020424
55.5102040000000000 0.25283500000000000 0.019572
55.6122450000000000 0.24531400000000000 0.018584
55.7142860000000000 0.22499300000000000 0.018232
55.8163270000000000 0.19066700000000000 0.016567
55.9183670000000000 0.24333700000000000 0.018846
56.0204080000000000 0.24556900000000000 0.019071
56.1224490000000000 0.28010200000000000 0.021135
56.2244900000000000 0.24411600000000000 0.019254
56.3265310000000000 0.26179500000000000 0.020253
56.4285710000000000 0.27114200000000000 0.020431
56.5306120000000000 0.23810400000000000 0.019095
56.6326530000000000 0.28157600000000000 0.020997
56.7346940000000000 0.27026500000000000 0.020851
56.8367350000000000 0.24891500000000000 0.019279
56.9387760000000000 0.25708500000000000 0.020584
57.0408160000000000 0.26556600000000000 0.020116
57.1428570000000000 0.25075000000000000 0.019626
57.2448980000000000 0.27619500000000000 0.020701
57.3469390000000000 0.26338200000000000 0.020309
57.4489800000000000 0.28853000000000000 0.021421
57.5510200000000000 0.28609700000000000 0.021295
57.6530610000000000 0.28128000000000000 0.020973
57.7551020000000000 0.29812100000000000 0.022398
57.8571430000000000 0.28094900000000000 0.021019
57.9591840000000000 0.25184000000000000 0.019799
58.0612240000000000 0.27376800000000000 0.021108
58.1632650000000000 0.27598400000000000 0.021216
58.2653060000000000 0.26883600000000000 0.020614
58.3673470000000000 0.27088500000000000 0.021313
58.4693880000000000 0.27820000000000000 0.021323
58.5714290000000000 0.24364100000000000 0.019537
58.6734690000000000 0.24395900000000000 0.019086
58.7755100000000000 0.22801200000000000 0.019102
58.8775510000000000 0.14463800000000000 0.014542
58.9795920000000000 0.09755800000000000 0.011311
59.0816330000000000 0.07313000000000000 0.010048
59.1836730000000000 0.11975600000000000 0.013431
59.2857140000000000 0.18782900000000000 0.016619
59.3877550000000000 0.24144900000000000 0.019728
59.4897960000000000 0.26055900000000000 0.020802
59.5918370000000000 0.27643400000000000 0.021097
59.6938780000000000 0.27952100000000000 0.021555
59.7959180000000000 0.27266200000000000 0.020819
59.8979590000000000 0.26703300000000000 0.020424
60.0000000000000000 0.28401400000000000 0.021854
