55.0000000000000000 0.25998600000000000 0.019985
55.1020410000000000 0.25688500000000000 0.019577
55.2040820000000000 0.25935700000000000 0.019602
55.3061220000000000 0.30174200000000000 0.022132
55.4081630000000000 0.26169500000000000 0.020167
55.5102040000000000 0.26856500000000000 0.020328
55.6122450000000000 0.25703700000000000 0.019135
55.7142860000000000 0.21028100000000000 0.017500
55.8163270000000000 0.20866300000000000 0.017481
55.9183670000000000 0.22400100000000000 0.017909
56.0204080000000000 0.21978500000000000 0.017815
56.1224490000000000 0.25748800000000000 0.020044
56.2244900000000000 0.27700300000000000 0.020841
56.3265310000000000 0.26071800000000000 0.020201
56.4285710000000000 0.28997800000000000 0.021323
56.5306120000000000 0.30164000000000000 0.022160
56.6326530000000000 0.27208800000000000 0.020546
56.7346940000000000 0.28234500000000000 0.021436
56.8367350000000000 0.26446500000000000 0.020025
56.9387760000000000 0.31533000000000000 0.023429
57.0408160000000000 0.25932000000000000 0.019817
57.1428570000000000 0.27528100000000000 0.020810
57.2448980000000000 0.29089100000000000 0.021397
57.3469390000000000 0.25908400000000000 0.020101
57.4489800000000000 0.26937300000000000 0.020506
57.5510200000000000 0.26696100000000000 0.020380
57.6530610000000000 0.27285500000000000 0.020572
57.7551020000000000 0.30036200000000000 0.022506
57.8571430000000000 0.27882900000000000 0.020918
57.9591840000000000 0.27668900000000000 0.021003
58.0612240000000000 0.26822900000000000 0.020838
58.1632650000000000 0.27487600000000000 0.021162
58.2653060000000000 0.26344000000000000 0.020353
58.3673470000000000 0.24908600000000000 0.020229
58.4693880000000000 0.28927900000000000 0.021858
58.5714290000000000 0.24254400000000000 0.019482
58.6734690000000000 0.25125400000000000 0.019439
58.7755100000000000 0.23712800000000000 0.019563
58.8775510000000000 0.14463800000000000 0.014542
58.9795920000000000 0.11310800000000000 0.012228
59.0816330000000000 0.06005300000000000 0.009148
59.1836730000000000 0.11858300000000000 0.013361
59.2857140000000000 0.15961800000000000 0.015128
59.3877550000000000 0.23125200000000000 0.019214
59.4897960000000000 0.26859000000000000 0.021200
59.5918370000000000 0.24913000000000000 0.019767
59.6938780000000000 0.26825500000000000 0.021003
59.7959180000000000 0.26400900000000000 0.020401
59.8979590000000000 0.25528900000000000 0.019857
60.0000000000000000 0.25335400000000000 0.020344
