55.0000000000000000 0.25259200000000000 0.019628
55.1020410000000000 0.29591500000000000 0.021418
55.2040820000000000 0.28375700000000000 0.020752
55.3061220000000000 0.26846600000000000 0.020544
55.4081630000000000 0.26276200000000000 0.020219
55.5102040000000000 0.25493200000000000 0.019673
55.6122450000000000 0.23554400000000000 0.018120
55.7142860000000000 0.23340000000000000 0.018646
55.8163270000000000 0.23089500000000000 0.018587
55.9183670000000000 0.25656700000000000 0.019479
56.0204080000000000 0.26929000000000000 0.020206
56.1224490000000000 0.27471800000000000 0.020876
56.2244900000000000 0.25472400000000000 0.019770
56.3265310000000000 0.25318000000000000 0.019834
56.4285710000000000 0.28788500000000000 0.021224
56.5306120000000000 0.28979400000000000 0.021598
56.6326530000000000 0.24151700000000000 0.019071
56.7346940000000000 0.27136300000000000 0.020905
56.8367350000000000 0.27068500000000000 0.020321
56.9387760000000000 0.26393700000000000 0.020924
57.0408160000000000 0.25411500000000000 0.019567
57.1428570000000000 0.24541700000000000 0.019366
57.2448980000000000 0.29299100000000000 0.021496
57.3469390000000000 0.25156200000000000 0.019735
57.4489800000000000 0.25021600000000000 0.019581
57.5510200000000000 0.32118100000000000 0.022945
57.6530610000000000 0.28865100000000000 0.021322
57.7551020000000000 0.26339100000000000 0.020710
57.8571430000000000 0.24279700000000000 0.019181
57.9591840000000000 0.28101000000000000 0.021210
58.0612240000000000 0.25493400000000000 0.020187
58.1632650000000000 0.29481800000000000 0.022125
58.2653060000000000 0.27315200000000000 0.020822
58.3673470000000000 0.28694700000000000 0.022102
58.4693880000000000 0.24607100000000000 0.019749
58.5714290000000000 0.26338700000000000 0.020506
58.6734690000000000 0.26896900000000000 0.020288
58.7755100000000000 0.19838600000000000 0.017575
58.8775510000000000 0.14687900000000000 0.014667
58.9795920000000000 0.07578700000000000 0.009953
59.0816330000000000 0.07857900000000000 0.010408
59.1836730000000000 0.13031200000000000 0.014055
59.2857140000000000 0.17263900000000000 0.015823
59.3877550000000000 0.22558700000000000 0.018927
59.4897960000000000 0.21925600000000000 0.018716
59.5918370000000000 0.25786700000000000 0.020195
59.6938780000000000 0.27614100000000000 0.021390
59.7959180000000000 0.24994900000000000 0.019716
59.8979590000000000 0.24995000000000000 0.019597
60.0000000000000000 0.24426900000000000 0.019890
