55.0000000000000000 0.35295000000000000 0.024347
55.1020410000000000 0.32878300000000000 0.022938
55.2040820000000000 0.36610700000000000 0.024525
55.3061220000000000 0.36507400000000000 0.025081
55.4081630000000000 0.34390600000000000 0.024046
55.5102040000000000 0.33043500000000000 0.023231
55.6122450000000000 0.27364500000000000 0.019909
55.7142860000000000 0.24285800000000000 0.019108
55.8163270000000000 0.20654600000000000 0.017374
55.9183670000000000 0.21687700000000000 0.017560
56.0204080000000000 0.25072500000000000 0.019320
56.1224490000000000 0.27041000000000000 0.020669
56.2244900000000000 0.23562800000000000 0.018839
56.3265310000000000 0.17133700000000000 0.015696
56.4285710000000000 0.16545000000000000 0.015168
56.5306120000000000 0.10349400000000000 0.011898
56.6326530000000000 0.07495700000000000 0.009989
56.7346940000000000 0.04623800000000000 0.008164
56.8367350000000000 0.01358600000000000 0.005013
56.9387760000000000 -0.0010220000000000 0.003432
57.0408160000000000 -0.0040550000000000 0.002558
57.1428570000000000 -0.0030880000000000 0.002829
57.2448980000000000 0.00640900000000000 0.004216
57.3469390000000000 0.00333600000000000 0.003884
57.4489800000000000 -0.0020170000000000 0.003016
57.5510200000000000 0.00330100000000000 0.003843
57.6530610000000000 0.00011000000000000 0.003336
57.7551020000000000 0.00235800000000000 0.003890
57.8571430000000000 -0.0051880000000000 0.002382
57.9591840000000000 -0.0020470000000000 0.003062
58.0612240000000000 -0.0054230000000000 0.002490
58.1632650000000000 -0.0032070000000000 0.002939
58.2653060000000000 0.00011300000000000 0.003419
58.3673470000000000 0.00241500000000000 0.003983
58.4693880000000000 0.00011600000000000 0.003510
58.5714290000000000 0.01108500000000000 0.004938
58.6734690000000000 0.01157200000000000 0.004809
58.7755100000000000 0.01493300000000000 0.005512
58.8775510000000000 0.01804300000000000 0.005774
58.9795920000000000 0.01462200000000000 0.005124
59.0816330000000000 0.01864100000000000 0.005727
59.1836730000000000 0.02006200000000000 0.006167
59.2857140000000000 0.02507000000000000 0.006332
59.3877550000000000 0.02844400000000000 0.006822
59.4897960000000000 0.03454000000000000 0.007416
59.5918370000000000 0.02523500000000000 0.006374
59.6938780000000000 0.01476400000000000 0.005450
59.7959180000000000 0.00984700000000000 0.004742
59.8979590000000000 0.00651800000000000 0.004288
60.0000000000000000 0.00011900000000000 0.003597
