55.0000000000000000 0.26526800000000000 0.020239
55.1020410000000000 0.30207800000000000 0.021705
55.2040820000000000 0.26139000000000000 0.019699
55.3061220000000000 0.26631900000000000 0.020441
55.4081630000000000 0.24995000000000000 0.019597
55.5102040000000000 0.26541900000000000 0.020177
55.6122450000000000 0.25899100000000000 0.019227
55.7142860000000000 0.19346700000000000 0.016651
55.8163270000000000 0.21819100000000000 0.017958
55.9183670000000000 0.21993000000000000 0.017710
56.0204080000000000 0.27341500000000000 0.020401
56.1224490000000000 0.25964200000000000 0.020148
56.2244900000000000 0.26957700000000000 0.020486
56.3265310000000000 0.25533400000000000 0.019939
56.4285710000000000 0.25021300000000000 0.019426
56.5306120000000000 0.27902500000000000 0.021083
56.6326530000000000 0.28368400000000000 0.021097
56.7346940000000000 0.24281100000000000 0.019506
56.8367350000000000 0.30697000000000000 0.022025
56.9387760000000000 0.26736300000000000 0.021094
57.0408160000000000 0.25827900000000000 0.019767
57.1428570000000000 0.25821600000000000 0.019989
57.2448980000000000 0.24890100000000000 0.019392
57.3469390000000000 0.25371100000000000 0.019840
57.4489800000000000 0.25766600000000000 0.019942
57.5510200000000000 0.23187700000000000 0.018673
57.6530610000000000 0.25074100000000000 0.019509
57.7551020000000000 0.30484300000000000 0.022721
57.8571430000000000 0.27353000000000000 0.020665
57.9591840000000000 0.23995600000000000 0.019215
58.0612240000000000 0.26047300000000000 0.020459
58.1632650000000000 0.24496300000000000 0.019694
58.2653060000000000 0.24185600000000000 0.019299
58.3673470000000000 0.28235800000000000 0.021878
58.4693880000000000 0.25715000000000000 0.020296
58.5714290000000000 0.26887100000000000 0.020773
58.6734690000000000 0.25959100000000000 0.019840
58.7755100000000000 0.23598800000000000 0.019506
58.8775510000000000 0.14351800000000000 0.014479
58.9795920000000000 0.09341100000000000 0.011060
59.0816330000000000 0.09274700000000000 0.011312
59.1836730000000000 0.09043400000000000 0.011612
59.2857140000000000 0.19759500000000000 0.017123
59.3877550000000000 0.25051400000000000 0.020181
59.4897960000000000 0.25711700000000000 0.020631
59.5918370000000000 0.24366900000000000 0.019498
59.6938780000000000 0.25586200000000000 0.020392
59.7959180000000000 0.24021600000000000 0.019238
59.8979590000000000 0.28198100000000000 0.021141
60.0000000000000000 0.25335400000000000 0.020344
