55.0000000000000000 0.30541200000000000 0.022143
55.1020410000000000 0.28769800000000000 0.021034
55.2040820000000000 0.27969000000000000 0.020561
55.3061220000000000 0.32321000000000000 0.023141
55.4081630000000000 0.29052200000000000 0.021547
55.5102040000000000 0.29687800000000000 0.021668
55.6122450000000000 0.25312900000000000 0.018952
55.7142860000000000 0.21658600000000000 0.017815
55.8163270000000000 0.19596000000000000 0.016838
55.9183670000000000 0.19550500000000000 0.016499
56.0204080000000000 0.22700400000000000 0.018169
56.1224490000000000 0.20149000000000000 0.017260
56.2244900000000000 0.19425400000000000 0.016768
56.3265310000000000 0.13903100000000000 0.013947
56.4285710000000000 0.10475500000000000 0.011797
56.5306120000000000 0.05934100000000000 0.009037
56.6326530000000000 0.00749000000000000 0.004366
56.7346940000000000 0.00011500000000000 0.003479
56.8367350000000000 -0.0009280000000000 0.003116
56.9387760000000000 0.00811400000000000 0.004731
57.0408160000000000 -0.0009320000000000 0.003129
57.1428570000000000 -0.0009550000000000 0.003205
57.2448980000000000 0.00011000000000000 0.003326
57.3469390000000000 0.00226200000000000 0.003731
57.4489800000000000 -0.0009530000000000 0.003198
57.5510200000000000 -0.0009520000000000 0.003195
57.6530610000000000 0.00748200000000000 0.004362
57.7551020000000000 0.02364400000000000 0.006329
57.8571430000000000 0.04038200000000000 0.007542
57.9591840000000000 0.04548900000000000 0.008030
58.0612240000000000 0.06880600000000000 0.009845
58.1632650000000000 0.06769800000000000 0.009769
58.2653060000000000 0.09940000000000000 0.011663
58.3673470000000000 0.13091300000000000 0.013933
58.4693880000000000 0.12974100000000000 0.013621
58.5714290000000000 0.13175100000000000 0.013666
58.6734690000000000 0.12516100000000000 0.012948
58.7755100000000000 0.11862400000000000 0.013166
58.8775510000000000 0.10094600000000000 0.011989
58.9795920000000000 0.05816400000000000 0.008765
59.0816330000000000 0.04915500000000000 0.008351
59.1836730000000000 0.08691600000000000 0.011383
59.2857140000000000 0.12489600000000000 0.013201
59.3877550000000000 0.17686800000000000 0.016389
59.4897960000000000 0.19631000000000000 0.017524
59.5918370000000000 0.19670600000000000 0.017131
59.6938780000000000 0.19615100000000000 0.017362
59.7959180000000000 0.21534000000000000 0.017998
59.8979590000000000 0.21685200000000000 0.017963
60.0000000000000000 0.19998100000000000 0.017629
