55.0000000000000000 0.29062200000000000 0.021447
55.1020410000000000 0.27434600000000000 0.020406
55.2040820000000000 0.29392300000000000 0.021226
55.3061220000000000 0.24914500000000000 0.019607
55.4081630000000000 0.27664200000000000 0.020886
55.5102040000000000 0.27066200000000000 0.020428
55.6122450000000000 0.25117600000000000 0.018860
55.7142860000000000 0.23760300000000000 0.018851
55.8163270000000000 0.24677500000000000 0.019365
55.9183670000000000 0.22705400000000000 0.018058
56.0204080000000000 0.23938000000000000 0.018772
56.1224490000000000 0.28225600000000000 0.021238
56.2244900000000000 0.28442900000000000 0.021195
56.3265310000000000 0.29948600000000000 0.022058
56.4285710000000000 0.26381700000000000 0.020081
56.5306120000000000 0.29302500000000000 0.021751
56.6326530000000000 0.25311300000000000 0.019634
56.7346940000000000 0.28783500000000000 0.021700
56.8367350000000000 0.26653900000000000 0.020123
56.9387760000000000 0.23995400000000000 0.019727
57.0408160000000000 0.25932000000000000 0.019817
57.1428570000000000 0.28274600000000000 0.021167
57.2448980000000000 0.29299100000000000 0.021496
57.3469390000000000 0.28379900000000000 0.021290
57.4489800000000000 0.27363000000000000 0.020711
57.5510200000000000 0.24888700000000000 0.019506
57.6530610000000000 0.26759000000000000 0.020321
57.7551020000000000 0.28019600000000000 0.021531
57.8571430000000000 0.27565000000000000 0.020766
57.9591840000000000 0.27884900000000000 0.021106
58.0612240000000000 0.25715000000000000 0.020296
58.1632650000000000 0.28041600000000000 0.021430
58.2653060000000000 0.30984600000000000 0.022570
58.3673470000000000 0.26285400000000000 0.020916
58.4693880000000000 0.24163900000000000 0.019529
58.5714290000000000 0.26667700000000000 0.020666
58.6734690000000000 0.24812800000000000 0.019288
58.7755100000000000 0.24510400000000000 0.019964
58.8775510000000000 0.17040500000000000 0.015953
58.9795920000000000 0.08719100000000000 0.010677
59.0816330000000000 0.09165700000000000 0.011244
59.1836730000000000 0.10216300000000000 0.012357
59.2857140000000000 0.17589400000000000 0.015995
59.3877550000000000 0.26184400000000000 0.020743
59.4897960000000000 0.24793900000000000 0.020172
59.5918370000000000 0.27534200000000000 0.021044
59.6938780000000000 0.28402800000000000 0.021774
59.7959180000000000 0.25211300000000000 0.019822
59.8979590000000000 0.27877800000000000 0.020988
60.0000000000000000 0.27038700000000000 0.021186
