55.0000000000000000 0.26421200000000000 0.020188
55.1020410000000000 0.25380400000000000 0.019430
55.2040820000000000 0.30205700000000000 0.021603
55.3061220000000000 0.27490700000000000 0.020854
55.4081630000000000 0.24995000000000000 0.019597
55.5102040000000000 0.26541900000000000 0.020177
55.6122450000000000 0.22186700000000000 0.017465
55.7142860000000000 0.18611100000000000 0.016275
55.8163270000000000 0.19172500000000000 0.016621
55.9183670000000000 0.20975300000000000 0.017209
56.0204080000000000 0.24866300000000000 0.019220
56.1224490000000000 0.26718000000000000 0.020513
56.2244900000000000 0.26215100000000000 0.020129
56.3265310000000000 0.25856500000000000 0.020096
56.4285710000000000 0.26591000000000000 0.020181
56.5306120000000000 0.27256400000000000 0.020773
56.6326530000000000 0.24889700000000000 0.019430
56.7346940000000000 0.27246100000000000 0.020958
56.8367350000000000 0.25513500000000000 0.019578
56.9387760000000000 0.28449400000000000 0.021935
57.0408160000000000 0.27597700000000000 0.020611
57.1428570000000000 0.31794200000000000 0.022828
57.2448980000000000 0.25624900000000000 0.019747
57.3469390000000000 0.26768000000000000 0.020517
57.4489800000000000 0.29598000000000000 0.021774
57.5510200000000000 0.25526600000000000 0.019816
57.6530610000000000 0.27390800000000000 0.020622
57.7551020000000000 0.28243700000000000 0.021640
57.8571430000000000 0.28518800000000000 0.021220
57.9591840000000000 0.27344800000000000 0.020847
58.0612240000000000 0.26712100000000000 0.020784
58.1632650000000000 0.31586800000000000 0.023130
58.2653060000000000 0.26883600000000000 0.020614
58.3673470000000000 0.26859000000000000 0.021200
58.4693880000000000 0.26379700000000000 0.020622
58.5714290000000000 0.29629500000000000 0.022094
58.6734690000000000 0.24917000000000000 0.019338
58.7755100000000000 0.21319900000000000 0.018344
58.8775510000000000 0.16256300000000000 0.015529
58.9795920000000000 0.09652100000000000 0.011248
59.0816330000000000 0.07857900000000000 0.010408
59.1836730000000000 0.11741000000000000 0.013290
59.2857140000000000 0.20627600000000000 0.017567
59.3877550000000000 0.24144900000000000 0.019728
59.4897960000000000 0.25711700000000000 0.020631
59.5918370000000000 0.27206500000000000 0.020885
59.6938780000000000 0.27276100000000000 0.021224
59.7959180000000000 0.24778600000000000 0.019610
59.8979590000000000 0.25742400000000000 0.019960
60.0000000000000000 0.25903200000000000 0.020626
