55.0000000000000000 0.24625300000000000 0.019320
55.1020410000000000 0.30207800000000000 0.021705
55.2040820000000000 0.28070700000000000 0.020609
55.3061220000000000 0.25021800000000000 0.019660
55.4081630000000000 0.26383000000000000 0.020270
55.5102040000000000 0.28639200000000000 0.021174
55.6122450000000000 0.26485300000000000 0.019501
55.7142860000000000 0.19872200000000000 0.016918
55.8163270000000000 0.18960800000000000 0.016513
55.9183670000000000 0.23010700000000000 0.018207
56.0204080000000000 0.26413300000000000 0.019961
56.1224490000000000 0.26610300000000000 0.020461
56.2244900000000000 0.20910600000000000 0.017521
56.3265310000000000 0.27579500000000000 0.020928
56.4285710000000000 0.27009500000000000 0.020381
56.5306120000000000 0.27041000000000000 0.020669
56.6326530000000000 0.28157600000000000 0.020997
56.7346940000000000 0.25708700000000000 0.020209
56.8367350000000000 0.25513500000000000 0.019578
56.9387760000000000 0.26165300000000000 0.020811
57.0408160000000000 0.29367400000000000 0.021446
57.1428570000000000 0.27634700000000000 0.020861
57.2448980000000000 0.24890100000000000 0.019392
57.3469390000000000 0.27520200000000000 0.020879
57.4489800000000000 0.23744500000000000 0.018957
57.5510200000000000 0.28397100000000000 0.021194
57.6530610000000000 0.28338600000000000 0.021073
57.7551020000000000 0.27683500000000000 0.021368
57.8571430000000000 0.25339500000000000 0.019696
57.9591840000000000 0.27993000000000000 0.021158
58.0612240000000000 0.27266000000000000 0.021054
58.1632650000000000 0.25825700000000000 0.020350
58.2653060000000000 0.27315200000000000 0.020822
58.3673470000000000 0.27432700000000000 0.021483
58.4693880000000000 0.29592600000000000 0.022178
58.5714290000000000 0.25899900000000000 0.020292
58.6734690000000000 0.24083300000000000 0.018934
58.7755100000000000 0.21547800000000000 0.018461
58.8775510000000000 0.14015700000000000 0.014290
58.9795920000000000 0.10377800000000000 0.011682
59.0816330000000000 0.07422000000000000 0.010121
59.1836730000000000 0.10685500000000000 0.012648
59.2857140000000000 0.20085000000000000 0.017290
59.3877550000000000 0.25051400000000000 0.020181
59.4897960000000000 0.21237200000000000 0.018361
59.5918370000000000 0.27861800000000000 0.021202
59.6938780000000000 0.27614100000000000 0.021390
59.7959180000000000 0.24886800000000000 0.019663
59.8979590000000000 0.26062700000000000 0.020115
60.0000000000000000 0.26016700000000000 0.020682
