55.0000000000000000 0.21033500000000000 0.017547
55.1020410000000000 0.18909600000000000 0.016248
55.2040820000000000 0.14955700000000000 0.014118
55.3061220000000000 0.15897800000000000 0.015013
55.4081630000000000 0.11008300000000000 0.012236
55.5102040000000000 0.09658600000000000 0.011320
55.6122450000000000 0.05871900000000000 0.008519
55.7142860000000000 0.04634800000000000 0.007967
55.8163270000000000 0.01599100000000000 0.005345
55.9183670000000000 0.00723100000000000 0.004215
56.0204080000000000 0.00423400000000000 0.003870
56.1224490000000000 0.00011300000000000 0.003411
56.2244900000000000 0.00435500000000000 0.003981
56.3265310000000000 0.00011300000000000 0.003411
56.4285710000000000 0.00638900000000000 0.004202
56.5306120000000000 0.00334400000000000 0.003893
56.6326530000000000 -0.0051600000000000 0.002369
56.7346940000000000 -0.0020810000000000 0.003112
56.8367350000000000 0.00218200000000000 0.003599
56.9387760000000000 -0.0033060000000000 0.003029
57.0408160000000000 -0.0040550000000000 0.002558
57.1428570000000000 -0.0030880000000000 0.002829
57.2448980000000000 -0.0061880000000000 0.002116
57.3469390000000000 -0.0009620000000000 0.003229
57.4489800000000000 0.00330400000000000 0.003847
57.5510200000000000 -0.0030780000000000 0.002820
57.6530610000000000 0.00116400000000000 0.003499
57.7551020000000000 -0.0010030000000000 0.003367
57.8571430000000000 0.00541000000000000 0.004119
57.9591840000000000 -0.0031280000000000 0.002865
58.0612240000000000 0.00565600000000000 0.004306
58.1632650000000000 0.00565600000000000 0.004306
58.2653060000000000 0.00550900000000000 0.004194
58.3673470000000000 0.01733000000000000 0.005795
58.4693880000000000 0.00897900000000000 0.004725
58.5714290000000000 0.01657000000000000 0.005539
58.6734690000000000 0.02303500000000000 0.005982
58.7755100000000000 0.02063000000000000 0.006104
58.8775510000000000 0.01468200000000000 0.005419
58.9795920000000000 0.01151200000000000 0.004784
59.0816330000000000 0.00992200000000000 0.004778
59.1836730000000000 0.02475300000000000 0.006628
59.2857140000000000 0.04785700000000000 0.008231
59.3877550000000000 0.04770500000000000 0.008428
59.4897960000000000 0.05633800000000000 0.009144
59.5918370000000000 0.07656700000000000 0.010288
59.6938780000000000 0.08348800000000000 0.010919
59.7959180000000000 0.07474000000000000 0.010114
59.8979590000000000 0.08873000000000000 0.010941
60.0000000000000000 0.07393200000000000 0.010330
