55.0000000000000000 0.25259200000000000 0.019628
55.1020410000000000 0.24558700000000000 0.019036
55.2040820000000000 0.20649000000000000 0.017039
55.3061220000000000 0.17078600000000000 0.015642
55.4081630000000000 0.17521200000000000 0.015833
55.5102040000000000 0.14272600000000000 0.013965
55.6122450000000000 0.08411900000000000 0.010161
55.7142860000000000 0.06106000000000000 0.009035
55.8163270000000000 0.03610500000000000 0.007191
55.9183670000000000 0.01537200000000000 0.005137
56.0204080000000000 0.00217100000000000 0.003581
56.1224490000000000 -0.0020410000000000 0.003052
56.2244900000000000 -0.0041320000000000 0.002607
56.3265310000000000 0.00011300000000000 0.003411
56.4285710000000000 0.00011000000000000 0.003315
56.5306120000000000 -0.0031180000000000 0.002856
56.6326530000000000 0.00327300000000000 0.003811
56.7346940000000000 0.00670400000000000 0.004410
56.8367350000000000 -0.0019650000000000 0.002938
56.9387760000000000 0.00697200000000000 0.004587
57.0408160000000000 -0.0030140000000000 0.002761
57.1428570000000000 -0.0020210000000000 0.003023
57.2448980000000000 0.00325900000000000 0.003795
57.3469390000000000 -0.0009620000000000 0.003229
57.4489800000000000 0.00224000000000000 0.003695
57.5510200000000000 -0.0041410000000000 0.002613
57.6530610000000000 0.00011000000000000 0.003336
57.7551020000000000 0.00459900000000000 0.004205
57.8571430000000000 -0.0009490000000000 0.003185
57.9591840000000000 0.00875600000000000 0.004607
58.0612240000000000 0.00787200000000000 0.004589
58.1632650000000000 0.02670600000000000 0.006569
58.2653060000000000 0.03033100000000000 0.006783
58.3673470000000000 0.04601300000000000 0.008357
58.4693880000000000 0.03556900000000000 0.007346
58.5714290000000000 0.03960600000000000 0.007635
58.6734690000000000 0.04387700000000000 0.007740
58.7755100000000000 0.03544300000000000 0.007462
58.8775510000000000 0.03148600000000000 0.007045
58.9795920000000000 0.03639300000000000 0.007125
59.0816330000000000 0.02626900000000000 0.006460
59.1836730000000000 0.03882800000000000 0.007882
59.2857140000000000 0.06630300000000000 0.009562
59.3877550000000000 0.09982400000000000 0.011990
59.4897960000000000 0.10108300000000000 0.012148
59.5918370000000000 0.09731800000000000 0.011608
59.6938780000000000 0.11954000000000000 0.013143
59.7959180000000000 0.14395800000000000 0.014250
59.8979590000000000 0.11649000000000000 0.012610
60.0000000000000000 0.13979600000000000 0.014368
