55.0000000000000000 0.25364800000000000 0.019679
55.1020410000000000 0.26407500000000000 0.019920
55.2040820000000000 0.29595700000000000 0.021321
55.3061220000000000 0.26417300000000000 0.020337
55.4081630000000000 0.27557500000000000 0.020834
55.5102040000000000 0.25283500000000000 0.019572
55.6122450000000000 0.23359100000000000 0.018027
55.7142860000000000 0.17980600000000000 0.015950
55.8163270000000000 0.23301200000000000 0.018691
55.9183670000000000 0.23926700000000000 0.018650
56.0204080000000000 0.25381900000000000 0.019468
56.1224490000000000 0.25318000000000000 0.019834
56.2244900000000000 0.25366400000000000 0.019719
56.3265310000000000 0.27041000000000000 0.020669
56.4285710000000000 0.28997800000000000 0.021323
56.5306120000000000 0.27579500000000000 0.020928
56.6326530000000000 0.28368400000000000 0.021097
56.7346940000000000 0.25489000000000000 0.020101
56.8367350000000000 0.24995200000000000 0.019329
56.9387760000000000 0.25594200000000000 0.020528
57.0408160000000000 0.27077200000000000 0.020364
57.1428570000000000 0.24755000000000000 0.019470
57.2448980000000000 0.24470200000000000 0.019188
57.3469390000000000 0.28487300000000000 0.021342
57.4489800000000000 0.26511600000000000 0.020302
57.5510200000000000 0.26058200000000000 0.020073
57.6530610000000000 0.29602200000000000 0.021670
57.7551020000000000 0.27571500000000000 0.021313
57.8571430000000000 0.26187300000000000 0.020106
57.9591840000000000 0.27236700000000000 0.020795
58.0612240000000000 0.28927900000000000 0.021858
58.1632650000000000 0.24939400000000000 0.019913
58.2653060000000000 0.29581600000000000 0.021906
58.3673470000000000 0.26744300000000000 0.021143
58.4693880000000000 0.27487600000000000 0.021162
58.5714290000000000 0.22938100000000000 0.018827
58.6734690000000000 0.21165400000000000 0.017499
58.7755100000000000 0.23029100000000000 0.019217
58.8775510000000000 0.14799900000000000 0.014729
58.9795920000000000 0.09444800000000000 0.011123
59.0816330000000000 0.08947700000000000 0.011107
59.1836730000000000 0.12796600000000000 0.013917
59.2857140000000000 0.21278600000000000 0.017897
59.3877550000000000 0.24031600000000000 0.019671
59.4897960000000000 0.25941200000000000 0.020745
59.5918370000000000 0.29937000000000000 0.022196
59.6938780000000000 0.26712800000000000 0.020948
59.7959180000000000 0.25752000000000000 0.020086
59.8979590000000000 0.24995000000000000 0.019597
60.0000000000000000 0.28969200000000000 0.022130
