55.0000000000000000 0.13427400000000000 0.013550
55.1020410000000000 0.09460200000000000 0.011078
55.2040820000000000 0.06619000000000000 0.009219
55.3061220000000000 0.04626900000000000 0.008059
55.4081630000000000 0.02680400000000000 0.006425
55.5102040000000000 0.01793700000000000 0.005510
55.6122450000000000 0.00498700000000000 0.003797
55.7142860000000000 0.00221200000000000 0.003648
55.8163270000000000 -0.0051820000000000 0.002379
55.9183670000000000 -0.0049820000000000 0.002287
56.0204080000000000 -0.0040170000000000 0.002535
56.1224490000000000 0.00011300000000000 0.003411
56.2244900000000000 -0.0041320000000000 0.002607
56.3265310000000000 -0.0074250000000000 0.001890
56.4285710000000000 -0.0009370000000000 0.003145
56.5306120000000000 0.00334400000000000 0.003893
56.6326530000000000 -0.0030520000000000 0.002796
56.7346940000000000 0.00560600000000000 0.004268
56.8367350000000000 0.00114500000000000 0.003445
56.9387760000000000 -0.0010220000000000 0.003432
57.0408160000000000 -0.0040550000000000 0.002558
57.1428570000000000 -0.0020210000000000 0.003023
57.2448980000000000 0.00011000000000000 0.003326
57.3469390000000000 0.00226200000000000 0.003731
57.4489800000000000 -0.0084030000000000 0.001542
57.5510200000000000 -0.0030780000000000 0.002820
57.6530610000000000 0.00642900000000000 0.004229
57.7551020000000000 0.00571900000000000 0.004354
57.8571430000000000 0.00541000000000000 0.004119
57.9591840000000000 0.01091700000000000 0.004863
58.0612240000000000 0.01673500000000000 0.005595
58.1632650000000000 0.02670600000000000 0.006569
58.2653060000000000 0.02817300000000000 0.006592
58.3673470000000000 0.03568700000000000 0.007514
58.4693880000000000 0.03003000000000000 0.006868
58.5714290000000000 0.04838200000000000 0.008323
58.6734690000000000 0.03449800000000000 0.006991
58.7755100000000000 0.05367400000000000 0.008911
58.8775510000000000 0.02476400000000000 0.006435
58.9795920000000000 0.01565900000000000 0.005234
59.0816330000000000 0.00883300000000000 0.004648
59.1836730000000000 0.03530900000000000 0.007583
59.2857140000000000 0.03809100000000000 0.007462
59.3877550000000000 0.07942900000000000 0.010685
59.4897960000000000 0.08272600000000000 0.010976
59.5918370000000000 0.09513400000000000 0.011474
59.6938780000000000 0.09475500000000000 0.011639
59.7959180000000000 0.08988100000000000 0.011088
59.8979590000000000 0.09513600000000000 0.011338
60.0000000000000000 0.09891500000000000 0.011948
