55.0000000000000000 0.28428400000000000 0.021146
55.1020410000000000 0.25791200000000000 0.019626
55.2040820000000000 0.24817300000000000 0.019069
55.3061220000000000 0.27383300000000000 0.020803
55.4081630000000000 0.24888200000000000 0.019545
55.5102040000000000 0.26541900000000000 0.020177
55.6122450000000000 0.21600600000000000 0.017182
55.7142860000000000 0.23234900000000000 0.018594
55.8163270000000000 0.21395700000000000 0.017746
55.9183670000000000 0.25962100000000000 0.019624
56.0204080000000000 0.24969400000000000 0.019270
56.1224490000000000 0.24133500000000000 0.019254
56.2244900000000000 0.25896800000000000 0.019975
56.3265310000000000 0.26502600000000000 0.020409
56.4285710000000000 0.30462800000000000 0.022010
56.5306120000000000 0.30594800000000000 0.022364
56.6326530000000000 0.26998000000000000 0.020445
56.7346940000000000 0.29113000000000000 0.021858
56.8367350000000000 0.27586900000000000 0.020566
56.9387760000000000 0.27992600000000000 0.021712
57.0408160000000000 0.28118200000000000 0.020857
57.1428570000000000 0.29554500000000000 0.021774
57.2448980000000000 0.30978700000000000 0.022283
57.3469390000000000 0.27950000000000000 0.021085
57.4489800000000000 0.28853000000000000 0.021421
57.5510200000000000 0.25526600000000000 0.019816
57.6530610000000000 0.27390800000000000 0.020622
57.7551020000000000 0.26787300000000000 0.020930
57.8571430000000000 0.25869400000000000 0.019952
57.9591840000000000 0.27236700000000000 0.020795
58.0612240000000000 0.27709200000000000 0.021269
58.1632650000000000 0.24828600000000000 0.019858
58.2653060000000000 0.26559800000000000 0.020457
58.3673470000000000 0.28465200000000000 0.021990
58.4693880000000000 0.25161000000000000 0.020023
58.5714290000000000 0.27874400000000000 0.021251
58.6734690000000000 0.22520200000000000 0.018170
58.7755100000000000 0.20294400000000000 0.017812
58.8775510000000000 0.12671300000000000 0.013523
58.9795920000000000 0.09237400000000000 0.010996
59.0816330000000000 0.08075900000000000 0.010550
59.1836730000000000 0.13500400000000000 0.014328
59.2857140000000000 0.16721300000000000 0.015535
59.3877550000000000 0.24598200000000000 0.019955
59.4897960000000000 0.22958200000000000 0.019244
59.5918370000000000 0.27206500000000000 0.020885
59.6938780000000000 0.23220300000000000 0.019210
59.7959180000000000 0.27807000000000000 0.021079
59.8979590000000000 0.27877800000000000 0.020988
60.0000000000000000 0.24540500000000000 0.019947
