55.0000000000000000 0.30752500000000000 0.022242
55.1020410000000000 0.25483100000000000 0.019479
55.2040820000000000 0.28274000000000000 0.020704
55.3061220000000000 0.28778800000000000 0.021470
55.4081630000000000 0.29692800000000000 0.021850
55.5102040000000000 0.28953800000000000 0.021323
55.6122450000000000 0.27169100000000000 0.019819
55.7142860000000000 0.26282400000000000 0.020072
55.8163270000000000 0.25312600000000000 0.019673
55.9183670000000000 0.26979800000000000 0.020106
56.0204080000000000 0.25794500000000000 0.019666
56.1224490000000000 0.28764100000000000 0.021495
56.2244900000000000 0.25790700000000000 0.019924
56.3265310000000000 0.26610300000000000 0.020461
56.4285710000000000 0.25963100000000000 0.019880
56.5306120000000000 0.24241100000000000 0.019307
56.6326530000000000 0.27103400000000000 0.020495
56.7346940000000000 0.19888400000000000 0.017289
56.8367350000000000 0.18878700000000000 0.016305
56.9387760000000000 0.16800300000000000 0.015975
57.0408160000000000 0.13023500000000000 0.013226
57.1428570000000000 0.07157000000000000 0.009827
57.2448980000000000 0.03580200000000000 0.007130
57.3469390000000000 0.00870900000000000 0.004583
57.4489800000000000 0.00011200000000000 0.003372
57.5510200000000000 0.00542700000000000 0.004132
57.6530610000000000 -0.0019960000000000 0.002984
57.7551020000000000 -0.0032430000000000 0.002971
57.8571430000000000 -0.0020080000000000 0.003003
57.9591840000000000 -0.0074490000000000 0.001896
58.0612240000000000 0.00122400000000000 0.003682
58.1632650000000000 0.00122400000000000 0.003682
58.2653060000000000 -0.0009660000000000 0.003243
58.3673470000000000 0.00929900000000000 0.004893
58.4693880000000000 0.01341100000000000 0.005237
58.5714290000000000 0.03521800000000000 0.007273
58.6734690000000000 0.05429800000000000 0.008515
58.7755100000000000 0.06392900000000000 0.009657
58.8775510000000000 0.05501300000000000 0.008924
58.9795920000000000 0.03639300000000000 0.007125
59.0816330000000000 0.04370600000000000 0.007931
59.1836730000000000 0.05642100000000000 0.009265
59.2857140000000000 0.09559900000000000 0.011463
59.3877550000000000 0.12135100000000000 0.013288
59.4897960000000000 0.12747100000000000 0.013733
59.5918370000000000 0.15738700000000000 0.015056
59.6938780000000000 0.17474500000000000 0.016230
59.7959180000000000 0.17640500000000000 0.015996
59.8979590000000000 0.16560300000000000 0.015327
60.0000000000000000 0.19203200000000000 0.017212
