55.0000000000000000 0.29696100000000000 0.021746
55.1020410000000000 0.28050800000000000 0.020697
55.2040820000000000 0.27460700000000000 0.020323
55.3061220000000000 0.24163100000000000 0.019239
55.4081630000000000 0.27984500000000000 0.021039
55.5102040000000000 0.26856500000000000 0.020328
55.6122450000000000 0.23749800000000000 0.018213
55.7142860000000000 0.22394200000000000 0.018180
55.8163270000000000 0.21607400000000000 0.017852
55.9183670000000000 0.23316000000000000 0.018355
56.0204080000000000 0.21050300000000000 0.017356
56.1224490000000000 0.24564200000000000 0.019465
56.2244900000000000 0.25684600000000000 0.019873
56.3265310000000000 0.26502600000000000 0.020409
56.4285710000000000 0.26067700000000000 0.019930
56.5306120000000000 0.29410200000000000 0.021803
56.6326530000000000 0.29422600000000000 0.021596
56.7346940000000000 0.27355900000000000 0.021011
56.8367350000000000 0.24995200000000000 0.019329
56.9387760000000000 0.26736300000000000 0.021094
57.0408160000000000 0.26868900000000000 0.020265
57.1428570000000000 0.25821600000000000 0.019989
57.2448980000000000 0.29404000000000000 0.021545
57.3469390000000000 0.27197800000000000 0.020724
57.4489800000000000 0.25979500000000000 0.020045
57.5510200000000000 0.26589700000000000 0.020329
57.6530610000000000 0.24652800000000000 0.019305
57.7551020000000000 0.26227100000000000 0.020655
57.8571430000000000 0.28200800000000000 0.021069
57.9591840000000000 0.25832200000000000 0.020115
58.0612240000000000 0.27376800000000000 0.021108
58.1632650000000000 0.26047300000000000 0.020459
58.2653060000000000 0.25372700000000000 0.019881
58.3673470000000000 0.26055900000000000 0.020802
58.4693880000000000 0.24496300000000000 0.019694
58.5714290000000000 0.25351400000000000 0.020023
58.6734690000000000 0.23249600000000000 0.018528
58.7755100000000000 0.20978100000000000 0.018167
58.8775510000000000 0.13343500000000000 0.013909
58.9795920000000000 0.09652100000000000 0.011248
59.0816330000000000 0.07531000000000000 0.010193
59.1836730000000000 0.13617600000000000 0.014396
59.2857140000000000 0.18131900000000000 0.016279
59.3877550000000000 0.22218800000000000 0.018754
59.4897960000000000 0.24679100000000000 0.020114
59.5918370000000000 0.24366900000000000 0.019498
59.6938780000000000 0.21868300000000000 0.018524
59.7959180000000000 0.27482500000000000 0.020923
59.8979590000000000 0.26276200000000000 0.020219
60.0000000000000000 0.27265900000000000 0.021298
