55.0000000000000000 0.29907300000000000 0.021845
55.1020410000000000 0.28461700000000000 0.020890
55.2040820000000000 0.31629000000000000 0.022260
55.3061220000000000 0.25129200000000000 0.019712
55.4081630000000000 0.27664200000000000 0.020886
55.5102040000000000 0.27066200000000000 0.020428
55.6122450000000000 0.21600600000000000 0.017182
55.7142860000000000 0.15458600000000000 0.014622
55.8163270000000000 0.13350000000000000 0.013521
55.9183670000000000 0.13240800000000000 0.013196
56.0204080000000000 0.12180700000000000 0.012692
56.1224490000000000 0.08949400000000000 0.011039
56.2244900000000000 0.07331300000000000 0.009915
56.3265310000000000 0.03995800000000000 0.007580
56.4285710000000000 0.02103900000000000 0.005808
56.5306120000000000 0.00657400000000000 0.004325
56.6326530000000000 -0.0030520000000000 0.002796
56.7346940000000000 -0.0053760000000000 0.002468
56.8367350000000000 0.00218200000000000 0.003599
56.9387760000000000 0.00468800000000000 0.004286
57.0408160000000000 -0.0009320000000000 0.003129
57.1428570000000000 0.00331200000000000 0.003855
57.2448980000000000 0.00745800000000000 0.004348
57.3469390000000000 0.00333600000000000 0.003884
57.4489800000000000 -0.0062740000000000 0.002145
57.5510200000000000 0.00542700000000000 0.004132
57.6530610000000000 -0.0062080000000000 0.002123
57.7551020000000000 0.00011800000000000 0.003549
57.8571430000000000 -0.0009490000000000 0.003185
57.9591840000000000 -0.0020470000000000 0.003062
58.0612240000000000 0.00787200000000000 0.004589
58.1632650000000000 0.00565600000000000 0.004306
58.2653060000000000 0.00011300000000000 0.003419
58.3673470000000000 0.00012000000000000 0.003635
58.4693880000000000 0.00011600000000000 0.003510
58.5714290000000000 0.01108500000000000 0.004938
58.6734690000000000 0.01157200000000000 0.004809
58.7755100000000000 0.01037500000000000 0.004996
58.8775510000000000 0.00459900000000000 0.004205
58.9795920000000000 0.00632900000000000 0.004163
59.0816330000000000 0.00556300000000000 0.004236
59.1836730000000000 0.01067900000000000 0.005143
59.2857140000000000 0.02398500000000000 0.006231
59.3877550000000000 0.04204000000000000 0.007981
59.4897960000000000 0.04945500000000000 0.008625
59.5918370000000000 0.07547400000000000 0.010216
59.6938780000000000 0.05644900000000000 0.009058
59.7959180000000000 0.08555500000000000 0.010815
59.8979590000000000 0.08125600000000000 0.010467
60.0000000000000000 0.08188100000000000 0.010860
