55.0000000000000000 0.30963700000000000 0.022341
55.1020410000000000 0.31440300000000000 0.022276
55.2040820000000000 0.33764000000000000 0.023237
55.3061220000000000 0.31677000000000000 0.022840
55.4081630000000000 0.31401100000000000 0.022655
55.5102040000000000 0.31470500000000000 0.022502
55.6122450000000000 0.30295300000000000 0.021257
55.7142860000000000 0.23129800000000000 0.018542
55.8163270000000000 0.21395700000000000 0.017746
55.9183670000000000 0.23824900000000000 0.018601
56.0204080000000000 0.28579100000000000 0.020985
56.1224490000000000 0.26718000000000000 0.020513
56.2244900000000000 0.24305500000000000 0.019203
56.3265310000000000 0.21441300000000000 0.017914
56.4285710000000000 0.24079500000000000 0.018970
56.5306120000000000 0.17564500000000000 0.015923
56.6326530000000000 0.17194200000000000 0.015564
56.7346940000000000 0.14177900000000000 0.014238
56.8367350000000000 0.09444800000000000 0.011123
56.9387760000000000 0.06179100000000000 0.009516
57.0408160000000000 0.03654500000000000 0.007155
57.1428570000000000 0.01184400000000000 0.004922
57.2448980000000000 -0.0030390000000000 0.002784
57.3469390000000000 0.00226200000000000 0.003731
57.4489800000000000 0.00117600000000000 0.003537
57.5510200000000000 0.00330100000000000 0.003843
57.6530610000000000 0.00642900000000000 0.004229
57.7551020000000000 0.00123800000000000 0.003723
57.8571430000000000 0.00117100000000000 0.003522
57.9591840000000000 -0.0009670000000000 0.003247
58.0612240000000000 0.00122400000000000 0.003682
58.1632650000000000 -0.0021000000000000 0.003140
58.2653060000000000 -0.0042040000000000 0.002652
58.3673470000000000 0.00012000000000000 0.003635
58.4693880000000000 0.00011600000000000 0.003510
58.5714290000000000 0.00669700000000000 0.004406
58.6734690000000000 0.01990900000000000 0.005682
58.7755100000000000 0.01949000000000000 0.005990
58.8775510000000000 0.01244100000000000 0.005171
58.9795920000000000 0.00736600000000000 0.004294
59.0816330000000000 0.01973100000000000 0.005837
59.1836730000000000 0.02006200000000000 0.006167
59.2857140000000000 0.05111200000000000 0.008476
59.3877550000000000 0.07263100000000000 0.010229
59.4897960000000000 0.08157900000000000 0.010901
59.5918370000000000 0.08748800000000000 0.010995
59.6938780000000000 0.10264100000000000 0.012128
59.7959180000000000 0.12016500000000000 0.012907
59.8979590000000000 0.11755700000000000 0.012672
60.0000000000000000 0.14320200000000000 0.014560
