55.0000000000000000 0.27372000000000000 0.020644
55.1020410000000000 0.24661400000000000 0.019085
55.2040820000000000 0.28172300000000000 0.020657
55.3061220000000000 0.28456700000000000 0.021317
55.4081630000000000 0.28091300000000000 0.021090
55.5102040000000000 0.24130000000000000 0.019013
55.6122450000000000 0.25215200000000000 0.018906
55.7142860000000000 0.22814600000000000 0.018387
55.8163270000000000 0.20654600000000000 0.017374
55.9183670000000000 0.23316000000000000 0.018355
56.0204080000000000 0.28269700000000000 0.020839
56.1224490000000000 0.26394900000000000 0.020357
56.2244900000000000 0.27063800000000000 0.020537
56.3265310000000000 0.28764100000000000 0.021495
56.4285710000000000 0.23870200000000000 0.018868
56.5306120000000000 0.22841200000000000 0.018615
56.6326530000000000 0.28579300000000000 0.021197
56.7346940000000000 0.29222800000000000 0.021911
56.8367350000000000 0.26653900000000000 0.020123
56.9387760000000000 0.26964700000000000 0.021207
57.0408160000000000 0.25619700000000000 0.019667
57.1428570000000000 0.29661200000000000 0.021825
57.2448980000000000 0.28039400000000000 0.020901
57.3469390000000000 0.26553100000000000 0.020413
57.4489800000000000 0.26192300000000000 0.020148
57.5510200000000000 0.26058200000000000 0.020073
57.6530610000000000 0.28970400000000000 0.021372
57.7551020000000000 0.28803800000000000 0.021912
57.8571430000000000 0.23749800000000000 0.018921
57.9591840000000000 0.28641200000000000 0.021469
58.0612240000000000 0.28041600000000000 0.021430
58.1632650000000000 0.27930800000000000 0.021377
58.2653060000000000 0.29149900000000000 0.021700
58.3673470000000000 0.27891600000000000 0.021709
58.4693880000000000 0.24828600000000000 0.019858
58.5714290000000000 0.25461100000000000 0.020077
58.6734690000000000 0.28251700000000000 0.020930
58.7755100000000000 0.20864100000000000 0.018108
58.8775510000000000 0.15360100000000000 0.015039
58.9795920000000000 0.08097100000000000 0.010286
59.0816330000000000 0.06877100000000000 0.009754
59.1836730000000000 0.12562100000000000 0.013779
59.2857140000000000 0.17155400000000000 0.015765
59.3877550000000000 0.23691700000000000 0.019500
59.4897960000000000 0.26170600000000000 0.020859
59.5918370000000000 0.27752600000000000 0.021149
59.6938780000000000 0.24121600000000000 0.019663
59.7959180000000000 0.24994900000000000 0.019716
59.8979590000000000 0.27130400000000000 0.020630
60.0000000000000000 0.26130300000000000 0.020738
