55.0000000000000000 0.33921700000000000 0.023715
55.1020410000000000 0.32570100000000000 0.022797
55.2040820000000000 0.31832300000000000 0.022353
55.3061220000000000 0.28671400000000000 0.021419
55.4081630000000000 0.33002600000000000 0.023402
55.5102040000000000 0.28429400000000000 0.021075
55.6122450000000000 0.28146100000000000 0.020271
55.7142860000000000 0.23340000000000000 0.018646
55.8163270000000000 0.23936400000000000 0.019003
55.9183670000000000 0.24028400000000000 0.018699
56.0204080000000000 0.22184800000000000 0.017916
56.1224490000000000 0.24995000000000000 0.019676
56.2244900000000000 0.25366400000000000 0.019719
56.3265310000000000 0.26933400000000000 0.020617
56.4285710000000000 0.20416900000000000 0.017159
56.5306120000000000 0.21872000000000000 0.018131
56.6326530000000000 0.16667100000000000 0.015287
56.7346940000000000 0.14836800000000000 0.014603
56.8367350000000000 0.10377800000000000 0.011682
56.9387760000000000 0.08006400000000000 0.010774
57.0408160000000000 0.05736500000000000 0.008729
57.1428570000000000 0.03104200000000000 0.006796
57.2448980000000000 0.00116000000000000 0.003488
57.3469390000000000 -0.0009620000000000 0.003229
57.4489800000000000 -0.0020170000000000 0.003016
57.5510200000000000 0.00117500000000000 0.003533
57.6530610000000000 -0.0051550000000000 0.002366
57.7551020000000000 -0.0043640000000000 0.002754
57.8571430000000000 -0.0041280000000000 0.002605
57.9591840000000000 -0.0009670000000000 0.003247
58.0612240000000000 -0.0032070000000000 0.002939
58.1632650000000000 -0.0009920000000000 0.003330
58.2653060000000000 0.00011300000000000 0.003419
58.3673470000000000 0.00356200000000000 0.004147
58.4693880000000000 -0.0032070000000000 0.002939
58.5714290000000000 0.00230900000000000 0.003808
58.6734690000000000 0.00010900000000000 0.003301
58.7755100000000000 0.00467700000000000 0.004276
58.8775510000000000 0.01244100000000000 0.005171
58.9795920000000000 0.00943900000000000 0.004545
59.0816330000000000 0.00665300000000000 0.004377
59.1836730000000000 0.02827200000000000 0.006958
59.2857140000000000 0.03809100000000000 0.007462
59.3877550000000000 0.06016800000000000 0.009358
59.4897960000000000 0.08502100000000000 0.011127
59.5918370000000000 0.07219800000000000 0.009997
59.6938780000000000 0.09475500000000000 0.011639
59.7959180000000000 0.10502300000000000 0.012016
59.8979590000000000 0.09727100000000000 0.011469
60.0000000000000000 0.12162600000000000 0.013320
