55.0000000000000000 0.29062200000000000 0.021447
55.1020410000000000 0.25585800000000000 0.019528
55.2040820000000000 0.28274000000000000 0.020704
55.3061220000000000 0.25665900000000000 0.019973
55.4081630000000000 0.27130400000000000 0.020630
55.5102040000000000 0.27485600000000000 0.020627
55.6122450000000000 0.22870600000000000 0.017794
55.7142860000000000 0.21973900000000000 0.017972
55.8163270000000000 0.22877800000000000 0.018483
55.9183670000000000 0.22909000000000000 0.018157
56.0204080000000000 0.24144300000000000 0.018872
56.1224490000000000 0.26287200000000000 0.020305
56.2244900000000000 0.29822100000000000 0.021847
56.3265310000000000 0.28979400000000000 0.021598
56.4285710000000000 0.28056000000000000 0.020878
56.5306120000000000 0.26071800000000000 0.020201
56.6326530000000000 0.26365500000000000 0.020142
56.7346940000000000 0.25379200000000000 0.020047
56.8367350000000000 0.27483200000000000 0.020517
56.9387760000000000 0.26051100000000000 0.020755
57.0408160000000000 0.28638700000000000 0.021103
57.1428570000000000 0.27421400000000000 0.020759
57.2448980000000000 0.27094600000000000 0.020451
57.3469390000000000 0.27627700000000000 0.020930
57.4489800000000000 0.28320900000000000 0.021168
57.5510200000000000 0.25632900000000000 0.019868
57.6530610000000000 0.30339400000000000 0.022016
57.7551020000000000 0.29924100000000000 0.022452
57.8571430000000000 0.27035100000000000 0.020513
57.9591840000000000 0.28749200000000000 0.021520
58.0612240000000000 0.32140800000000000 0.023392
58.1632650000000000 0.27266000000000000 0.021054
58.2653060000000000 0.26236000000000000 0.020301
58.3673470000000000 0.31104000000000000 0.023272
58.4693880000000000 0.22945200000000000 0.018920
58.5714290000000000 0.25461100000000000 0.020077
58.6734690000000000 0.26584300000000000 0.020139
58.7755100000000000 0.20978100000000000 0.018167
58.8775510000000000 0.16928500000000000 0.015893
58.9795920000000000 0.08097100000000000 0.010286
59.0816330000000000 0.05896300000000000 0.009070
59.1836730000000000 0.11037300000000000 0.012864
59.2857140000000000 0.18565900000000000 0.016506
59.3877550000000000 0.24258200000000000 0.019784
59.4897960000000000 0.25597000000000000 0.020573
59.5918370000000000 0.25786700000000000 0.020195
59.6938780000000000 0.24797600000000000 0.020001
59.7959180000000000 0.29429300000000000 0.021855
59.8979590000000000 0.27343900000000000 0.020732
60.0000000000000000 0.26698100000000000 0.021019
