55.0000000000000000 0.26738100000000000 0.020340
55.1020410000000000 0.27845400000000000 0.020600
55.2040820000000000 0.26952300000000000 0.020083
55.3061220000000000 0.25236500000000000 0.019764
55.4081630000000000 0.28945400000000000 0.021496
55.5102040000000000 0.24444600000000000 0.019166
55.6122450000000000 0.25899100000000000 0.019227
55.7142860000000000 0.23760300000000000 0.018851
55.8163270000000000 0.21183900000000000 0.017640
55.9183670000000000 0.23417800000000000 0.018404
56.0204080000000000 0.24144300000000000 0.018872
56.1224490000000000 0.24133500000000000 0.019254
56.2244900000000000 0.26215100000000000 0.020129
56.3265310000000000 0.26071800000000000 0.020201
56.4285710000000000 0.27009500000000000 0.020381
56.5306120000000000 0.25210300000000000 0.019781
56.6326530000000000 0.28579300000000000 0.021197
56.7346940000000000 0.27795200000000000 0.021224
56.8367350000000000 0.30074900000000000 0.021736
56.9387760000000000 0.29134600000000000 0.022270
57.0408160000000000 0.28951000000000000 0.021250
57.1428570000000000 0.29127900000000000 0.021572
57.2448980000000000 0.27829400000000000 0.020801
57.3469390000000000 0.25048700000000000 0.019683
57.4489800000000000 0.29598000000000000 0.021774
57.5510200000000000 0.28503400000000000 0.021244
57.6530610000000000 0.27390800000000000 0.020622
57.7551020000000000 0.29588100000000000 0.022290
57.8571430000000000 0.28094900000000000 0.021019
57.9591840000000000 0.24859900000000000 0.019640
58.0612240000000000 0.26158100000000000 0.020513
58.1632650000000000 0.30257400000000000 0.022496
58.2653060000000000 0.30768700000000000 0.022468
58.3673470000000000 0.24908600000000000 0.020229
58.4693880000000000 0.25825700000000000 0.020350
58.5714290000000000 0.25461100000000000 0.020077
58.6734690000000000 0.27105400000000000 0.020387
58.7755100000000000 0.21092000000000000 0.018226
58.8775510000000000 0.15808200000000000 0.015285
58.9795920000000000 0.09341100000000000 0.011060
59.0816330000000000 0.07640000000000000 0.010265
59.1836730000000000 0.14086800000000000 0.014666
59.2857140000000000 0.18131900000000000 0.016279
59.3877550000000000 0.22898600000000000 0.019099
59.4897960000000000 0.25826400000000000 0.020688
59.5918370000000000 0.24913000000000000 0.019767
59.6938780000000000 0.28290100000000000 0.021719
59.7959180000000000 0.24886800000000000 0.019663
59.8979590000000000 0.28304800000000000 0.021191
60.0000000000000000 0.26811600000000000 0.021075
