55.0000000000000000 0.18815100000000000 0.016421
55.1020410000000000 0.15314700000000000 0.014381
55.2040820000000000 0.09872300000000000 0.011266
55.3061220000000000 0.11604100000000000 0.012619
55.4081630000000000 0.06844400000000000 0.009623
55.5102040000000000 0.05464000000000000 0.008570
55.6122450000000000 0.02941100000000000 0.006302
55.7142860000000000 0.00746600000000000 0.004352
55.8163270000000000 0.00646300000000000 0.004251
55.9183670000000000 -0.0029460000000000 0.002699
56.0204080000000000 -0.0009230000000000 0.003100
56.1224490000000000 -0.0009640000000000 0.003236
56.2244900000000000 -0.0030710000000000 0.002814
56.3265310000000000 0.00226700000000000 0.003739
56.4285710000000000 0.00324900000000000 0.003783
56.5306120000000000 0.00011300000000000 0.003411
56.6326530000000000 0.00011100000000000 0.003340
56.7346940000000000 0.00231200000000000 0.003813
56.8367350000000000 0.00321900000000000 0.003747
56.9387760000000000 0.00126200000000000 0.003795
57.0408160000000000 0.00115000000000000 0.003459
57.1428570000000000 0.00011200000000000 0.003379
57.2448980000000000 -0.0009400000000000 0.003155
57.3469390000000000 0.00118700000000000 0.003571
57.4489800000000000 -0.0041450000000000 0.002616
57.5510200000000000 0.00117500000000000 0.003533
57.6530610000000000 0.00011000000000000 0.003336
57.7551020000000000 -0.0021230000000000 0.003175
57.8571430000000000 0.00117100000000000 0.003522
57.9591840000000000 0.00227400000000000 0.003751
58.0612240000000000 0.01119500000000000 0.004987
58.1632650000000000 0.01008700000000000 0.004858
58.2653060000000000 0.00335100000000000 0.003901
58.3673470000000000 0.02536100000000000 0.006591
58.4693880000000000 0.01119500000000000 0.004987
58.5714290000000000 0.01766700000000000 0.005653
58.6734690000000000 0.02512000000000000 0.006175
58.7755100000000000 0.02518800000000000 0.006546
58.8775510000000000 0.02028300000000000 0.006001
58.9795920000000000 0.01047600000000000 0.004666
59.0816330000000000 0.00883300000000000 0.004648
59.1836730000000000 0.01771600000000000 0.005925
59.2857140000000000 0.00879400000000000 0.004627
59.3877550000000000 -0.0078120000000000 0.001989
59.4897960000000000 -0.0010270000000000 0.003448
59.5918370000000000 -0.0020700000000000 0.003095
59.6938780000000000 -0.0021350000000000 0.003193
59.7959180000000000 -0.0020500000000000 0.003065
59.8979590000000000 -0.0041590000000000 0.002624
60.0000000000000000 0.00466100000000000 0.004262
