55.0000000000000000 0.27372000000000000 0.020644
55.1020410000000000 0.26818300000000000 0.020115
55.2040820000000000 0.27257300000000000 0.020227
55.3061220000000000 0.23948400000000000 0.019134
55.4081630000000000 0.23607000000000000 0.018917
55.5102040000000000 0.28848900000000000 0.021273
55.6122450000000000 0.26876000000000000 0.019683
55.7142860000000000 0.21658600000000000 0.017815
55.8163270000000000 0.21607400000000000 0.017852
55.9183670000000000 0.20466500000000000 0.016957
56.0204080000000000 0.26929000000000000 0.020206
56.1224490000000000 0.23702700000000000 0.019042
56.2244900000000000 0.26851600000000000 0.020435
56.3265310000000000 0.29302500000000000 0.021751
56.4285710000000000 0.27637400000000000 0.020680
56.5306120000000000 0.28656400000000000 0.021444
56.6326530000000000 0.30687600000000000 0.022190
56.7346940000000000 0.27136300000000000 0.020905
56.8367350000000000 0.25306200000000000 0.019479
56.9387760000000000 0.26165300000000000 0.020811
57.0408160000000000 0.26973100000000000 0.020314
57.1428570000000000 0.28061300000000000 0.021065
57.2448980000000000 0.25415000000000000 0.019645
57.3469390000000000 0.26768000000000000 0.020517
57.4489800000000000 0.25979500000000000 0.020045
57.5510200000000000 0.27015000000000000 0.020534
57.6530610000000000 0.26759000000000000 0.020321
57.7551020000000000 0.27459500000000000 0.021258
57.8571430000000000 0.27247000000000000 0.020614
57.9591840000000000 0.27993000000000000 0.021158
58.0612240000000000 0.26490500000000000 0.020676
58.1632650000000000 0.25715000000000000 0.020296
58.2653060000000000 0.29689500000000000 0.021957
58.3673470000000000 0.25138100000000000 0.020344
58.4693880000000000 0.26822900000000000 0.020838
58.5714290000000000 0.26009600000000000 0.020345
58.6734690000000000 0.26271700000000000 0.019989
58.7755100000000000 0.22117500000000000 0.018753
58.8775510000000000 0.15248000000000000 0.014977
58.9795920000000000 0.09341100000000000 0.011060
59.0816330000000000 0.08293800000000000 0.010691
59.1836730000000000 0.12562100000000000 0.013779
59.2857140000000000 0.18891500000000000 0.016675
59.3877550000000000 0.26071100000000000 0.020687
59.4897960000000000 0.22614000000000000 0.019069
59.5918370000000000 0.25131400000000000 0.019874
59.6938780000000000 0.26374800000000000 0.020782
59.7959180000000000 0.27590600000000000 0.020975
59.8979590000000000 0.27984500000000000 0.021039
60.0000000000000000 0.27947200000000000 0.021632
