55.0000000000000000 0.27477600000000000 0.020694
55.1020410000000000 0.27229200000000000 0.020309
55.2040820000000000 0.24919000000000000 0.019118
55.3061220000000000 0.27276000000000000 0.020751
55.4081630000000000 0.27771000000000000 0.020937
55.5102040000000000 0.28219700000000000 0.020976
55.6122450000000000 0.24726800000000000 0.018676
55.7142860000000000 0.24495900000000000 0.019210
55.8163270000000000 0.21819100000000000 0.017958
55.9183670000000000 0.22501900000000000 0.017959
56.0204080000000000 0.26000700000000000 0.019764
56.1224490000000000 0.25102700000000000 0.019729
56.2244900000000000 0.28230700000000000 0.021094
56.3265310000000000 0.27256400000000000 0.020773
56.4285710000000000 0.28056000000000000 0.020878
56.5306120000000000 0.26718000000000000 0.020513
56.6326530000000000 0.26576300000000000 0.020243
56.7346940000000000 0.28454100000000000 0.021541
56.8367350000000000 0.28727200000000000 0.021104
56.9387760000000000 0.26736300000000000 0.021094
57.0408160000000000 0.28430500000000000 0.021005
57.1428570000000000 0.27208100000000000 0.020657
57.2448980000000000 0.27514500000000000 0.020651
57.3469390000000000 0.28165000000000000 0.021188
57.4489800000000000 0.26192300000000000 0.020148
57.5510200000000000 0.26483400000000000 0.020278
57.6530610000000000 0.26969600000000000 0.020421
57.7551020000000000 0.28131600000000000 0.021586
57.8571430000000000 0.26717200000000000 0.020360
57.9591840000000000 0.25292100000000000 0.019851
58.0612240000000000 0.26712100000000000 0.020784
58.1632650000000000 0.30589700000000000 0.022655
58.2653060000000000 0.26991500000000000 0.020666
58.3673470000000000 0.26859000000000000 0.021200
58.4693880000000000 0.28152300000000000 0.021484
58.5714290000000000 0.28422900000000000 0.021516
58.6734690000000000 0.22937000000000000 0.018375
58.7755100000000000 0.20294400000000000 0.017812
58.8775510000000000 0.13903700000000000 0.014227
58.9795920000000000 0.07475100000000000 0.009886
59.0816330000000000 0.06768100000000000 0.009680
59.1836730000000000 0.10216300000000000 0.012357
59.2857140000000000 0.20085000000000000 0.017290
59.3877550000000000 0.23465100000000000 0.019386
59.4897960000000000 0.26973700000000000 0.021257
59.5918370000000000 0.26660500000000000 0.020621
59.6938780000000000 0.28515400000000000 0.021829
59.7959180000000000 0.26833600000000000 0.020610
59.8979590000000000 0.27877800000000000 0.020988
60.0000000000000000 0.22610000000000000 0.018973
