55.0000000000000000 0.27688900000000000 0.020795
55.1020410000000000 0.25893900000000000 0.019675
55.2040820000000000 0.29189000000000000 0.021131
55.3061220000000000 0.28027400000000000 0.021111
55.4081630000000000 0.25422100000000000 0.019805
55.5102040000000000 0.27800200000000000 0.020777
55.6122450000000000 0.24824500000000000 0.018722
55.7142860000000000 0.19767100000000000 0.016865
55.8163270000000000 0.19807700000000000 0.016945
55.9183670000000000 0.24537300000000000 0.018944
56.0204080000000000 0.22803600000000000 0.018220
56.1224490000000000 0.27256400000000000 0.020773
56.2244900000000000 0.27700300000000000 0.020841
56.3265310000000000 0.27256400000000000 0.020773
56.4285710000000000 0.28056000000000000 0.020878
56.5306120000000000 0.28441000000000000 0.021341
56.6326530000000000 0.29106400000000000 0.021447
56.7346940000000000 0.28673700000000000 0.021647
56.8367350000000000 0.26757500000000000 0.020173
56.9387760000000000 0.27650000000000000 0.021544
57.0408160000000000 0.24578700000000000 0.019165
57.1428570000000000 0.25928200000000000 0.020040
57.2448980000000000 0.25834900000000000 0.019848
57.3469390000000000 0.27090400000000000 0.020672
57.4489800000000000 0.26618000000000000 0.020353
57.5510200000000000 0.27971800000000000 0.020991
57.6530610000000000 0.26864300000000000 0.020371
57.7551020000000000 0.27347400000000000 0.021204
57.8571430000000000 0.27459000000000000 0.020716
57.9591840000000000 0.27236700000000000 0.020795
58.0612240000000000 0.29260200000000000 0.022018
58.1632650000000000 0.27487600000000000 0.021162
58.2653060000000000 0.29042000000000000 0.021649
58.3673470000000000 0.26859000000000000 0.021200
58.4693880000000000 0.24717800000000000 0.019804
58.5714290000000000 0.24583500000000000 0.019645
58.6734690000000000 0.25125400000000000 0.019439
58.7755100000000000 0.21319900000000000 0.018344
58.8775510000000000 0.14575800000000000 0.014604
58.9795920000000000 0.07060400000000000 0.009613
59.0816330000000000 0.07095100000000000 0.009902
59.1836730000000000 0.10333600000000000 0.012430
59.2857140000000000 0.16504300000000000 0.015419
59.3877550000000000 0.23125200000000000 0.019214
59.4897960000000000 0.25252800000000000 0.020402
59.5918370000000000 0.26769700000000000 0.020674
59.6938780000000000 0.25698900000000000 0.020448
59.7959180000000000 0.27158000000000000 0.020767
59.8979590000000000 0.26169500000000000 0.020167
60.0000000000000000 0.26470900000000000 0.020907
