55.0000000000000000 0.29167900000000000 0.021496
55.1020410000000000 0.24866800000000000 0.019184
55.2040820000000000 0.21055700000000000 0.017240
55.3061220000000000 0.21801600000000000 0.018068
55.4081630000000000 0.19549800000000000 0.016883
55.5102040000000000 0.17208900000000000 0.015532
55.6122450000000000 0.12417400000000000 0.012480
55.7142860000000000 0.07787300000000000 0.010161
55.8163270000000000 0.03292900000000000 0.006926
55.9183670000000000 0.00824800000000000 0.004340
56.0204080000000000 0.00010800000000000 0.003267
56.1224490000000000 0.00119000000000000 0.003579
56.2244900000000000 0.00223300000000000 0.003683
56.3265310000000000 -0.0041950000000000 0.002647
56.4285710000000000 0.00429600000000000 0.003927
56.5306120000000000 -0.0020410000000000 0.003052
56.6326530000000000 -0.0051600000000000 0.002369
56.7346940000000000 -0.0053760000000000 0.002468
56.8367350000000000 0.00218200000000000 0.003599
56.9387760000000000 0.00697200000000000 0.004587
57.0408160000000000 -0.0030140000000000 0.002761
57.1428570000000000 0.00331200000000000 0.003855
57.2448980000000000 0.01375700000000000 0.005076
57.3469390000000000 0.02482800000000000 0.006270
57.4489800000000000 0.04587500000000000 0.007990
57.5510200000000000 0.05752100000000000 0.008843
57.6530610000000000 0.06329500000000000 0.009200
57.7551020000000000 0.07517900000000000 0.010338
57.8571430000000000 0.10714700000000000 0.012016
57.9591840000000000 0.10707000000000000 0.012132
58.0612240000000000 0.12087800000000000 0.013109
58.1632650000000000 0.12530900000000000 0.013366
58.2653060000000000 0.13609300000000000 0.013798
58.3673470000000000 0.17336400000000000 0.016302
58.4693880000000000 0.16408600000000000 0.015526
58.5714290000000000 0.16795100000000000 0.015658
58.6734690000000000 0.16684400000000000 0.015211
58.7755100000000000 0.15622600000000000 0.015312
58.8775510000000000 0.10206600000000000 0.012058
58.9795920000000000 0.06127400000000000 0.008982
59.0816330000000000 0.05787300000000000 0.008992
59.1836730000000000 0.09629900000000000 0.011988
59.2857140000000000 0.14334200000000000 0.014239
59.3877550000000000 0.16780400000000000 0.015901
59.4897960000000000 0.17106900000000000 0.016178
59.5918370000000000 0.20981200000000000 0.017802
59.6938780000000000 0.21868300000000000 0.018524
59.7959180000000000 0.17748600000000000 0.016053
59.8979590000000000 0.20404000000000000 0.017318
60.0000000000000000 0.24540500000000000 0.019947
