55.0000000000000000 0.24625300000000000 0.019320
55.1020410000000000 0.25483100000000000 0.019479
55.2040820000000000 0.27257300000000000 0.020227
55.3061220000000000 0.27812700000000000 0.021009
55.4081630000000000 0.25742400000000000 0.019960
55.5102040000000000 0.25807800000000000 0.019825
55.6122450000000000 0.24238300000000000 0.018445
55.7142860000000000 0.21868800000000000 0.017919
55.8163270000000000 0.22348400000000000 0.018221
55.9183670000000000 0.23112500000000000 0.018256
56.0204080000000000 0.26103900000000000 0.019813
56.1224490000000000 0.24348800000000000 0.019360
56.2244900000000000 0.28761200000000000 0.021346
56.3265310000000000 0.27148700000000000 0.020721
56.4285710000000000 0.27742100000000000 0.020729
56.5306120000000000 0.24671900000000000 0.019518
56.6326530000000000 0.26470900000000000 0.020192
56.7346940000000000 0.24940000000000000 0.019831
56.8367350000000000 0.27483200000000000 0.020517
56.9387760000000000 0.29020400000000000 0.022214
57.0408160000000000 0.27389500000000000 0.020512
57.1428570000000000 0.25288300000000000 0.019730
57.2448980000000000 0.26779700000000000 0.020301
57.3469390000000000 0.30099200000000000 0.022107
57.4489800000000000 0.27469500000000000 0.020762
57.5510200000000000 0.26270800000000000 0.020176
57.6530610000000000 0.29707600000000000 0.021719
57.7551020000000000 0.24322600000000000 0.019711
57.8571430000000000 0.26717200000000000 0.020360
57.9591840000000000 0.26480500000000000 0.020429
58.0612240000000000 0.25161000000000000 0.020023
58.1632650000000000 0.27376800000000000 0.021108
58.2653060000000000 0.26991500000000000 0.020666
58.3673470000000000 0.27776900000000000 0.021652
58.4693880000000000 0.25493400000000000 0.020187
58.5714290000000000 0.26887100000000000 0.020773
58.6734690000000000 0.26063300000000000 0.019890
58.7755100000000000 0.20978100000000000 0.018167
58.8775510000000000 0.12223200000000000 0.013263
58.9795920000000000 0.09237400000000000 0.010996
59.0816330000000000 0.07422000000000000 0.010121
59.1836730000000000 0.10216300000000000 0.012357
59.2857140000000000 0.19542500000000000 0.017011
59.3877550000000000 0.22672000000000000 0.018984
59.4897960000000000 0.27088500000000000 0.021313
59.5918370000000000 0.27861800000000000 0.021202
59.6938780000000000 0.27614100000000000 0.021390
59.7959180000000000 0.27158000000000000 0.020767
59.8979590000000000 0.24034100000000000 0.019127
60.0000000000000000 0.28742100000000000 0.022020
