55.0000000000000000 0.28956600000000000 0.021397
55.1020410000000000 0.26612900000000000 0.020017
55.2040820000000000 0.27969000000000000 0.020561
55.3061220000000000 0.27598000000000000 0.020906
55.4081630000000000 0.27557500000000000 0.020834
55.5102040000000000 0.28114800000000000 0.020926
55.6122450000000000 0.22284400000000000 0.017512
55.7142860000000000 0.20923000000000000 0.017448
55.8163270000000000 0.21925000000000000 0.018010
55.9183670000000000 0.23214300000000000 0.018305
56.0204080000000000 0.25588200000000000 0.019567
56.1224490000000000 0.28010200000000000 0.021135
56.2244900000000000 0.27275900000000000 0.020638
56.3265310000000000 0.26718000000000000 0.020513
56.4285710000000000 0.24916600000000000 0.019376
56.5306120000000000 0.27902500000000000 0.021083
56.6326530000000000 0.24678800000000000 0.019327
56.7346940000000000 0.30540600000000000 0.022540
56.8367350000000000 0.27379500000000000 0.020468
56.9387760000000000 0.29363100000000000 0.022381
57.0408160000000000 0.25723800000000000 0.019717
57.1428570000000000 0.26994800000000000 0.020554
57.2448980000000000 0.25415000000000000 0.019645
57.3469390000000000 0.26338200000000000 0.020309
57.4489800000000000 0.27256600000000000 0.020660
57.5510200000000000 0.26908700000000000 0.020483
57.6530610000000000 0.24968800000000000 0.019458
57.7551020000000000 0.25106800000000000 0.020101
57.8571430000000000 0.25657400000000000 0.019850
57.9591840000000000 0.27128700000000000 0.020743
58.0612240000000000 0.27044400000000000 0.020946
58.1632650000000000 0.26379700000000000 0.020622
58.2653060000000000 0.29689500000000000 0.021957
58.3673470000000000 0.25941200000000000 0.020745
58.4693880000000000 0.27044400000000000 0.020946
58.5714290000000000 0.28752000000000000 0.021674
58.6734690000000000 0.24708600000000000 0.019238
58.7755100000000000 0.21092000000000000 0.018226
58.8775510000000000 0.13343500000000000 0.013909
58.9795920000000000 0.10481500000000000 0.011743
59.0816330000000000 0.05678300000000000 0.008914
59.1836730000000000 0.13148500000000000 0.014123
59.2857140000000000 0.19434000000000000 0.016956
59.3877550000000000 0.22672000000000000 0.018984
59.4897960000000000 0.24105500000000000 0.019825
59.5918370000000000 0.26442000000000000 0.020514
59.6938780000000000 0.30205400000000000 0.022646
59.7959180000000000 0.27374300000000000 0.020871
59.8979590000000000 0.25528900000000000 0.019857
60.0000000000000000 0.27833600000000000 0.021576
