55.0000000000000000 0.28850900000000000 0.021347
55.1020410000000000 0.29591500000000000 0.021418
55.2040820000000000 0.31425700000000000 0.022166
55.3061220000000000 0.31355000000000000 0.022688
55.4081630000000000 0.29265700000000000 0.021648
55.5102040000000000 0.28010000000000000 0.020877
55.6122450000000000 0.26485300000000000 0.019501
55.7142860000000000 0.22919700000000000 0.018439
55.8163270000000000 0.19172500000000000 0.016621
55.9183670000000000 0.21382400000000000 0.017410
56.0204080000000000 0.19297000000000000 0.016477
56.1224490000000000 0.17779900000000000 0.016036
56.2244900000000000 0.16454900000000000 0.015223
56.3265310000000000 0.14333800000000000 0.014185
56.4285710000000000 0.11940600000000000 0.012649
56.5306120000000000 0.08195600000000000 0.010560
56.6326530000000000 0.07812000000000000 0.010195
56.7346940000000000 0.03964900000000000 0.007643
56.8367350000000000 0.01773300000000000 0.005447
56.9387760000000000 0.00925600000000000 0.004871
57.0408160000000000 0.00531400000000000 0.004046
57.1428570000000000 0.00011200000000000 0.003379
57.2448980000000000 -0.0061880000000000 0.002116
57.3469390000000000 -0.0009620000000000 0.003229
57.4489800000000000 -0.0030810000000000 0.002823
57.5510200000000000 0.00011200000000000 0.003368
57.6530610000000000 -0.0041020000000000 0.002588
57.7551020000000000 -0.0021230000000000 0.003175
57.8571430000000000 -0.0020080000000000 0.003003
57.9591840000000000 -0.0009670000000000 0.003247
58.0612240000000000 0.00011600000000000 0.003510
58.1632650000000000 -0.0032070000000000 0.002939
58.2653060000000000 0.00011300000000000 0.003419
58.3673470000000000 0.00815200000000000 0.004753
58.4693880000000000 0.00344000000000000 0.004005
58.5714290000000000 -0.0020790000000000 0.003109
58.6734690000000000 0.00323600000000000 0.003767
58.7755100000000000 0.00467700000000000 0.004276
58.8775510000000000 0.00347800000000000 0.004050
58.9795920000000000 0.00425600000000000 0.003890
59.0816330000000000 0.00229400000000000 0.003784
59.1836730000000000 0.00598700000000000 0.004559
59.2857140000000000 0.02290000000000000 0.006128
59.3877550000000000 0.02844400000000000 0.006822
59.4897960000000000 0.04486500000000000 0.008267
59.5918370000000000 0.04161700000000000 0.007776
59.6938780000000000 0.04405700000000000 0.008115
59.7959180000000000 0.04878300000000000 0.008286
59.8979590000000000 0.06310500000000000 0.009257
60.0000000000000000 0.07847400000000000 0.010635
