55.0000000000000000 0.25047900000000000 0.019526
55.1020410000000000 0.20963800000000000 0.017279
55.2040820000000000 0.18412300000000000 0.015916
55.3061220000000000 0.15897800000000000 0.015013
55.4081630000000000 0.15599400000000000 0.014813
55.5102040000000000 0.11336400000000000 0.012314
55.6122450000000000 0.07532700000000000 0.009612
55.7142860000000000 0.03583900000000000 0.007138
55.8163270000000000 0.03187000000000000 0.006836
55.9183670000000000 0.00723100000000000 0.004215
56.0204080000000000 0.00423400000000000 0.003870
56.1224490000000000 0.00442100000000000 0.004041
56.2244900000000000 0.00011100000000000 0.003361
56.3265310000000000 -0.0041950000000000 0.002647
56.4285710000000000 -0.0040760000000000 0.002572
56.5306120000000000 -0.0020410000000000 0.003052
56.6326530000000000 -0.0051600000000000 0.002369
56.7346940000000000 -0.0009830000000000 0.003300
56.8367350000000000 -0.0050750000000000 0.002330
56.9387760000000000 0.00811400000000000 0.004731
57.0408160000000000 0.00219100000000000 0.003614
57.1428570000000000 -0.0020210000000000 0.003023
57.2448980000000000 -0.0019890000000000 0.002975
57.3469390000000000 0.00226200000000000 0.003731
57.4489800000000000 -0.0020170000000000 0.003016
57.5510200000000000 0.00330100000000000 0.003843
57.6530610000000000 -0.0062080000000000 0.002123
57.7551020000000000 -0.0010030000000000 0.003367
57.8571430000000000 0.00435000000000000 0.003977
57.9591840000000000 0.00011300000000000 0.003423
58.0612240000000000 0.00676400000000000 0.004450
58.1632650000000000 0.00787200000000000 0.004589
58.2653060000000000 0.01630100000000000 0.005449
58.3673470000000000 0.01618300000000000 0.005674
58.4693880000000000 0.02338200000000000 0.006258
58.5714290000000000 0.03083000000000000 0.006896
58.6734690000000000 0.03762500000000000 0.007247
58.7755100000000000 0.02974600000000000 0.006965
58.8775510000000000 0.02028300000000000 0.006001
58.9795920000000000 0.01462200000000000 0.005124
59.0816330000000000 0.00992200000000000 0.004778
59.1836730000000000 0.01771600000000000 0.005925
59.2857140000000000 0.04026100000000000 0.007638
59.3877550000000000 0.06130100000000000 0.009439
59.4897960000000000 0.08157900000000000 0.010901
59.5918370000000000 0.09076500000000000 0.011201
59.6938780000000000 0.08461500000000000 0.010992
59.7959180000000000 0.09420800000000000 0.011358
59.8979590000000000 0.10794800000000000 0.012110
60.0000000000000000 0.10232100000000000 0.012159
