55.0000000000000000 0.25893000000000000 0.019934
55.1020410000000000 0.27331900000000000 0.020358
55.2040820000000000 0.28172300000000000 0.020657
55.3061220000000000 0.29530200000000000 0.021827
55.4081630000000000 0.28518400000000000 0.021293
55.5102040000000000 0.27485600000000000 0.020627
55.6122450000000000 0.24629100000000000 0.018630
55.7142860000000000 0.24390800000000000 0.019159
55.8163270000000000 0.19172500000000000 0.016621
55.9183670000000000 0.21687700000000000 0.017560
56.0204080000000000 0.27857200000000000 0.020645
56.1224490000000000 0.27902500000000000 0.021083
56.2244900000000000 0.24305500000000000 0.019203
56.3265310000000000 0.27148700000000000 0.020721
56.4285710000000000 0.28160600000000000 0.020928
56.5306120000000000 0.25748800000000000 0.020044
56.6326530000000000 0.28157600000000000 0.020997
56.7346940000000000 0.28014800000000000 0.021330
56.8367350000000000 0.25409800000000000 0.019528
56.9387760000000000 0.27878400000000000 0.021656
57.0408160000000000 0.25203300000000000 0.019467
57.1428570000000000 0.26994800000000000 0.020554
57.2448980000000000 0.28564200000000000 0.021149
57.3469390000000000 0.26875500000000000 0.020569
57.4489800000000000 0.28427300000000000 0.021218
57.5510200000000000 0.27759200000000000 0.020890
57.6530610000000000 0.26232400000000000 0.020068
57.7551020000000000 0.29252000000000000 0.022128
57.8571430000000000 0.27141100000000000 0.020564
57.9591840000000000 0.27993000000000000 0.021158
58.0612240000000000 0.23609900000000000 0.019253
58.1632650000000000 0.25271800000000000 0.020077
58.2653060000000000 0.28502400000000000 0.021391
58.3673470000000000 0.26285400000000000 0.020916
58.4693880000000000 0.28152300000000000 0.021484
58.5714290000000000 0.27545300000000000 0.021092
58.6734690000000000 0.26480100000000000 0.020089
58.7755100000000000 0.20522300000000000 0.017931
58.8775510000000000 0.13007400000000000 0.013717
58.9795920000000000 0.06853000000000000 0.009475
59.0816330000000000 0.06441200000000000 0.009454
59.1836730000000000 0.13031200000000000 0.014055
59.2857140000000000 0.17372400000000000 0.015880
59.3877550000000000 0.22445400000000000 0.018869
59.4897960000000000 0.23072900000000000 0.019303
59.5918370000000000 0.25240600000000000 0.019928
59.6938780000000000 0.27614100000000000 0.021390
59.7959180000000000 0.25860200000000000 0.020138
59.8979590000000000 0.27664200000000000 0.020886
60.0000000000000000 0.26130300000000000 0.020738
