55.0000000000000000 0.32970900000000000 0.023275
55.1020410000000000 0.34008100000000000 0.023455
55.2040820000000000 0.34984000000000000 0.023791
55.3061220000000000 0.30281500000000000 0.022183
55.4081630000000000 0.32468800000000000 0.023154
55.5102040000000000 0.30421900000000000 0.022012
55.6122450000000000 0.28732200000000000 0.020541
55.7142860000000000 0.25967100000000000 0.019921
55.8163270000000000 0.24254000000000000 0.019158
55.9183670000000000 0.23621300000000000 0.018503
56.0204080000000000 0.27444600000000000 0.020450
56.1224490000000000 0.27579500000000000 0.020928
56.2244900000000000 0.26745500000000000 0.020384
56.3265310000000000 0.25856500000000000 0.020096
56.4285710000000000 0.25439900000000000 0.019628
56.5306120000000000 0.20902800000000000 0.017643
56.6326530000000000 0.19407900000000000 0.016708
56.7346940000000000 0.17362600000000000 0.015969
56.8367350000000000 0.13073200000000000 0.013226
56.9387760000000000 0.10747400000000000 0.012511
57.0408160000000000 0.06673400000000000 0.009376
57.1428570000000000 0.02997500000000000 0.006703
57.2448980000000000 0.00955800000000000 0.004602
57.3469390000000000 0.00118700000000000 0.003571
57.4489800000000000 0.00436900000000000 0.003994
57.5510200000000000 -0.0020150000000000 0.003013
57.6530610000000000 -0.0009430000000000 0.003165
57.7551020000000000 -0.0010030000000000 0.003367
57.8571430000000000 0.00223100000000000 0.003679
57.9591840000000000 -0.0052890000000000 0.002428
58.0612240000000000 0.00011600000000000 0.003510
58.1632650000000000 0.00676400000000000 0.004450
58.2653060000000000 0.00335100000000000 0.003901
58.3673470000000000 0.00356200000000000 0.004147
58.4693880000000000 0.00011600000000000 0.003510
58.5714290000000000 0.00450300000000000 0.004117
58.6734690000000000 0.00948800000000000 0.004568
58.7755100000000000 0.01607200000000000 0.005635
58.8775510000000000 0.00571900000000000 0.004354
58.9795920000000000 0.00736600000000000 0.004294
59.0816330000000000 0.01428200000000000 0.005271
59.1836730000000000 0.02123500000000000 0.006285
59.2857140000000000 0.04026100000000000 0.007638
59.3877550000000000 0.06696600000000000 0.009839
59.4897960000000000 0.07584300000000000 0.010518
59.5918370000000000 0.10059400000000000 0.011809
59.6938780000000000 0.08686800000000000 0.011138
59.7959180000000000 0.09637100000000000 0.011491
59.8979590000000000 0.12396300000000000 0.013040
60.0000000000000000 0.12503300000000000 0.013519
