55.0000000000000000 0.26949400000000000 0.020442
55.1020410000000000 0.26818300000000000 0.020115
55.2040820000000000 0.27155700000000000 0.020179
55.3061220000000000 0.28993500000000000 0.021572
55.4081630000000000 0.30013100000000000 0.022002
55.5102040000000000 0.32624000000000000 0.023037
55.6122450000000000 0.29416100000000000 0.020855
55.7142860000000000 0.23024700000000000 0.018491
55.8163270000000000 0.23513000000000000 0.018796
55.9183670000000000 0.24130200000000000 0.018748
56.0204080000000000 0.25485100000000000 0.019518
56.1224490000000000 0.30810100000000000 0.022465
56.2244900000000000 0.27912500000000000 0.020942
56.3265310000000000 0.32640800000000000 0.023325
56.4285710000000000 0.29939600000000000 0.021766
56.5306120000000000 0.27041000000000000 0.020669
56.6326530000000000 0.26787200000000000 0.020344
56.7346940000000000 0.28344300000000000 0.021489
56.8367350000000000 0.26653900000000000 0.020123
56.9387760000000000 0.24223800000000000 0.019842
57.0408160000000000 0.25827900000000000 0.019767
57.1428570000000000 0.25928200000000000 0.020040
57.2448980000000000 0.26359800000000000 0.020100
57.3469390000000000 0.23114500000000000 0.018731
57.4489800000000000 0.18316700000000000 0.016223
57.5510200000000000 0.13938300000000000 0.013877
57.6530610000000000 0.11489500000000000 0.012430
57.7551020000000000 0.04941100000000000 0.008504
57.8571430000000000 0.00117100000000000 0.003522
57.9591840000000000 -0.0042080000000000 0.002655
58.0612240000000000 0.00233200000000000 0.003846
58.1632650000000000 0.00344000000000000 0.004005
58.2653060000000000 -0.0031240000000000 0.002862
58.3673470000000000 -0.0010270000000000 0.003448
58.4693880000000000 0.00344000000000000 0.004005
58.5714290000000000 0.00450300000000000 0.004117
58.6734690000000000 -0.0051010000000000 0.002342
58.7755100000000000 -0.0010200000000000 0.003424
58.8775510000000000 0.01132100000000000 0.005043
58.9795920000000000 0.00529200000000000 0.004029
59.0816330000000000 0.01755100000000000 0.005616
59.1836730000000000 0.02709900000000000 0.006849
59.2857140000000000 0.05002700000000000 0.008395
59.3877550000000000 0.11908500000000000 0.013154
59.4897960000000000 0.14123900000000000 0.014524
59.5918370000000000 0.09841000000000000 0.011676
59.6938780000000000 0.11954000000000000 0.013143
59.7959180000000000 0.15044800000000000 0.014606
59.8979590000000000 0.15599400000000000 0.014813
60.0000000000000000 0.17272700000000000 0.016185
