55.0000000000000000 0.31386300000000000 0.022538
55.1020410000000000 0.29386100000000000 0.021323
55.2040820000000000 0.29697300000000000 0.021368
55.3061220000000000 0.27168600000000000 0.020699
55.4081630000000000 0.33002600000000000 0.023402
55.5102040000000000 0.28534300000000000 0.021125
55.6122450000000000 0.26192200000000000 0.019364
55.7142860000000000 0.23340000000000000 0.018646
55.8163270000000000 0.23724700000000000 0.018899
55.9183670000000000 0.21891300000000000 0.017660
56.0204080000000000 0.25691300000000000 0.019616
56.1224490000000000 0.26394900000000000 0.020357
56.2244900000000000 0.23138500000000000 0.018630
56.3265310000000000 0.25425700000000000 0.019886
56.4285710000000000 0.22091200000000000 0.017994
56.5306120000000000 0.21764300000000000 0.018077
56.6326530000000000 0.15929100000000000 0.014896
56.7346940000000000 0.11652100000000000 0.012796
56.8367350000000000 0.09133800000000000 0.010933
56.9387760000000000 0.02296100000000000 0.006343
57.0408160000000000 -0.0019730000000000 0.002950
57.1428570000000000 0.00117800000000000 0.003544
57.2448980000000000 0.00325900000000000 0.003795
57.3469390000000000 0.00226200000000000 0.003731
57.4489800000000000 0.00756200000000000 0.004408
57.5510200000000000 -0.0009520000000000 0.003195
57.6530610000000000 -0.0019960000000000 0.002984
57.7551020000000000 -0.0066040000000000 0.002259
57.8571430000000000 0.00223100000000000 0.003679
57.9591840000000000 0.00011300000000000 0.003423
58.0612240000000000 0.00454800000000000 0.004158
58.1632650000000000 0.01673500000000000 0.005595
58.2653060000000000 0.02493500000000000 0.006298
58.3673470000000000 0.04142300000000000 0.007991
58.4693880000000000 0.06548200000000000 0.009615
58.5714290000000000 0.07800000000000000 0.010407
58.6734690000000000 0.08451900000000000 0.010539
58.7755100000000000 0.08671900000000000 0.011196
58.8775510000000000 0.06061500000000000 0.009331
58.9795920000000000 0.04883300000000000 0.008091
59.0816330000000000 0.03716700000000000 0.007406
59.1836730000000000 0.05407500000000000 0.009089
59.2857140000000000 0.09668400000000000 0.011530
59.3877550000000000 0.13041500000000000 0.013815
59.4897960000000000 0.14353400000000000 0.014654
59.5918370000000000 0.18359900000000000 0.016451
59.6938780000000000 0.18713800000000000 0.016889
59.7959180000000000 0.18181200000000000 0.016280
59.8979590000000000 0.17521200000000000 0.015833
60.0000000000000000 0.21360800000000000 0.018334
