55.0000000000000000 0.28322700000000000 0.021096
55.1020410000000000 0.27126400000000000 0.020261
55.2040820000000000 0.27359000000000000 0.020275
55.3061220000000000 0.27598000000000000 0.020906
55.4081630000000000 0.26703300000000000 0.020424
55.5102040000000000 0.30107300000000000 0.021865
55.6122450000000000 0.22675200000000000 0.017700
55.7142860000000000 0.23550200000000000 0.018748
55.8163270000000000 0.19596000000000000 0.016838
55.9183670000000000 0.24028400000000000 0.018699
56.0204080000000000 0.25072500000000000 0.019320
56.1224490000000000 0.26071800000000000 0.020201
56.2244900000000000 0.26002900000000000 0.020027
56.3265310000000000 0.28548700000000000 0.021392
56.4285710000000000 0.26800200000000000 0.020281
56.5306120000000000 0.28010200000000000 0.021135
56.6326530000000000 0.25627600000000000 0.019787
56.7346940000000000 0.26038100000000000 0.020370
56.8367350000000000 0.26342900000000000 0.019975
56.9387760000000000 0.26507900000000000 0.020981
57.0408160000000000 0.28430500000000000 0.021005
57.1428570000000000 0.29447800000000000 0.021724
57.2448980000000000 0.26569700000000000 0.020200
57.3469390000000000 0.30529000000000000 0.022311
57.4489800000000000 0.23212400000000000 0.018695
57.5510200000000000 0.28928700000000000 0.021446
57.6530610000000000 0.26021800000000000 0.019967
57.7551020000000000 0.27123400000000000 0.021094
57.8571430000000000 0.26505200000000000 0.020259
57.9591840000000000 0.25616200000000000 0.020009
58.0612240000000000 0.29038700000000000 0.021912
58.1632650000000000 0.25715000000000000 0.020296
58.2653060000000000 0.27531100000000000 0.020926
58.3673470000000000 0.26629500000000000 0.021086
58.4693880000000000 0.29371000000000000 0.022072
58.5714290000000000 0.27216200000000000 0.020933
58.6734690000000000 0.24395900000000000 0.019086
58.7755100000000000 0.19268900000000000 0.017276
58.8775510000000000 0.17712700000000000 0.016313
58.9795920000000000 0.09030100000000000 0.010869
59.0816330000000000 0.06659200000000000 0.009605
59.1836730000000000 0.11623800000000000 0.013220
59.2857140000000000 0.17480900000000000 0.015937
59.3877550000000000 0.23011900000000000 0.019157
59.4897960000000000 0.25826400000000000 0.020688
59.5918370000000000 0.27971100000000000 0.021255
59.6938780000000000 0.24797600000000000 0.020001
59.7959180000000000 0.25535700000000000 0.019980
59.8979590000000000 0.24140900000000000 0.019180
60.0000000000000000 0.26016700000000000 0.020682
