55.0000000000000000 0.27794500000000000 0.020845
55.1020410000000000 0.27229200000000000 0.020309
55.2040820000000000 0.26749000000000000 0.019987
55.3061220000000000 0.28242100000000000 0.021214
55.4081630000000000 0.28731900000000000 0.021395
55.5102040000000000 0.26856500000000000 0.020328
55.6122450000000000 0.23945200000000000 0.018306
55.7142860000000000 0.20712900000000000 0.017342
55.8163270000000000 0.22454300000000000 0.018273
55.9183670000000000 0.24639000000000000 0.018992
56.0204080000000000 0.27754000000000000 0.020596
56.1224490000000000 0.25641100000000000 0.019991
56.2244900000000000 0.28124700000000000 0.021043
56.3265310000000000 0.28010200000000000 0.021135
56.4285710000000000 0.25649100000000000 0.019729
56.5306120000000000 0.27902500000000000 0.021083
56.6326530000000000 0.29106400000000000 0.021447
56.7346940000000000 0.29771900000000000 0.022173
56.8367350000000000 0.28416200000000000 0.020958
56.9387760000000000 0.23766900000000000 0.019612
57.0408160000000000 0.28846900000000000 0.021201
57.1428570000000000 0.29127900000000000 0.021572
57.2448980000000000 0.29299100000000000 0.021496
57.3469390000000000 0.26123300000000000 0.020205
57.4489800000000000 0.27256600000000000 0.020660
57.5510200000000000 0.25951900000000000 0.020022
57.6530610000000000 0.26969600000000000 0.020421
57.7551020000000000 0.23986500000000000 0.019543
57.8571430000000000 0.26505200000000000 0.020259
57.9591840000000000 0.26372400000000000 0.020377
58.0612240000000000 0.26268900000000000 0.020567
58.1632650000000000 0.26047300000000000 0.020459
58.2653060000000000 0.26344000000000000 0.020353
58.3673470000000000 0.26400100000000000 0.020973
58.4693880000000000 0.28817100000000000 0.021805
58.5714290000000000 0.25899900000000000 0.020292
58.6734690000000000 0.22207500000000000 0.018016
58.7755100000000000 0.18927000000000000 0.017095
58.8775510000000000 0.15024000000000000 0.014853
58.9795920000000000 0.10688800000000000 0.011865
59.0816330000000000 0.06332200000000000 0.009378
59.1836730000000000 0.10685500000000000 0.012648
59.2857140000000000 0.19759500000000000 0.017123
59.3877550000000000 0.27770600000000000 0.021523
59.4897960000000000 0.27891600000000000 0.021709
59.5918370000000000 0.25677500000000000 0.020142
59.6938780000000000 0.24234300000000000 0.019720
59.7959180000000000 0.29429300000000000 0.021855
59.8979590000000000 0.22752900000000000 0.018495
60.0000000000000000 0.27493000000000000 0.021410
