55.0000000000000000 0.26738100000000000 0.020340
55.1020410000000000 0.26304800000000000 0.019871
55.2040820000000000 0.25630700000000000 0.019457
55.3061220000000000 0.25451200000000000 0.019869
55.4081630000000000 0.27450700000000000 0.020783
55.5102040000000000 0.26122400000000000 0.019976
55.6122450000000000 0.24629100000000000 0.018630
55.7142860000000000 0.24180700000000000 0.019056
55.8163270000000000 0.20125300000000000 0.017107
55.9183670000000000 0.23926700000000000 0.018650
56.0204080000000000 0.24660000000000000 0.019121
56.1224490000000000 0.28441000000000000 0.021341
56.2244900000000000 0.28336800000000000 0.021144
56.3265310000000000 0.26287200000000000 0.020305
56.4285710000000000 0.25125900000000000 0.019477
56.5306120000000000 0.26610300000000000 0.020461
56.6326530000000000 0.26576300000000000 0.020243
56.7346940000000000 0.28014800000000000 0.021330
56.8367350000000000 0.29452900000000000 0.021445
56.9387760000000000 0.26279500000000000 0.020868
57.0408160000000000 0.27077200000000000 0.020364
57.1428570000000000 0.26674800000000000 0.020401
57.2448980000000000 0.27409500000000000 0.020601
57.3469390000000000 0.26230700000000000 0.020257
57.4489800000000000 0.28640200000000000 0.021320
57.5510200000000000 0.28184500000000000 0.021092
57.6530610000000000 0.25705900000000000 0.019815
57.7551020000000000 0.23202300000000000 0.019150
57.8571430000000000 0.27141100000000000 0.020564
57.9591840000000000 0.25940300000000000 0.020167
58.0612240000000000 0.24828600000000000 0.019858
58.1632650000000000 0.27266000000000000 0.021054
58.2653060000000000 0.27962800000000000 0.021133
58.3673470000000000 0.28465200000000000 0.021990
58.4693880000000000 0.28595500000000000 0.021698
58.5714290000000000 0.24144700000000000 0.019428
58.6734690000000000 0.25229600000000000 0.019489
58.7755100000000000 0.20294400000000000 0.017812
58.8775510000000000 0.13231500000000000 0.013845
58.9795920000000000 0.10481500000000000 0.011743
59.0816330000000000 0.07749000000000000 0.010337
59.1836730000000000 0.11271900000000000 0.013007
59.2857140000000000 0.19759500000000000 0.017123
59.3877550000000000 0.21199100000000000 0.018231
59.4897960000000000 0.25023300000000000 0.020287
59.5918370000000000 0.26878900000000000 0.020727
59.6938780000000000 0.28628100000000000 0.021884
59.7959180000000000 0.27266200000000000 0.020819
59.8979590000000000 0.25955900000000000 0.020064
60.0000000000000000 0.29877700000000000 0.022571
