55.0000000000000000 0.26632500000000000 0.020290
55.1020410000000000 0.23326100000000000 0.018439
55.2040820000000000 0.30205700000000000 0.021603
55.3061220000000000 0.27168600000000000 0.020699
55.4081630000000000 0.24781500000000000 0.019493
55.5102040000000000 0.30421900000000000 0.022012
55.6122450000000000 0.24140600000000000 0.018399
55.7142860000000000 0.21343400000000000 0.017658
55.8163270000000000 0.21395700000000000 0.017746
55.9183670000000000 0.25860300000000000 0.019576
56.0204080000000000 0.29507300000000000 0.021419
56.1224490000000000 0.27902500000000000 0.021083
56.2244900000000000 0.27700300000000000 0.020841
56.3265310000000000 0.25641100000000000 0.019991
56.4285710000000000 0.27846700000000000 0.020779
56.5306120000000000 0.27364100000000000 0.020825
56.6326530000000000 0.28790100000000000 0.021297
56.7346940000000000 0.27575600000000000 0.021118
56.8367350000000000 0.29763900000000000 0.021590
56.9387760000000000 0.26393700000000000 0.020924
57.0408160000000000 0.27597700000000000 0.020611
57.1428570000000000 0.24541700000000000 0.019366
57.2448980000000000 0.25729900000000000 0.019797
57.3469390000000000 0.27305300000000000 0.020776
57.4489800000000000 0.24489500000000000 0.019321
57.5510200000000000 0.30204400000000000 0.022049
57.6530610000000000 0.26021800000000000 0.019967
57.7551020000000000 0.27907600000000000 0.021477
57.8571430000000000 0.31062200000000000 0.022419
57.9591840000000000 0.27344800000000000 0.020847
58.0612240000000000 0.27487600000000000 0.021162
58.1632650000000000 0.29592600000000000 0.022178
58.2653060000000000 0.29581600000000000 0.021906
58.3673470000000000 0.26859000000000000 0.021200
58.4693880000000000 0.23720700000000000 0.019308
58.5714290000000000 0.26777400000000000 0.020720
58.6734690000000000 0.24604300000000000 0.019187
58.7755100000000000 0.23370900000000000 0.019390
58.8775510000000000 0.15136000000000000 0.014915
58.9795920000000000 0.08822800000000000 0.010741
59.0816330000000000 0.07966900000000000 0.010479
59.1836730000000000 0.10685500000000000 0.012648
59.2857140000000000 0.20519000000000000 0.017512
59.3877550000000000 0.26524300000000000 0.020911
59.4897960000000000 0.24449700000000000 0.019999
59.5918370000000000 0.27315800000000000 0.020938
59.6938780000000000 0.26374800000000000 0.020782
59.7959180000000000 0.26400900000000000 0.020401
59.8979590000000000 0.24461200000000000 0.019337
60.0000000000000000 0.28742100000000000 0.022020
