55.0000000000000000 0.28428400000000000 0.021146
55.1020410000000000 0.26612900000000000 0.020017
55.2040820000000000 0.30307300000000000 0.021650
55.3061220000000000 0.24485100000000000 0.019397
55.4081630000000000 0.24995000000000000 0.019597
55.5102040000000000 0.30631600000000000 0.022110
55.6122450000000000 0.23652100000000000 0.018167
55.7142860000000000 0.21553500000000000 0.017763
55.8163270000000000 0.24148100000000000 0.019107
55.9183670000000000 0.21891300000000000 0.017660
56.0204080000000000 0.26103900000000000 0.019813
56.1224490000000000 0.24995000000000000 0.019676
56.2244900000000000 0.24093300000000000 0.019099
56.3265310000000000 0.27902500000000000 0.021083
56.4285710000000000 0.26800200000000000 0.020281
56.5306120000000000 0.28979400000000000 0.021598
56.6326530000000000 0.26787200000000000 0.020344
56.7346940000000000 0.30870100000000000 0.022697
56.8367350000000000 0.26135500000000000 0.019876
56.9387760000000000 0.29248900000000000 0.022325
57.0408160000000000 0.28430500000000000 0.021005
57.1428570000000000 0.28701300000000000 0.021370
57.2448980000000000 0.25729900000000000 0.019797
57.3469390000000000 0.28057500000000000 0.021136
57.4489800000000000 0.28959400000000000 0.021471
57.5510200000000000 0.27333900000000000 0.020686
57.6530610000000000 0.26759000000000000 0.020321
57.7551020000000000 0.27795500000000000 0.021422
57.8571430000000000 0.31274100000000000 0.022518
57.9591840000000000 0.27560800000000000 0.020951
58.0612240000000000 0.31476000000000000 0.023077
58.1632650000000000 0.25715000000000000 0.020296
58.2653060000000000 0.25804400000000000 0.020091
58.3673470000000000 0.29383100000000000 0.022438
58.4693880000000000 0.23388400000000000 0.019142
58.5714290000000000 0.25570800000000000 0.020131
58.6734690000000000 0.23979100000000000 0.018884
58.7755100000000000 0.21433900000000000 0.018402
58.8775510000000000 0.17936800000000000 0.016432
58.9795920000000000 0.07475100000000000 0.009886
59.0816330000000000 0.08947700000000000 0.011107
59.1836730000000000 0.12092900000000000 0.013501
59.2857140000000000 0.19868000000000000 0.017179
59.3877550000000000 0.24938100000000000 0.020124
59.4897960000000000 0.24793900000000000 0.020172
59.5918370000000000 0.25895900000000000 0.020248
59.6938780000000000 0.27501500000000000 0.021335
59.7959180000000000 0.28564000000000000 0.021442
59.8979590000000000 0.26596500000000000 0.020373
60.0000000000000000 0.26016700000000000 0.020682
