55.0000000000000000 0.26632500000000000 0.020290
55.1020410000000000 0.28975200000000000 0.021131
55.2040820000000000 0.26342300000000000 0.019795
55.3061220000000000 0.28456700000000000 0.021317
55.4081630000000000 0.28625100000000000 0.021344
55.5102040000000000 0.24968900000000000 0.019420
55.6122450000000000 0.25117600000000000 0.018860
55.7142860000000000 0.22289100000000000 0.018128
55.8163270000000000 0.21713300000000000 0.017905
55.9183670000000000 0.21484200000000000 0.017460
56.0204080000000000 0.24144300000000000 0.018872
56.1224490000000000 0.25641100000000000 0.019991
56.2244900000000000 0.26427200000000000 0.020231
56.3265310000000000 0.21764300000000000 0.018077
56.4285710000000000 0.25335200000000000 0.019578
56.5306120000000000 0.26179500000000000 0.020253
56.6326530000000000 0.28684700000000000 0.021247
56.7346940000000000 0.26587200000000000 0.020638
56.8367350000000000 0.26861200000000000 0.020222
56.9387760000000000 0.27421600000000000 0.021432
57.0408160000000000 0.25723800000000000 0.019717
57.1428570000000000 0.25714900000000000 0.019937
57.2448980000000000 0.26359800000000000 0.020100
57.3469390000000000 0.26982900000000000 0.020620
57.4489800000000000 0.27788700000000000 0.020914
57.5510200000000000 0.25739200000000000 0.019919
57.6530610000000000 0.29286300000000000 0.021521
57.7551020000000000 0.24546600000000000 0.019823
57.8571430000000000 0.27882900000000000 0.020918
57.9591840000000000 0.26696500000000000 0.020534
58.0612240000000000 0.27930800000000000 0.021377
58.1632650000000000 0.26158100000000000 0.020513
58.2653060000000000 0.26236000000000000 0.020301
58.3673470000000000 0.25252800000000000 0.020402
58.4693880000000000 0.24607100000000000 0.019749
58.5714290000000000 0.26667700000000000 0.020666
58.6734690000000000 0.26792700000000000 0.020238
58.7755100000000000 0.22459400000000000 0.018928
58.8775510000000000 0.17936800000000000 0.016432
58.9795920000000000 0.08511800000000000 0.010547
59.0816330000000000 0.07204100000000000 0.009975
59.1836730000000000 0.09864400000000000 0.012136
59.2857140000000000 0.19976500000000000 0.017234
59.3877550000000000 0.26411000000000000 0.020855
59.4897960000000000 0.25482200000000000 0.020516
59.5918370000000000 0.22401000000000000 0.018519
59.6938780000000000 0.24797600000000000 0.020001
59.7959180000000000 0.28672200000000000 0.021494
59.8979590000000000 0.26276200000000000 0.020219
60.0000000000000000 0.26357400000000000 0.020851
