55.0000000000000000 0.32548400000000000 0.023079
55.1020410000000000 0.30413200000000000 0.021801
55.2040820000000000 0.29087300000000000 0.021084
55.3061220000000000 0.33609100000000000 0.023742
55.4081630000000000 0.27664200000000000 0.020886
55.5102040000000000 0.31155900000000000 0.022355
55.6122450000000000 0.30490700000000000 0.021346
55.7142860000000000 0.23234900000000000 0.018594
55.8163270000000000 0.23089500000000000 0.018587
55.9183670000000000 0.22807200000000000 0.018108
56.0204080000000000 0.23938000000000000 0.018772
56.1224490000000000 0.27256400000000000 0.020773
56.2244900000000000 0.23350700000000000 0.018735
56.3265310000000000 0.22195100000000000 0.018293
56.4285710000000000 0.21358700000000000 0.017630
56.5306120000000000 0.15410700000000000 0.014774
56.6326530000000000 0.14664100000000000 0.014215
56.7346940000000000 0.10773600000000000 0.012275
56.8367350000000000 0.08926400000000000 0.010805
56.9387760000000000 0.03209800000000000 0.007183
57.0408160000000000 0.00427300000000000 0.003907
57.1428570000000000 0.00331200000000000 0.003855
57.2448980000000000 0.00011000000000000 0.003326
57.3469390000000000 0.00011300000000000 0.003404
57.4489800000000000 -0.0009530000000000 0.003198
57.5510200000000000 -0.0041410000000000 0.002613
57.6530610000000000 -0.0019960000000000 0.002984
57.7551020000000000 -0.0032430000000000 0.002971
57.8571430000000000 0.00435000000000000 0.003977
57.9591840000000000 0.00875600000000000 0.004607
58.0612240000000000 0.00233200000000000 0.003846
58.1632650000000000 0.00344000000000000 0.004005
58.2653060000000000 0.00658800000000000 0.004334
58.3673470000000000 -0.0010270000000000 0.003448
58.4693880000000000 0.00122400000000000 0.003682
58.5714290000000000 0.00340600000000000 0.003965
58.6734690000000000 0.00427800000000000 0.003911
58.7755100000000000 0.02290900000000000 0.006328
58.8775510000000000 0.01804300000000000 0.005774
58.9795920000000000 0.00840200000000000 0.004421
59.0816330000000000 0.01537100000000000 0.005388
59.1836730000000000 0.04351900000000000 0.008267
59.2857140000000000 0.04785700000000000 0.008231
59.3877550000000000 0.07489700000000000 0.010383
59.4897960000000000 0.07584300000000000 0.010518
59.5918370000000000 0.09731800000000000 0.011608
59.6938780000000000 0.08574200000000000 0.011065
59.7959180000000000 0.12557200000000000 0.013218
59.8979590000000000 0.10794800000000000 0.012110
60.0000000000000000 0.11254200000000000 0.012780
