55.0000000000000000 0.28428400000000000 0.021146
55.1020410000000000 0.23942400000000000 0.018738
55.2040820000000000 0.25325700000000000 0.019312
55.3061220000000000 0.26846600000000000 0.020544
55.4081630000000000 0.30119900000000000 0.022052
55.5102040000000000 0.25702900000000000 0.019774
55.6122450000000000 0.22284400000000000 0.017512
55.7142860000000000 0.21028100000000000 0.017500
55.8163270000000000 0.22666000000000000 0.018378
55.9183670000000000 0.23112500000000000 0.018256
56.0204080000000000 0.24350600000000000 0.018972
56.1224490000000000 0.25964200000000000 0.020148
56.2244900000000000 0.25048100000000000 0.019564
56.3265310000000000 0.28225600000000000 0.021238
56.4285710000000000 0.26695600000000000 0.020231
56.5306120000000000 0.26610300000000000 0.020461
56.6326530000000000 0.25205900000000000 0.019583
56.7346940000000000 0.24281100000000000 0.019506
56.8367350000000000 0.25098800000000000 0.019379
56.9387760000000000 0.24909000000000000 0.020186
57.0408160000000000 0.26036100000000000 0.019867
57.1428570000000000 0.26568200000000000 0.020349
57.2448980000000000 0.28354300000000000 0.021050
57.3469390000000000 0.27197800000000000 0.020724
57.4489800000000000 0.29278700000000000 0.021623
57.5510200000000000 0.29779200000000000 0.021848
57.6530610000000000 0.26548400000000000 0.020220
57.7551020000000000 0.24434600000000000 0.019767
57.8571430000000000 0.25975300000000000 0.020003
57.9591840000000000 0.23995600000000000 0.019215
58.0612240000000000 0.28927900000000000 0.021858
58.1632650000000000 0.27930800000000000 0.021377
58.2653060000000000 0.28826100000000000 0.021546
58.3673470000000000 0.24449700000000000 0.019999
58.4693880000000000 0.25161000000000000 0.020023
58.5714290000000000 0.27764700000000000 0.021198
58.6734690000000000 0.21478100000000000 0.017655
58.7755100000000000 0.21661700000000000 0.018519
58.8775510000000000 0.11326900000000000 0.012735
58.9795920000000000 0.08408100000000000 0.010482
59.0816330000000000 0.06768100000000000 0.009680
59.1836730000000000 0.10216300000000000 0.012357
59.2857140000000000 0.18457400000000000 0.016449
59.3877550000000000 0.25731200000000000 0.020519
59.4897960000000000 0.26400100000000000 0.020973
59.5918370000000000 0.30155400000000000 0.022300
59.6938780000000000 0.24797600000000000 0.020001
59.7959180000000000 0.27158000000000000 0.020767
59.8979590000000000 0.25635600000000000 0.019909
60.0000000000000000 0.27152300000000000 0.021242
