55.0000000000000000 0.26421200000000000 0.020188
55.1020410000000000 0.24866800000000000 0.019184
55.2040820000000000 0.28782300000000000 0.020942
55.3061220000000000 0.24807100000000000 0.019555
55.4081630000000000 0.24140900000000000 0.019180
55.5102040000000000 0.26437000000000000 0.020127
55.6122450000000000 0.27071400000000000 0.019773
55.7142860000000000 0.26177300000000000 0.020022
55.8163270000000000 0.21713300000000000 0.017905
55.9183670000000000 0.22298300000000000 0.017860
56.0204080000000000 0.25794500000000000 0.019666
56.1224490000000000 0.29733200000000000 0.021956
56.2244900000000000 0.26639400000000000 0.020333
56.3265310000000000 0.29410200000000000 0.021803
56.4285710000000000 0.25335200000000000 0.019578
56.5306120000000000 0.27364100000000000 0.020825
56.6326530000000000 0.30582200000000000 0.022141
56.7346940000000000 0.29003200000000000 0.021805
56.8367350000000000 0.27172200000000000 0.020370
56.9387760000000000 0.27421600000000000 0.021432
57.0408160000000000 0.28430500000000000 0.021005
57.1428570000000000 0.26248200000000000 0.020195
57.2448980000000000 0.25834900000000000 0.019848
57.3469390000000000 0.28487300000000000 0.021342
57.4489800000000000 0.26724500000000000 0.020404
57.5510200000000000 0.27333900000000000 0.020686
57.6530610000000000 0.28338600000000000 0.021073
57.7551020000000000 0.25330900000000000 0.020212
57.8571430000000000 0.26293300000000000 0.020157
57.9591840000000000 0.25292100000000000 0.019851
58.0612240000000000 0.26490500000000000 0.020676
58.1632650000000000 0.27930800000000000 0.021377
58.2653060000000000 0.25048900000000000 0.019723
58.3673470000000000 0.26285400000000000 0.020916
58.4693880000000000 0.25715000000000000 0.020296
58.5714290000000000 0.28313200000000000 0.021463
58.6734690000000000 0.23666500000000000 0.018731
58.7755100000000000 0.19268900000000000 0.017276
58.8775510000000000 0.12783300000000000 0.013588
58.9795920000000000 0.08615400000000000 0.010612
59.0816330000000000 0.07749000000000000 0.010337
59.1836730000000000 0.11271900000000000 0.013007
59.2857140000000000 0.18674400000000000 0.016562
59.3877550000000000 0.23238500000000000 0.019271
59.4897960000000000 0.26400100000000000 0.020973
59.5918370000000000 0.23820800000000000 0.019227
59.6938780000000000 0.24572200000000000 0.019888
59.7959180000000000 0.26833600000000000 0.020610
59.8979590000000000 0.24781500000000000 0.019493
60.0000000000000000 0.28628600000000000 0.021965
