55.0000000000000000 0.23357600000000000 0.018701
55.1020410000000000 0.21066500000000000 0.017330
55.2040820000000000 0.19835700000000000 0.016634
55.3061220000000000 0.17722600000000000 0.015980
55.4081630000000000 0.13997900000000000 0.013939
55.5102040000000000 0.10707200000000000 0.011947
55.6122450000000000 0.06458000000000000 0.008915
55.7142860000000000 0.03058500000000000 0.006695
55.8163270000000000 0.02234300000000000 0.005978
55.9183670000000000 0.00926600000000000 0.004461
56.0204080000000000 -0.0029860000000000 0.002735
56.1224490000000000 -0.0020410000000000 0.003052
56.2244900000000000 -0.0062540000000000 0.002138
56.3265310000000000 0.00226700000000000 0.003739
56.4285710000000000 -0.0030300000000000 0.002775
56.5306120000000000 -0.0009640000000000 0.003236
56.6326530000000000 -0.0009440000000000 0.003168
56.7346940000000000 0.00121300000000000 0.003649
56.8367350000000000 0.00218200000000000 0.003599
56.9387760000000000 0.00240400000000000 0.003965
57.0408160000000000 -0.0019730000000000 0.002950
57.1428570000000000 0.00224500000000000 0.003703
57.2448980000000000 -0.0009400000000000 0.003155
57.3469390000000000 0.00011300000000000 0.003404
57.4489800000000000 0.00011200000000000 0.003372
57.5510200000000000 0.00861700000000000 0.004534
57.6530610000000000 0.00221700000000000 0.003656
57.7551020000000000 0.00459900000000000 0.004205
57.8571430000000000 0.02554600000000000 0.006281
57.9591840000000000 0.01739900000000000 0.005567
58.0612240000000000 0.03889300000000000 0.007622
58.1632650000000000 0.04443200000000000 0.008065
58.2653060000000000 0.05947000000000000 0.009057
58.3673470000000000 0.05748600000000000 0.009228
58.4693880000000000 0.06880600000000000 0.009845
58.5714290000000000 0.08129000000000000 0.010622
58.6734690000000000 0.07514000000000000 0.009939
58.7755100000000000 0.07418500000000000 0.010367
58.8775510000000000 0.05165200000000000 0.008674
58.9795920000000000 0.02913600000000000 0.006513
59.0816330000000000 0.02735900000000000 0.006560
59.1836730000000000 0.05172900000000000 0.008911
59.2857140000000000 0.07389800000000000 0.010075
59.3877550000000000 0.11342000000000000 0.012818
59.4897960000000000 0.11944000000000000 0.013261
59.5918370000000000 0.11916100000000000 0.012914
59.6938780000000000 0.13306000000000000 0.013927
59.7959180000000000 0.13638800000000000 0.013830
59.8979590000000000 0.14958800000000000 0.014466
60.0000000000000000 0.16023600000000000 0.015506
