55.0000000000000000 0.28534000000000000 0.021197
55.1020410000000000 0.27126400000000000 0.020261
55.2040820000000000 0.28782300000000000 0.020942
55.3061220000000000 0.25558500000000000 0.019921
55.4081630000000000 0.27343900000000000 0.020732
55.5102040000000000 0.24025100000000000 0.018962
55.6122450000000000 0.24238300000000000 0.018445
55.7142860000000000 0.24811200000000000 0.019363
55.8163270000000000 0.21183900000000000 0.017640
55.9183670000000000 0.23926700000000000 0.018650
56.0204080000000000 0.23628600000000000 0.018622
56.1224490000000000 0.25964200000000000 0.020148
56.2244900000000000 0.25154200000000000 0.019616
56.3265310000000000 0.29517900000000000 0.021854
56.4285710000000000 0.26800200000000000 0.020281
56.5306120000000000 0.25856500000000000 0.020096
56.6326530000000000 0.29738900000000000 0.021745
56.7346940000000000 0.27575600000000000 0.021118
56.8367350000000000 0.23958500000000000 0.018828
56.9387760000000000 0.26736300000000000 0.021094
57.0408160000000000 0.29367400000000000 0.021446
57.1428570000000000 0.27954700000000000 0.021014
57.2448980000000000 0.25100100000000000 0.019493
57.3469390000000000 0.29132100000000000 0.021649
57.4489800000000000 0.25766600000000000 0.019942
57.5510200000000000 0.27546600000000000 0.020788
57.6530610000000000 0.22967900000000000 0.018481
57.7551020000000000 0.26339100000000000 0.020710
57.8571430000000000 0.26929100000000000 0.020462
57.9591840000000000 0.26588500000000000 0.020482
58.0612240000000000 0.27709200000000000 0.021269
58.1632650000000000 0.29592600000000000 0.022178
58.2653060000000000 0.29149900000000000 0.021700
58.3673470000000000 0.26973700000000000 0.021257
58.4693880000000000 0.26047300000000000 0.020459
58.5714290000000000 0.24802900000000000 0.019753
58.6734690000000000 0.26480100000000000 0.020089
58.7755100000000000 0.21775700000000000 0.018578
58.8775510000000000 0.13119400000000000 0.013781
58.9795920000000000 0.07060400000000000 0.009613
59.0816330000000000 0.10800400000000000 0.012242
59.1836730000000000 0.11154600000000000 0.012936
59.2857140000000000 0.17914900000000000 0.016166
59.3877550000000000 0.22898600000000000 0.019099
59.4897960000000000 0.24220200000000000 0.019883
59.5918370000000000 0.27425000000000000 0.020991
59.6938780000000000 0.29078700000000000 0.022102
59.7959180000000000 0.27590600000000000 0.020975
59.8979590000000000 0.26062700000000000 0.020115
60.0000000000000000 0.29423500000000000 0.022351
