55.0000000000000000 0.38781100000000000 0.025936
55.1020410000000000 0.35856900000000000 0.024296
55.2040820000000000 0.36305700000000000 0.024388
55.3061220000000000 0.33609100000000000 0.023742
55.4081630000000000 0.32682300000000000 0.023253
55.5102040000000000 0.31785100000000000 0.022648
55.6122450000000000 0.28243800000000000 0.020316
55.7142860000000000 0.28909500000000000 0.021323
55.8163270000000000 0.24254000000000000 0.019158
55.9183670000000000 0.25249700000000000 0.019285
56.0204080000000000 0.24350600000000000 0.018972
56.1224490000000000 0.24887300000000000 0.019624
56.2244900000000000 0.22608000000000000 0.018368
56.3265310000000000 0.18102900000000000 0.016204
56.4285710000000000 0.15812500000000000 0.014780
56.5306120000000000 0.13903100000000000 0.013947
56.6326530000000000 0.08760700000000000 0.010798
56.7346940000000000 0.08577200000000000 0.010917
56.8367350000000000 0.03224600000000000 0.006781
56.9387760000000000 0.01725100000000000 0.005768
57.0408160000000000 0.00323200000000000 0.003763
57.1428570000000000 0.00437800000000000 0.004003
57.2448980000000000 -0.0030390000000000 0.002784
57.3469390000000000 -0.0041860000000000 0.002641
57.4489800000000000 -0.0020170000000000 0.003016
57.5510200000000000 0.00436400000000000 0.003990
57.6530610000000000 0.00853500000000000 0.004491
57.7551020000000000 0.00123800000000000 0.003723
57.8571430000000000 0.00647000000000000 0.004256
57.9591840000000000 0.00119400000000000 0.003590
58.0612240000000000 -0.0032070000000000 0.002939
58.1632650000000000 0.00122400000000000 0.003682
58.2653060000000000 0.00443000000000000 0.004050
58.3673470000000000 -0.0021740000000000 0.003252
58.4693880000000000 -0.0065310000000000 0.002234
58.5714290000000000 -0.0042730000000000 0.002696
58.6734690000000000 0.00532000000000000 0.004050
58.7755100000000000 0.00353800000000000 0.004119
58.8775510000000000 0.00123800000000000 0.003723
58.9795920000000000 0.00529200000000000 0.004029
59.0816330000000000 0.00120400000000000 0.003621
59.1836730000000000 0.01537000000000000 0.005675
59.2857140000000000 0.02073000000000000 0.005918
59.3877550000000000 0.03750800000000000 0.007610
59.4897960000000000 0.03109800000000000 0.007115
59.5918370000000000 0.05035400000000000 0.008451
59.6938780000000000 0.04293000000000000 0.008026
59.7959180000000000 0.05743500000000000 0.008923
59.8979590000000000 0.06630800000000000 0.009478
60.0000000000000000 0.08415200000000000 0.011009
