55.0000000000000000 0.28745300000000000 0.021297
55.1020410000000000 0.27640000000000000 0.020503
55.2040820000000000 0.24309000000000000 0.018825
55.3061220000000000 0.24377800000000000 0.019344
55.4081630000000000 0.22646100000000000 0.018442
55.5102040000000000 0.21508300000000000 0.017722
55.6122450000000000 0.17595100000000000 0.015203
55.7142860000000000 0.12831400000000000 0.013181
55.8163270000000000 0.10491700000000000 0.011877
55.9183670000000000 0.07745200000000000 0.009961
56.0204080000000000 0.04961300000000000 0.008125
56.1224490000000000 0.00442100000000000 0.004041
56.2244900000000000 -0.0062540000000000 0.002138
56.3265310000000000 0.00011300000000000 0.003411
56.4285710000000000 0.00429600000000000 0.003927
56.5306120000000000 0.00011300000000000 0.003411
56.6326530000000000 0.00011100000000000 0.003340
56.7346940000000000 -0.0042770000000000 0.002699
56.8367350000000000 0.00321900000000000 0.003747
56.9387760000000000 0.00012000000000000 0.003618
57.0408160000000000 -0.0040550000000000 0.002558
57.1428570000000000 0.00331200000000000 0.003855
57.2448980000000000 0.00430900000000000 0.003940
57.3469390000000000 0.00978400000000000 0.004711
57.4489800000000000 0.03097600000000000 0.006781
57.5510200000000000 0.02456400000000000 0.006203
57.6530610000000000 0.05487000000000000 0.008607
57.7551020000000000 0.05837400000000000 0.009169
57.8571430000000000 0.07535400000000000 0.010043
57.9591840000000000 0.07033800000000000 0.009814
58.0612240000000000 0.10647500000000000 0.012255
58.1632650000000000 0.12087800000000000 0.013109
58.2653060000000000 0.12853900000000000 0.013373
58.3673470000000000 0.11599800000000000 0.013056
58.4693880000000000 0.15743800000000000 0.015166
58.5714290000000000 0.13065400000000000 0.013604
58.6734690000000000 0.12620300000000000 0.013007
58.7755100000000000 0.15166800000000000 0.015059
58.8775510000000000 0.09198300000000000 0.011430
58.9795920000000000 0.04883300000000000 0.008091
59.0816330000000000 0.04588600000000000 0.008101
59.1836730000000000 0.09043400000000000 0.011612
59.2857140000000000 0.10428000000000000 0.011992
59.3877550000000000 0.16440500000000000 0.015717
59.4897960000000000 0.16648000000000000 0.015928
59.5918370000000000 0.17704600000000000 0.016107
59.6938780000000000 0.18150500000000000 0.016591
59.7959180000000000 0.17856800000000000 0.016110
59.8979590000000000 0.17414500000000000 0.015777
60.0000000000000000 0.17840500000000000 0.016490
