55.0000000000000000 0.27477600000000000 0.020694
55.1020410000000000 0.26304800000000000 0.019871
55.2040820000000000 0.29087300000000000 0.021084
55.3061220000000000 0.28671400000000000 0.021419
55.4081630000000000 0.26276200000000000 0.020219
55.5102040000000000 0.25702900000000000 0.019774
55.6122450000000000 0.21600600000000000 0.017182
55.7142860000000000 0.24706100000000000 0.019312
55.8163270000000000 0.20125300000000000 0.017107
55.9183670000000000 0.23214300000000000 0.018305
56.0204080000000000 0.20844000000000000 0.017253
56.1224490000000000 0.26502600000000000 0.020409
56.2244900000000000 0.26109000000000000 0.020078
56.3265310000000000 0.29410200000000000 0.021803
56.4285710000000000 0.27009500000000000 0.020381
56.5306120000000000 0.25641100000000000 0.019991
56.6326530000000000 0.23413800000000000 0.018710
56.7346940000000000 0.28344300000000000 0.021489
56.8367350000000000 0.27586900000000000 0.020566
56.9387760000000000 0.29248900000000000 0.022325
57.0408160000000000 0.28118200000000000 0.020857
57.1428570000000000 0.27848000000000000 0.020963
57.2448980000000000 0.26779700000000000 0.020301
57.3469390000000000 0.26768000000000000 0.020517
57.4489800000000000 0.28108000000000000 0.021066
57.5510200000000000 0.25207700000000000 0.019661
57.6530610000000000 0.24442200000000000 0.019203
57.7551020000000000 0.27347400000000000 0.021204
57.8571430000000000 0.28836700000000000 0.021371
57.9591840000000000 0.25940300000000000 0.020167
58.0612240000000000 0.27155200000000000 0.021000
58.1632650000000000 0.26158100000000000 0.020513
58.2653060000000000 0.27315200000000000 0.020822
58.3673470000000000 0.25597000000000000 0.020573
58.4693880000000000 0.26490500000000000 0.020676
58.5714290000000000 0.25132000000000000 0.019915
58.6734690000000000 0.23666500000000000 0.018731
58.7755100000000000 0.19382800000000000 0.017336
58.8775510000000000 0.14687900000000000 0.014667
58.9795920000000000 0.08200700000000000 0.010351
59.0816330000000000 0.06877100000000000 0.009754
59.1836730000000000 0.12796600000000000 0.013917
59.2857140000000000 0.21929600000000000 0.018225
59.3877550000000000 0.23918300000000000 0.019614
59.4897960000000000 0.25252800000000000 0.020402
59.5918370000000000 0.26114400000000000 0.020355
59.6938780000000000 0.24459600000000000 0.019832
59.7959180000000000 0.26292800000000000 0.020349
59.8979590000000000 0.29372500000000000 0.021699
60.0000000000000000 0.25903200000000000 0.020626
