55.0000000000000000 0.31280700000000000 0.022489
55.1020410000000000 0.32262000000000000 0.022655
55.2040820000000000 0.31425700000000000 0.022166
55.3061220000000000 0.24592500000000000 0.019450
55.4081630000000000 0.29692800000000000 0.021850
55.5102040000000000 0.24549400000000000 0.019217
55.6122450000000000 0.21600600000000000 0.017182
55.7142860000000000 0.19767100000000000 0.016865
55.8163270000000000 0.16843500000000000 0.015412
55.9183670000000000 0.16090400000000000 0.014725
56.0204080000000000 0.14965300000000000 0.014224
56.1224490000000000 0.15841500000000000 0.015006
56.2244900000000000 0.09983500000000000 0.011586
56.3265310000000000 0.08303300000000000 0.010629
56.4285710000000000 0.05452500000000000 0.008552
56.5306120000000000 0.02272800000000000 0.006081
56.6326530000000000 0.01065200000000000 0.004744
56.7346940000000000 0.00670400000000000 0.004410
56.8367350000000000 -0.0019650000000000 0.002938
56.9387760000000000 -0.0021640000000000 0.003237
57.0408160000000000 -0.0009320000000000 0.003129
57.1428570000000000 -0.0041540000000000 0.002621
57.2448980000000000 0.00116000000000000 0.003488
57.3469390000000000 0.00118700000000000 0.003571
57.4489800000000000 -0.0062740000000000 0.002145
57.5510200000000000 0.00011200000000000 0.003368
57.6530610000000000 -0.0030490000000000 0.002793
57.7551020000000000 -0.0021230000000000 0.003175
57.8571430000000000 0.00117100000000000 0.003522
57.9591840000000000 0.00335400000000000 0.003905
58.0612240000000000 -0.0032070000000000 0.002939
58.1632650000000000 -0.0009920000000000 0.003330
58.2653060000000000 0.00550900000000000 0.004194
58.3673470000000000 0.00241500000000000 0.003983
58.4693880000000000 0.01673500000000000 0.005595
58.5714290000000000 0.01547300000000000 0.005424
58.6734690000000000 0.01782500000000000 0.005475
58.7755100000000000 0.01835100000000000 0.005873
58.8775510000000000 0.02252400000000000 0.006221
58.9795920000000000 0.01773300000000000 0.005447
59.0816330000000000 0.01755100000000000 0.005616
59.1836730000000000 0.02358100000000000 0.006515
59.2857140000000000 0.05328200000000000 0.008637
59.3877550000000000 0.03410900000000000 0.007322
59.4897960000000000 0.07354800000000000 0.010362
59.5918370000000000 0.07984300000000000 0.010503
59.6938780000000000 0.09926100000000000 0.011920
59.7959180000000000 0.12449100000000000 0.013156
59.8979590000000000 0.09620400000000000 0.011403
60.0000000000000000 0.09323700000000000 0.011592
