55.0000000000000000 0.27688900000000000 0.020795
55.1020410000000000 0.25996600000000000 0.019724
55.2040820000000000 0.28579000000000000 0.020847
55.3061220000000000 0.26954000000000000 0.020596
55.4081630000000000 0.27984500000000000 0.021039
55.5102040000000000 0.24968900000000000 0.019420
55.6122450000000000 0.25215200000000000 0.018906
55.7142860000000000 0.21238300000000000 0.017605
55.8163270000000000 0.22136700000000000 0.018116
55.9183670000000000 0.22501900000000000 0.017959
56.0204080000000000 0.26516400000000000 0.020010
56.1224490000000000 0.26610300000000000 0.020461
56.2244900000000000 0.28867300000000000 0.021396
56.3265310000000000 0.28225600000000000 0.021238
56.4285710000000000 0.28893200000000000 0.021274
56.5306120000000000 0.26610300000000000 0.020461
56.6326530000000000 0.25733000000000000 0.019837
56.7346940000000000 0.28563900000000000 0.021594
56.8367350000000000 0.28416200000000000 0.020958
56.9387760000000000 0.26964700000000000 0.021207
57.0408160000000000 0.25307400000000000 0.019517
57.1428570000000000 0.24435100000000000 0.019314
57.2448980000000000 0.28984100000000000 0.021347
57.3469390000000000 0.27305300000000000 0.020776
57.4489800000000000 0.24489500000000000 0.019321
57.5510200000000000 0.25207700000000000 0.019661
57.6530610000000000 0.25600600000000000 0.019764
57.7551020000000000 0.26339100000000000 0.020710
57.8571430000000000 0.28624700000000000 0.021271
57.9591840000000000 0.29937700000000000 0.022086
58.0612240000000000 0.26490500000000000 0.020676
58.1632650000000000 0.27044400000000000 0.020946
58.2653060000000000 0.25480600000000000 0.019933
58.3673470000000000 0.29956700000000000 0.022717
58.4693880000000000 0.26601300000000000 0.020730
58.5714290000000000 0.23925300000000000 0.019319
58.6734690000000000 0.24083300000000000 0.018934
58.7755100000000000 0.24738300000000000 0.020078
58.8775510000000000 0.12111100000000000 0.013197
58.9795920000000000 0.07682400000000000 0.010020
59.0816330000000000 0.06659200000000000 0.009605
59.1836730000000000 0.09512600000000000 0.011913
59.2857140000000000 0.18891500000000000 0.016675
59.3877550000000000 0.23805000000000000 0.019557
59.4897960000000000 0.23531800000000000 0.019536
59.5918370000000000 0.22947100000000000 0.018793
59.6938780000000000 0.28740800000000000 0.021938
59.7959180000000000 0.27266200000000000 0.020819
59.8979590000000000 0.24461200000000000 0.019337
60.0000000000000000 0.26925200000000000 0.021131
