55.0000000000000000 0.26526800000000000 0.020239
55.1020410000000000 0.23634300000000000 0.018589
55.2040820000000000 0.28070700000000000 0.020609
55.3061220000000000 0.25987900000000000 0.020129
55.4081630000000000 0.25742400000000000 0.019960
55.5102040000000000 0.24130000000000000 0.019013
55.6122450000000000 0.25410600000000000 0.018998
55.7142860000000000 0.19346700000000000 0.016651
55.8163270000000000 0.19490100000000000 0.016784
55.9183670000000000 0.23417800000000000 0.018404
56.0204080000000000 0.22803600000000000 0.018220
56.1224490000000000 0.25856500000000000 0.020096
56.2244900000000000 0.26639400000000000 0.020333
56.3265310000000000 0.27256400000000000 0.020773
56.4285710000000000 0.27742100000000000 0.020729
56.5306120000000000 0.28010200000000000 0.021135
56.6326530000000000 0.25522200000000000 0.019736
56.7346940000000000 0.29003200000000000 0.021805
56.8367350000000000 0.26342900000000000 0.019975
56.9387760000000000 0.27078900000000000 0.021263
57.0408160000000000 0.27285400000000000 0.020463
57.1428570000000000 0.27741400000000000 0.020912
57.2448980000000000 0.29928900000000000 0.021792
57.3469390000000000 0.26553100000000000 0.020413
57.4489800000000000 0.27788700000000000 0.020914
57.5510200000000000 0.26802400000000000 0.020432
57.6530610000000000 0.27180200000000000 0.020522
57.7551020000000000 0.24210500000000000 0.019655
57.8571430000000000 0.27776900000000000 0.020867
57.9591840000000000 0.24319700000000000 0.019375
58.0612240000000000 0.27155200000000000 0.021000
58.1632650000000000 0.24274700000000000 0.019584
58.2653060000000000 0.26020200000000000 0.020196
58.3673470000000000 0.25941200000000000 0.020745
58.4693880000000000 0.26490500000000000 0.020676
58.5714290000000000 0.25022300000000000 0.019861
58.6734690000000000 0.24291700000000000 0.019036
58.7755100000000000 0.21319900000000000 0.018344
58.8775510000000000 0.14351800000000000 0.014479
58.9795920000000000 0.08408100000000000 0.010482
59.0816330000000000 0.07095100000000000 0.009902
59.1836730000000000 0.09981700000000000 0.012210
59.2857140000000000 0.19651000000000000 0.017067
59.3877550000000000 0.24144900000000000 0.019728
59.4897960000000000 0.27432700000000000 0.021483
59.5918370000000000 0.26332800000000000 0.020461
59.6938780000000000 0.27276100000000000 0.021224
59.7959180000000000 0.26833600000000000 0.020610
59.8979590000000000 0.25101800000000000 0.019649
60.0000000000000000 0.31921700000000000 0.023554
