55.0000000000000000 0.31069400000000000 0.022390
55.1020410000000000 0.31337600000000000 0.022229
55.2040820000000000 0.31527300000000000 0.022213
55.3061220000000000 0.30818300000000000 0.022436
55.4081630000000000 0.33536500000000000 0.023650
55.5102040000000000 0.30421900000000000 0.022012
55.6122450000000000 0.27462200000000000 0.019955
55.7142860000000000 0.25651900000000000 0.019769
55.8163270000000000 0.22030900000000000 0.018063
55.9183670000000000 0.22807200000000000 0.018108
56.0204080000000000 0.25897600000000000 0.019715
56.1224490000000000 0.26502600000000000 0.020409
56.2244900000000000 0.23987200000000000 0.019047
56.3265310000000000 0.21441300000000000 0.017914
56.4285710000000000 0.20626200000000000 0.017264
56.5306120000000000 0.17672200000000000 0.015979
56.6326530000000000 0.16245400000000000 0.015064
56.7346940000000000 0.13079700000000000 0.013620
56.8367350000000000 0.08408100000000000 0.010482
56.9387760000000000 0.04694400000000000 0.008408
57.0408160000000000 0.00843700000000000 0.004439
57.1428570000000000 0.00011200000000000 0.003379
57.2448980000000000 -0.0030390000000000 0.002784
57.3469390000000000 0.00870900000000000 0.004583
57.4489800000000000 -0.0009530000000000 0.003198
57.5510200000000000 -0.0020150000000000 0.003013
57.6530610000000000 0.00853500000000000 0.004491
57.7551020000000000 -0.0010030000000000 0.003367
57.8571430000000000 0.00329000000000000 0.003831
57.9591840000000000 -0.0020470000000000 0.003062
58.0612240000000000 -0.0009920000000000 0.003330
58.1632650000000000 -0.0032070000000000 0.002939
58.2653060000000000 0.00443000000000000 0.004050
58.3673470000000000 0.01159300000000000 0.005165
58.4693880000000000 0.00787200000000000 0.004589
58.5714290000000000 0.01657000000000000 0.005539
58.6734690000000000 0.03241400000000000 0.006816
58.7755100000000000 0.04000100000000000 0.007842
58.8775510000000000 0.02700500000000000 0.006643
58.9795920000000000 0.02291600000000000 0.005951
59.0816330000000000 0.02844900000000000 0.006658
59.1836730000000000 0.04234700000000000 0.008172
59.2857140000000000 0.05436700000000000 0.008717
59.3877550000000000 0.08962600000000000 0.011349
59.4897960000000000 0.12517700000000000 0.013599
59.5918370000000000 0.11588500000000000 0.012722
59.6938780000000000 0.11052700000000000 0.012607
59.7959180000000000 0.11151200000000000 0.012402
59.8979590000000000 0.13570800000000000 0.013702
60.0000000000000000 0.13525300000000000 0.014109
