55.0000000000000000 0.28745300000000000 0.021297
55.1020410000000000 0.27640000000000000 0.020503
55.2040820000000000 0.31019000000000000 0.021979
55.3061220000000000 0.28027400000000000 0.021111
55.4081630000000000 0.26916800000000000 0.020527
55.5102040000000000 0.27066200000000000 0.020428
55.6122450000000000 0.28146100000000000 0.020271
55.7142860000000000 0.24075600000000000 0.019005
55.8163270000000000 0.25842000000000000 0.019929
55.9183670000000000 0.23621300000000000 0.018503
56.0204080000000000 0.24350600000000000 0.018972
56.1224490000000000 0.27687200000000000 0.020980
56.2244900000000000 0.26957700000000000 0.020486
56.3265310000000000 0.28010200000000000 0.021135
56.4285710000000000 0.26695600000000000 0.020231
56.5306120000000000 0.25748800000000000 0.020044
56.6326530000000000 0.21727100000000000 0.017876
56.7346940000000000 0.22524000000000000 0.018629
56.8367350000000000 0.19293300000000000 0.016516
56.9387760000000000 0.18170800000000000 0.016713
57.0408160000000000 0.16250700000000000 0.014974
57.1428570000000000 0.10250000000000000 0.011779
57.2448980000000000 0.04315000000000000 0.007717
57.3469390000000000 0.01300800000000000 0.005079
57.4489800000000000 0.00117600000000000 0.003537
57.5510200000000000 -0.0009520000000000 0.003195
57.6530610000000000 -0.0019960000000000 0.002984
57.7551020000000000 -0.0021230000000000 0.003175
57.8571430000000000 0.00435000000000000 0.003977
57.9591840000000000 -0.0009670000000000 0.003247
58.0612240000000000 -0.0043150000000000 0.002723
58.1632650000000000 0.00787200000000000 0.004589
58.2653060000000000 0.00335100000000000 0.003901
58.3673470000000000 0.00241500000000000 0.003983
58.4693880000000000 -0.0032070000000000 0.002939
58.5714290000000000 0.00560000000000000 0.004263
58.6734690000000000 0.01678300000000000 0.005369
58.7755100000000000 0.01607200000000000 0.005635
58.8775510000000000 0.03148600000000000 0.007045
58.9795920000000000 0.01669600000000000 0.005341
59.0816330000000000 0.01973100000000000 0.005837
59.1836730000000000 0.04234700000000000 0.008172
59.2857140000000000 0.07064300000000000 0.009857
59.3877550000000000 0.08509400000000000 0.011057
59.4897960000000000 0.09420000000000000 0.011716
59.5918370000000000 0.09513400000000000 0.011474
59.6938780000000000 0.14545300000000000 0.014628
59.7959180000000000 0.14287700000000000 0.014190
59.8979590000000000 0.15065500000000000 0.014524
60.0000000000000000 0.14320200000000000 0.014560
