55.0000000000000000 0.33393500000000000 0.023471
55.1020410000000000 0.29591500000000000 0.021418
55.2040820000000000 0.25935700000000000 0.019602
55.3061220000000000 0.26309900000000000 0.020285
55.4081630000000000 0.25208500000000000 0.019701
55.5102040000000000 0.23710500000000000 0.018808
55.6122450000000000 0.21209800000000000 0.016993
55.7142860000000000 0.17350100000000000 0.015622
55.8163270000000000 0.16102500000000000 0.015020
55.9183670000000000 0.15581500000000000 0.014457
56.0204080000000000 0.15790400000000000 0.014663
56.1224490000000000 0.14333800000000000 0.014185
56.2244900000000000 0.09983500000000000 0.011586
56.3265310000000000 0.05611100000000000 0.008806
56.4285710000000000 0.01685300000000000 0.005392
56.5306120000000000 0.01088200000000000 0.004847
56.6326530000000000 0.00116500000000000 0.003503
56.7346940000000000 0.00670400000000000 0.004410
56.8367350000000000 0.00114500000000000 0.003445
56.9387760000000000 -0.0067330000000000 0.002303
57.0408160000000000 -0.0009320000000000 0.003129
57.1428570000000000 -0.0020210000000000 0.003023
57.2448980000000000 0.00116000000000000 0.003488
57.3469390000000000 -0.0031110000000000 0.002850
57.4489800000000000 0.00436900000000000 0.003994
57.5510200000000000 -0.0041410000000000 0.002613
57.6530610000000000 0.00432300000000000 0.003952
57.7551020000000000 0.00347800000000000 0.004050
57.8571430000000000 -0.0009490000000000 0.003185
57.9591840000000000 0.00011300000000000 0.003423
58.0612240000000000 -0.0032070000000000 0.002939
58.1632650000000000 0.00676400000000000 0.004450
58.2653060000000000 -0.0009660000000000 0.003243
58.3673470000000000 0.01274100000000000 0.005296
58.4693880000000000 0.03556900000000000 0.007346
58.5714290000000000 0.01986000000000000 0.005875
58.6734690000000000 0.04491900000000000 0.007820
58.7755100000000000 0.04455900000000000 0.008209
58.8775510000000000 0.02588500000000000 0.006540
58.9795920000000000 0.02187900000000000 0.005853
59.0816330000000000 0.03280800000000000 0.007039
59.1836730000000000 0.03882800000000000 0.007882
59.2857140000000000 0.05111200000000000 0.008476
59.3877550000000000 0.06356700000000000 0.009600
59.4897960000000000 0.08846300000000000 0.011350
59.5918370000000000 0.11588500000000000 0.012722
59.6938780000000000 0.12066700000000000 0.013209
59.7959180000000000 0.10069700000000000 0.011755
59.8979590000000000 0.10581300000000000 0.011983
60.0000000000000000 0.12503300000000000 0.013519
