55.0000000000000000 0.23146400000000000 0.018597
55.1020410000000000 0.27537300000000000 0.020455
55.2040820000000000 0.25224000000000000 0.019263
55.3061220000000000 0.24270400000000000 0.019292
55.4081630000000000 0.26703300000000000 0.020424
55.5102040000000000 0.24654300000000000 0.019268
55.6122450000000000 0.24433700000000000 0.018538
55.7142860000000000 0.21553500000000000 0.017763
55.8163270000000000 0.22560200000000000 0.018326
55.9183670000000000 0.19347000000000000 0.016397
56.0204080000000000 0.25588200000000000 0.019567
56.1224490000000000 0.25533400000000000 0.019939
56.2244900000000000 0.29503800000000000 0.021697
56.3265310000000000 0.23702700000000000 0.019042
56.4285710000000000 0.28997800000000000 0.021323
56.5306120000000000 0.25533400000000000 0.019939
56.6326530000000000 0.27419700000000000 0.020646
56.7346940000000000 0.21865100000000000 0.018297
56.8367350000000000 0.25513500000000000 0.019578
56.9387760000000000 0.26507900000000000 0.020981
57.0408160000000000 0.25099200000000000 0.019417
57.1428570000000000 0.25395000000000000 0.019782
57.2448980000000000 0.28249300000000000 0.021000
57.3469390000000000 0.23651800000000000 0.018997
57.4489800000000000 0.26618000000000000 0.020353
57.5510200000000000 0.23825600000000000 0.018987
57.6530610000000000 0.26337700000000000 0.020119
57.7551020000000000 0.29476000000000000 0.022236
57.8571430000000000 0.24915600000000000 0.019490
57.9591840000000000 0.28857300000000000 0.021572
58.0612240000000000 0.26379700000000000 0.020622
58.1632650000000000 0.26490500000000000 0.020676
58.2653060000000000 0.28718200000000000 0.021495
58.3673470000000000 0.24449700000000000 0.019999
58.4693880000000000 0.26379700000000000 0.020622
58.5714290000000000 0.28861700000000000 0.021726
58.6734690000000000 0.27522200000000000 0.020585
58.7755100000000000 0.21206000000000000 0.018285
58.8775510000000000 0.14351800000000000 0.014479
58.9795920000000000 0.07267700000000000 0.009750
59.0816330000000000 0.09274700000000000 0.011312
59.1836730000000000 0.11506500000000000 0.013149
59.2857140000000000 0.16721300000000000 0.015535
59.3877550000000000 0.21425700000000000 0.018348
59.4897960000000000 0.24679100000000000 0.020114
59.5918370000000000 0.27206500000000000 0.020885
59.6938780000000000 0.28740800000000000 0.021938
59.7959180000000000 0.27266200000000000 0.020819
59.8979590000000000 0.26169500000000000 0.020167
60.0000000000000000 0.29537000000000000 0.022406
