55.0000000000000000 0.34872400000000000 0.024153
55.1020410000000000 0.31440300000000000 0.022276
55.2040820000000000 0.28884000000000000 0.020989
55.3061220000000000 0.32643100000000000 0.023292
55.4081630000000000 0.30226700000000000 0.022102
55.5102040000000000 0.30212100000000000 0.021914
55.6122450000000000 0.25703700000000000 0.019135
55.7142860000000000 0.25967100000000000 0.019921
55.8163270000000000 0.24254000000000000 0.019158
55.9183670000000000 0.20873600000000000 0.017159
56.0204080000000000 0.20844000000000000 0.017253
56.1224490000000000 0.20687400000000000 0.017534
56.2244900000000000 0.23668900000000000 0.018891
56.3265310000000000 0.18426000000000000 0.016373
56.4285710000000000 0.13405600000000000 0.013474
56.5306120000000000 0.12826200000000000 0.013342
56.6326530000000000 0.09814900000000000 0.011446
56.7346940000000000 0.07698700000000000 0.010347
56.8367350000000000 0.02395300000000000 0.006047
56.9387760000000000 0.01154000000000000 0.005141
57.0408160000000000 0.00427300000000000 0.003907
57.1428570000000000 0.00224500000000000 0.003703
57.2448980000000000 0.00325900000000000 0.003795
57.3469390000000000 -0.0052600000000000 0.002415
57.4489800000000000 0.00224000000000000 0.003695
57.5510200000000000 0.00542700000000000 0.004132
57.6530610000000000 0.00642900000000000 0.004229
57.7551020000000000 -0.0021230000000000 0.003175
57.8571430000000000 0.00223100000000000 0.003679
57.9591840000000000 0.00443500000000000 0.004055
58.0612240000000000 -0.0054230000000000 0.002490
58.1632650000000000 0.00011600000000000 0.003510
58.2653060000000000 0.00119200000000000 0.003586
58.3673470000000000 0.00929900000000000 0.004893
58.4693880000000000 -0.0009920000000000 0.003330
58.5714290000000000 -0.0009820000000000 0.003297
58.6734690000000000 -0.0019750000000000 0.002953
58.7755100000000000 0.01151400000000000 0.005129
58.8775510000000000 0.00235800000000000 0.003890
58.9795920000000000 0.00736600000000000 0.004294
59.0816330000000000 0.00229400000000000 0.003784
59.1836730000000000 0.02240800000000000 0.006401
59.2857140000000000 0.01856000000000000 0.005702
59.3877550000000000 0.03637500000000000 0.007515
59.4897960000000000 0.05060200000000000 0.008713
59.5918370000000000 0.07329000000000000 0.010071
59.6938780000000000 0.07672900000000000 0.010474
59.7959180000000000 0.07365800000000000 0.010042
59.8979590000000000 0.06524100000000000 0.009405
60.0000000000000000 0.08869400000000000 0.011303
