55.0000000000000000 0.26104300000000000 0.020036
55.1020410000000000 0.25072200000000000 0.019282
55.2040820000000000 0.26342300000000000 0.019795
55.3061220000000000 0.21586900000000000 0.017960
55.4081630000000000 0.19122700000000000 0.016664
55.5102040000000000 0.15531000000000000 0.014645
55.6122450000000000 0.11635800000000000 0.012046
55.7142860000000000 0.06841600000000000 0.009538
55.8163270000000000 0.04669100000000000 0.008027
55.9183670000000000 0.02351400000000000 0.005936
56.0204080000000000 0.00526500000000000 0.004008
56.1224490000000000 0.00226700000000000 0.003739
56.2244900000000000 0.00435500000000000 0.003981
56.3265310000000000 0.00119000000000000 0.003579
56.4285710000000000 0.00011000000000000 0.003315
56.5306120000000000 0.00119000000000000 0.003579
56.6326530000000000 -0.0019980000000000 0.002988
56.7346940000000000 -0.0031790000000000 0.002913
56.8367350000000000 0.00114500000000000 0.003445
56.9387760000000000 0.00126200000000000 0.003795
57.0408160000000000 0.00323200000000000 0.003763
57.1428570000000000 -0.0020210000000000 0.003023
57.2448980000000000 0.00850800000000000 0.004477
57.3469390000000000 0.00333600000000000 0.003884
57.4489800000000000 0.00436900000000000 0.003994
57.5510200000000000 0.02031100000000000 0.005798
57.6530610000000000 0.02959600000000000 0.006617
57.7551020000000000 0.02588500000000000 0.006540
57.8571430000000000 0.03296400000000000 0.006933
57.9591840000000000 0.06277500000000000 0.009295
58.0612240000000000 0.06880600000000000 0.009845
58.1632650000000000 0.08320900000000000 0.010803
58.2653060000000000 0.09616300000000000 0.011465
58.3673470000000000 0.07240100000000000 0.010284
58.4693880000000000 0.11201400000000000 0.012587
58.5714290000000000 0.11749000000000000 0.012845
58.6734690000000000 0.12724500000000000 0.013066
58.7755100000000000 0.09013700000000000 0.011416
58.8775510000000000 0.07966000000000000 0.010636
58.9795920000000000 0.05090700000000000 0.008244
59.0816330000000000 0.05133500000000000 0.008514
59.1836730000000000 0.05524800000000000 0.009178
59.2857140000000000 0.09776900000000000 0.011596
59.3877550000000000 0.14401100000000000 0.014589
59.4897960000000000 0.17451100000000000 0.016364
59.5918370000000000 0.15957200000000000 0.015174
59.6938780000000000 0.16009900000000000 0.015438
59.7959180000000000 0.14720300000000000 0.014429
59.8979590000000000 0.17628000000000000 0.015889
60.0000000000000000 0.17272700000000000 0.016185
