55.0000000000000000 0.30013000000000000 0.021895
55.1020410000000000 0.29488800000000000 0.021371
55.2040820000000000 0.30714000000000000 0.021838
55.3061220000000000 0.30066900000000000 0.022081
55.4081630000000000 0.33002600000000000 0.023402
55.5102040000000000 0.33777500000000000 0.023570
55.6122450000000000 0.26876000000000000 0.019683
55.7142860000000000 0.26177300000000000 0.020022
55.8163270000000000 0.23936400000000000 0.019003
55.9183670000000000 0.24333700000000000 0.018846
56.0204080000000000 0.28579100000000000 0.020985
56.1224490000000000 0.25964200000000000 0.020148
56.2244900000000000 0.29397700000000000 0.021647
56.3265310000000000 0.28225600000000000 0.021238
56.4285710000000000 0.24602700000000000 0.019224
56.5306120000000000 0.25748800000000000 0.020044
56.6326530000000000 0.22465000000000000 0.018242
56.7346940000000000 0.20657100000000000 0.017684
56.8367350000000000 0.19189700000000000 0.016463
56.9387760000000000 0.17143000000000000 0.016160
57.0408160000000000 0.11149700000000000 0.012160
57.1428570000000000 0.10143400000000000 0.011714
57.2448980000000000 0.06309500000000000 0.009171
57.3469390000000000 0.04846800000000000 0.008232
57.4489800000000000 0.02352600000000000 0.006110
57.5510200000000000 0.00330100000000000 0.003843
57.6530610000000000 -0.0030490000000000 0.002793
57.7551020000000000 0.00571900000000000 0.004354
57.8571430000000000 0.00753000000000000 0.004389
57.9591840000000000 -0.0031280000000000 0.002865
58.0612240000000000 -0.0009920000000000 0.003330
58.1632650000000000 0.00233200000000000 0.003846
58.2653060000000000 0.00119200000000000 0.003586
58.3673470000000000 0.00126800000000000 0.003813
58.4693880000000000 -0.0032070000000000 0.002939
58.5714290000000000 0.00011500000000000 0.003475
58.6734690000000000 -0.0019750000000000 0.002953
58.7755100000000000 0.00012000000000000 0.003610
58.8775510000000000 0.00011800000000000 0.003549
58.9795920000000000 -0.0040380000000000 0.002548
59.0816330000000000 0.00774300000000000 0.004514
59.1836730000000000 0.00012300000000000 0.003716
59.2857140000000000 0.01639000000000000 0.005479
59.3877550000000000 0.02504500000000000 0.006508
59.4897960000000000 0.02191900000000000 0.006260
59.5918370000000000 0.03943300000000000 0.007601
59.6938780000000000 0.03617000000000000 0.007472
59.7959180000000000 0.04770100000000000 0.008204
59.8979590000000000 0.05776700000000000 0.008882
60.0000000000000000 0.08415200000000000 0.011009
