55.0000000000000000 0.28639700000000000 0.021247
55.1020410000000000 0.32775500000000000 0.022891
55.2040820000000000 0.31527300000000000 0.022213
55.3061220000000000 0.29744800000000000 0.021929
55.4081630000000000 0.29692800000000000 0.021850
55.5102040000000000 0.31260800000000000 0.022404
55.6122450000000000 0.24140600000000000 0.018399
55.7142860000000000 0.20923000000000000 0.017448
55.8163270000000000 0.18643200000000000 0.016350
55.9183670000000000 0.19652300000000000 0.016550
56.0204080000000000 0.16615500000000000 0.015098
56.1224490000000000 0.21656600000000000 0.018023
56.2244900000000000 0.17091400000000000 0.015559
56.3265310000000000 0.13041600000000000 0.013464
56.4285710000000000 0.09115100000000000 0.010975
56.5306120000000000 0.08841700000000000 0.010971
56.6326530000000000 0.03806100000000000 0.007332
56.7346940000000000 0.02976600000000000 0.006807
56.8367350000000000 0.00736600000000000 0.004294
56.9387760000000000 -0.0021640000000000 0.003237
57.0408160000000000 0.00219100000000000 0.003614
57.1428570000000000 -0.0030880000000000 0.002829
57.2448980000000000 -0.0040890000000000 0.002580
57.3469390000000000 0.00333600000000000 0.003884
57.4489800000000000 0.00011200000000000 0.003372
57.5510200000000000 -0.0020150000000000 0.003013
57.6530610000000000 -0.0009430000000000 0.003165
57.7551020000000000 -0.0032430000000000 0.002971
57.8571430000000000 0.00329000000000000 0.003831
57.9591840000000000 -0.0009670000000000 0.003247
58.0612240000000000 0.00565600000000000 0.004306
58.1632650000000000 -0.0076390000000000 0.001945
58.2653060000000000 0.00119200000000000 0.003586
58.3673470000000000 -0.0067630000000000 0.002314
58.4693880000000000 0.00565600000000000 0.004306
58.5714290000000000 0.00560000000000000 0.004263
58.6734690000000000 0.00115100000000000 0.003463
58.7755100000000000 0.00012000000000000 0.003610
58.8775510000000000 0.00796000000000000 0.004641
58.9795920000000000 0.00529200000000000 0.004029
59.0816330000000000 -0.0031550000000000 0.002890
59.1836730000000000 0.00598700000000000 0.004559
59.2857140000000000 0.01747500000000000 0.005592
59.3877550000000000 0.02277900000000000 0.006292
59.4897960000000000 0.04486500000000000 0.008267
59.5918370000000000 0.04707800000000000 0.008203
59.6938780000000000 0.06771600000000000 0.009861
59.7959180000000000 0.04553800000000000 0.008038
59.8979590000000000 0.07591800000000000 0.010121
60.0000000000000000 0.06144100000000000 0.009461
