55.0000000000000000 0.26843800000000000 0.020391
55.1020410000000000 0.26202100000000000 0.019822
55.2040820000000000 0.24817300000000000 0.019069
55.3061220000000000 0.22338300000000000 0.018336
55.4081630000000000 0.22005500000000000 0.018124
55.5102040000000000 0.20774300000000000 0.017356
55.6122450000000000 0.16129700000000000 0.014454
55.7142860000000000 0.12095800000000000 0.012765
55.8163270000000000 0.12185500000000000 0.012864
55.9183670000000000 0.07134600000000000 0.009566
56.0204080000000000 0.06302000000000000 0.009076
56.1224490000000000 0.03457300000000000 0.007138
56.2244900000000000 0.01072000000000000 0.004775
56.3265310000000000 -0.0020410000000000 0.003052
56.4285710000000000 -0.0040760000000000 0.002572
56.5306120000000000 -0.0009640000000000 0.003236
56.6326530000000000 -0.0041060000000000 0.002591
56.7346940000000000 -0.0020810000000000 0.003112
56.8367350000000000 -0.0009280000000000 0.003116
56.9387760000000000 -0.0044480000000000 0.002807
57.0408160000000000 0.00427300000000000 0.003907
57.1428570000000000 -0.0020210000000000 0.003023
57.2448980000000000 0.00221000000000000 0.003644
57.3469390000000000 0.00656000000000000 0.004316
57.4489800000000000 0.00436900000000000 0.003994
57.5510200000000000 0.00117500000000000 0.003533
57.6530610000000000 0.00327000000000000 0.003807
57.7551020000000000 -0.0010030000000000 0.003367
57.8571430000000000 0.00753000000000000 0.004389
57.9591840000000000 0.00335400000000000 0.003905
58.0612240000000000 0.02338200000000000 0.006258
58.1632650000000000 0.02781400000000000 0.006670
58.2653060000000000 0.03141000000000000 0.006877
58.3673470000000000 0.02995000000000000 0.007013
58.4693880000000000 0.06215900000000000 0.009382
58.5714290000000000 0.04289700000000000 0.007898
58.6734690000000000 0.06471900000000000 0.009245
58.7755100000000000 0.06506900000000000 0.009737
58.8775510000000000 0.05165200000000000 0.008674
58.9795920000000000 0.04157600000000000 0.007538
59.0816330000000000 0.02518000000000000 0.006360
59.1836730000000000 0.03765500000000000 0.007783
59.2857140000000000 0.06630300000000000 0.009562
59.3877550000000000 0.11795200000000000 0.013088
59.4897960000000000 0.13894400000000000 0.014394
59.5918370000000000 0.12899100000000000 0.013479
59.6938780000000000 0.13306000000000000 0.013927
59.7959180000000000 0.16126300000000000 0.015192
59.8979590000000000 0.15919700000000000 0.014985
60.0000000000000000 0.14093100000000000 0.014432
