55.0000000000000000 0.32231400000000000 0.022932
55.1020410000000000 0.28050800000000000 0.020697
55.2040820000000000 0.27765700000000000 0.020466
55.3061220000000000 0.25880500000000000 0.020077
55.4081630000000000 0.21792000000000000 0.018017
55.5102040000000000 0.19515900000000000 0.016720
55.6122450000000000 0.18669800000000000 0.015742
55.7142860000000000 0.14828100000000000 0.014282
55.8163270000000000 0.13032400000000000 0.013343
55.9183670000000000 0.11103600000000000 0.011993
56.0204080000000000 0.11149400000000000 0.012102
56.1224490000000000 0.06364900000000000 0.009339
56.2244900000000000 0.03936400000000000 0.007465
56.3265310000000000 0.01949700000000000 0.005767
56.4285710000000000 0.00848100000000000 0.004462
56.5306120000000000 -0.0020410000000000 0.003052
56.6326530000000000 0.00011100000000000 0.003340
56.7346940000000000 -0.0009830000000000 0.003300
56.8367350000000000 0.00010900000000000 0.003284
56.9387760000000000 -0.0033060000000000 0.003029
57.0408160000000000 0.00010900000000000 0.003298
57.1428570000000000 0.00224500000000000 0.003703
57.2448980000000000 -0.0019890000000000 0.002975
57.3469390000000000 -0.0009620000000000 0.003229
57.4489800000000000 0.00117600000000000 0.003537
57.5510200000000000 -0.0020150000000000 0.003013
57.6530610000000000 0.00537600000000000 0.004093
57.7551020000000000 0.00571900000000000 0.004354
57.8571430000000000 -0.0009490000000000 0.003185
57.9591840000000000 -0.0052890000000000 0.002428
58.0612240000000000 0.00122400000000000 0.003682
58.1632650000000000 0.00565600000000000 0.004306
58.2653060000000000 0.00011300000000000 0.003419
58.3673470000000000 0.00815200000000000 0.004753
58.4693880000000000 0.02116600000000000 0.006044
58.5714290000000000 0.02534500000000000 0.006402
58.6734690000000000 0.03866700000000000 0.007331
58.7755100000000000 0.04455900000000000 0.008209
58.8775510000000000 0.02252400000000000 0.006221
58.9795920000000000 0.01462200000000000 0.005124
59.0816330000000000 0.00665300000000000 0.004377
59.1836730000000000 0.04117400000000000 0.008076
59.2857140000000000 0.05653700000000000 0.008874
59.3877550000000000 0.07149800000000000 0.010152
59.4897960000000000 0.07469500000000000 0.010440
59.5918370000000000 0.09294900000000000 0.011338
59.6938780000000000 0.08799500000000000 0.011210
59.7959180000000000 0.09420800000000000 0.011358
59.8979590000000000 0.12609900000000000 0.013162
60.0000000000000000 0.13638900000000000 0.014174
