55.0000000000000000 0.27583300000000000 0.020744
55.1020410000000000 0.27640000000000000 0.020503
55.2040820000000000 0.28172300000000000 0.020657
55.3061220000000000 0.29208100000000000 0.021674
55.4081630000000000 0.27664200000000000 0.020886
55.5102040000000000 0.26541900000000000 0.020177
55.6122450000000000 0.25508300000000000 0.019044
55.7142860000000000 0.21028100000000000 0.017500
55.8163270000000000 0.22983600000000000 0.018535
55.9183670000000000 0.20670000000000000 0.017058
56.0204080000000000 0.24763100000000000 0.019171
56.1224490000000000 0.24887300000000000 0.019624
56.2244900000000000 0.30883000000000000 0.022346
56.3265310000000000 0.24887300000000000 0.019624
56.4285710000000000 0.25753800000000000 0.019780
56.5306120000000000 0.27471800000000000 0.020876
56.6326530000000000 0.24678800000000000 0.019327
56.7346940000000000 0.28563900000000000 0.021594
56.8367350000000000 0.25409800000000000 0.019528
56.9387760000000000 0.28106800000000000 0.021768
57.0408160000000000 0.28534600000000000 0.021054
57.1428570000000000 0.27208100000000000 0.020657
57.2448980000000000 0.28879200000000000 0.021298
57.3469390000000000 0.26875500000000000 0.020569
57.4489800000000000 0.29385200000000000 0.021673
57.5510200000000000 0.25845500000000000 0.019970
57.6530610000000000 0.27496100000000000 0.020673
57.7551020000000000 0.26451200000000000 0.020765
57.8571430000000000 0.25445400000000000 0.019747
57.9591840000000000 0.27344800000000000 0.020847
58.0612240000000000 0.31143700000000000 0.022919
58.1632650000000000 0.27820000000000000 0.021323
58.2653060000000000 0.25264800000000000 0.019828
58.3673470000000000 0.28235800000000000 0.021878
58.4693880000000000 0.26379700000000000 0.020622
58.5714290000000000 0.27874400000000000 0.021251
58.6734690000000000 0.24187500000000000 0.018985
58.7755100000000000 0.21661700000000000 0.018519
58.8775510000000000 0.17152600000000000 0.016013
58.9795920000000000 0.09237400000000000 0.010996
59.0816330000000000 0.06005300000000000 0.009148
59.1836730000000000 0.12210200000000000 0.013571
59.2857140000000000 0.18457400000000000 0.016449
59.3877550000000000 0.25617900000000000 0.020462
59.4897960000000000 0.26973700000000000 0.021257
59.5918370000000000 0.26442000000000000 0.020514
59.6938780000000000 0.21417700000000000 0.018294
59.7959180000000000 0.26076500000000000 0.020244
59.8979590000000000 0.27664200000000000 0.020886
60.0000000000000000 0.25903200000000000 0.020626
