55.0000000000000000 0.28745300000000000 0.021297
55.1020410000000000 0.27742700000000000 0.020552
55.2040820000000000 0.28375700000000000 0.020752
55.3061220000000000 0.24163100000000000 0.019239
55.4081630000000000 0.24888200000000000 0.019545
55.5102040000000000 0.29373200000000000 0.021520
55.6122450000000000 0.25312900000000000 0.018952
55.7142860000000000 0.24811200000000000 0.019363
55.8163270000000000 0.19490100000000000 0.016784
55.9183670000000000 0.22705400000000000 0.018058
56.0204080000000000 0.22700400000000000 0.018169
56.1224490000000000 0.24671900000000000 0.019518
56.2244900000000000 0.27700300000000000 0.020841
56.3265310000000000 0.24779600000000000 0.019571
56.4285710000000000 0.29311700000000000 0.021471
56.5306120000000000 0.22841200000000000 0.018615
56.6326530000000000 0.28684700000000000 0.021247
56.7346940000000000 0.28124600000000000 0.021383
56.8367350000000000 0.25824500000000000 0.019727
56.9387760000000000 0.26507900000000000 0.020981
57.0408160000000000 0.27910000000000000 0.020759
57.1428570000000000 0.27634700000000000 0.020861
57.2448980000000000 0.26989600000000000 0.020401
57.3469390000000000 0.25048700000000000 0.019683
57.4489800000000000 0.27363000000000000 0.020711
57.5510200000000000 0.27227600000000000 0.020636
57.6530610000000000 0.27180200000000000 0.020522
57.7551020000000000 0.26227100000000000 0.020655
57.8571430000000000 0.23749800000000000 0.018921
57.9591840000000000 0.27560800000000000 0.020951
58.0612240000000000 0.26379700000000000 0.020622
58.1632650000000000 0.23942300000000000 0.019419
58.2653060000000000 0.29581600000000000 0.021906
58.3673470000000000 0.27547400000000000 0.021540
58.4693880000000000 0.25715000000000000 0.020296
58.5714290000000000 0.29739200000000000 0.022147
58.6734690000000000 0.24083300000000000 0.018934
58.7755100000000000 0.20750200000000000 0.018049
58.8775510000000000 0.13903700000000000 0.014227
58.9795920000000000 0.08615400000000000 0.010612
59.0816330000000000 0.05351400000000000 0.008676
59.1836730000000000 0.12092900000000000 0.013501
59.2857140000000000 0.19434000000000000 0.016956
59.3877550000000000 0.25617900000000000 0.020462
59.4897960000000000 0.24334900000000000 0.019941
59.5918370000000000 0.28626400000000000 0.021570
59.6938780000000000 0.25360900000000000 0.020281
59.7959180000000000 0.27158000000000000 0.020767
59.8979590000000000 0.26383000000000000 0.020270
60.0000000000000000 0.28515000000000000 0.021909
