55.0000000000000000 0.31175000000000000 0.022439
55.1020410000000000 0.29078000000000000 0.021179
55.2040820000000000 0.30307300000000000 0.021650
55.3061220000000000 0.28027400000000000 0.021111
55.4081630000000000 0.31401100000000000 0.022655
55.5102040000000000 0.27066200000000000 0.020428
55.6122450000000000 0.27462200000000000 0.019955
55.7142860000000000 0.22604400000000000 0.018284
55.8163270000000000 0.19490100000000000 0.016784
55.9183670000000000 0.21280600000000000 0.017360
56.0204080000000000 0.19812700000000000 0.016737
56.1224490000000000 0.21979700000000000 0.018185
56.2244900000000000 0.19743600000000000 0.016930
56.3265310000000000 0.19718200000000000 0.017040
56.4285710000000000 0.15498500000000000 0.014613
56.5306120000000000 0.13687700000000000 0.013827
56.6326530000000000 0.09077000000000000 0.010994
56.7346940000000000 0.04733600000000000 0.008249
56.8367350000000000 0.01151200000000000 0.004784
56.9387760000000000 0.00354600000000000 0.004128
57.0408160000000000 -0.0030140000000000 0.002761
57.1428570000000000 0.00331200000000000 0.003855
57.2448980000000000 0.00011000000000000 0.003326
57.3469390000000000 -0.0020360000000000 0.003045
57.4489800000000000 0.00224000000000000 0.003695
57.5510200000000000 0.00223800000000000 0.003691
57.6530610000000000 0.00221700000000000 0.003656
57.7551020000000000 -0.0021230000000000 0.003175
57.8571430000000000 0.00117100000000000 0.003522
57.9591840000000000 0.00119400000000000 0.003590
58.0612240000000000 0.00011600000000000 0.003510
58.1632650000000000 0.00344000000000000 0.004005
58.2653060000000000 0.00335100000000000 0.003901
58.3673470000000000 0.00471000000000000 0.004306
58.4693880000000000 0.00676400000000000 0.004450
58.5714290000000000 0.00889100000000000 0.004678
58.6734690000000000 0.01365700000000000 0.005039
58.7755100000000000 0.02746700000000000 0.006758
58.8775510000000000 0.02476400000000000 0.006435
58.9795920000000000 0.01669600000000000 0.005341
59.0816330000000000 0.02191000000000000 0.006050
59.1836730000000000 0.02944500000000000 0.007065
59.2857140000000000 0.03917600000000000 0.007551
59.3877550000000000 0.08849300000000000 0.011276
59.4897960000000000 0.09534700000000000 0.011789
59.5918370000000000 0.10605500000000000 0.012139
59.6938780000000000 0.13644000000000000 0.014120
59.7959180000000000 0.12232800000000000 0.013032
59.8979590000000000 0.11862500000000000 0.012734
60.0000000000000000 0.15228700000000000 0.015068
