55.0000000000000000 0.33816000000000000 0.023666
55.1020410000000000 0.32159300000000000 0.022608
55.2040820000000000 0.31832300000000000 0.022353
55.3061220000000000 0.29100800000000000 0.021623
55.4081630000000000 0.30013100000000000 0.022002
55.5102040000000000 0.30107300000000000 0.021865
55.6122450000000000 0.30099900000000000 0.021167
55.7142860000000000 0.27858700000000000 0.020825
55.8163270000000000 0.24571600000000000 0.019313
55.9183670000000000 0.26776200000000000 0.020010
56.0204080000000000 0.27650900000000000 0.020548
56.1224490000000000 0.30487100000000000 0.022313
56.2244900000000000 0.26639400000000000 0.020333
56.3265310000000000 0.26825700000000000 0.020565
56.4285710000000000 0.24288800000000000 0.019071
56.5306120000000000 0.26287200000000000 0.020305
56.6326530000000000 0.21305400000000000 0.017665
56.7346940000000000 0.21645500000000000 0.018186
56.8367350000000000 0.17116300000000000 0.015397
56.9387760000000000 0.15658300000000000 0.015349
57.0408160000000000 0.13023500000000000 0.013226
57.1428570000000000 0.12169800000000000 0.012904
57.2448980000000000 0.11873200000000000 0.012631
57.3469390000000000 0.06781100000000000 0.009614
57.4489800000000000 0.03736100000000000 0.007317
57.5510200000000000 0.03413200000000000 0.007045
57.6530610000000000 0.00958800000000000 0.004617
57.7551020000000000 0.00571900000000000 0.004354
57.8571430000000000 -0.0020080000000000 0.003003
57.9591840000000000 0.00011300000000000 0.003423
58.0612240000000000 -0.0043150000000000 0.002723
58.1632650000000000 0.00454800000000000 0.004158
58.2653060000000000 -0.0020450000000000 0.003058
58.3673470000000000 0.00012000000000000 0.003635
58.4693880000000000 -0.0009920000000000 0.003330
58.5714290000000000 0.00011500000000000 0.003475
58.6734690000000000 0.00219400000000000 0.003618
58.7755100000000000 -0.0010200000000000 0.003424
58.8775510000000000 0.00459900000000000 0.004205
58.9795920000000000 0.00321900000000000 0.003747
59.0816330000000000 0.00338400000000000 0.003939
59.1836730000000000 0.00129600000000000 0.003898
59.2857140000000000 -0.0042260000000000 0.002667
59.3877550000000000 -0.0010140000000000 0.003405
59.4897960000000000 0.00356200000000000 0.004147
59.5918370000000000 -0.0053460000000000 0.002455
59.6938780000000000 0.00687800000000000 0.004525
59.7959180000000000 0.00876600000000000 0.004612
59.8979590000000000 0.01078900000000000 0.004805
60.0000000000000000 0.01601700000000000 0.005615
