55.0000000000000000 0.37196500000000000 0.025216
55.1020410000000000 0.35446000000000000 0.024110
55.2040820000000000 0.35899000000000000 0.024204
55.3061220000000000 0.31999000000000000 0.022990
55.4081630000000000 0.27664200000000000 0.020886
55.5102040000000000 0.31051100000000000 0.022306
55.6122450000000000 0.26680700000000000 0.019592
55.7142860000000000 0.20607800000000000 0.017289
55.8163270000000000 0.19807700000000000 0.016945
55.9183670000000000 0.19041700000000000 0.016243
56.0204080000000000 0.17853100000000000 0.015740
56.1224490000000000 0.15195300000000000 0.014657
56.2244900000000000 0.09346900000000000 0.011198
56.3265310000000000 0.05503400000000000 0.008728
56.4285710000000000 0.01476000000000000 0.005173
56.5306120000000000 0.00442100000000000 0.004041
56.6326530000000000 0.00116500000000000 0.003503
56.7346940000000000 0.00341000000000000 0.003970
56.8367350000000000 -0.0009280000000000 0.003116
56.9387760000000000 0.00012000000000000 0.003618
57.0408160000000000 -0.0030140000000000 0.002761
57.1428570000000000 0.00331200000000000 0.003855
57.2448980000000000 -0.0030390000000000 0.002784
57.3469390000000000 0.00226200000000000 0.003731
57.4489800000000000 0.00436900000000000 0.003994
57.5510200000000000 -0.0009520000000000 0.003195
57.6530610000000000 0.00221700000000000 0.003656
57.7551020000000000 -0.0010030000000000 0.003367
57.8571430000000000 0.00964900000000000 0.004646
57.9591840000000000 0.01415800000000000 0.005225
58.0612240000000000 0.02227400000000000 0.006152
58.1632650000000000 0.04221700000000000 0.007890
58.2653060000000000 0.04651900000000000 0.008104
58.3673470000000000 0.05519100000000000 0.009059
58.4693880000000000 0.07213000000000000 0.010071
58.5714290000000000 0.07800000000000000 0.010407
58.6734690000000000 0.09702400000000000 0.011309
58.7755100000000000 0.06962700000000000 0.010055
58.8775510000000000 0.04268900000000000 0.007980
58.9795920000000000 0.02395300000000000 0.006047
59.0816330000000000 0.02626900000000000 0.006460
59.1836730000000000 0.04351900000000000 0.008267
59.2857140000000000 0.08257900000000000 0.010643
59.3877550000000000 0.11455300000000000 0.012886
59.4897960000000000 0.12173500000000000 0.013396
59.5918370000000000 0.11151600000000000 0.012465
59.6938780000000000 0.09362800000000000 0.011568
59.7959180000000000 0.09204400000000000 0.011223
59.8979590000000000 0.09833900000000000 0.011534
60.0000000000000000 0.08301700000000000 0.010935
