55.0000000000000000 0.27688900000000000 0.020795
55.1020410000000000 0.25893900000000000 0.019675
55.2040820000000000 0.23800700000000000 0.018580
55.3061220000000000 0.26417300000000000 0.020337
55.4081630000000000 0.26916800000000000 0.020527
55.5102040000000000 0.22347300000000000 0.018139
55.6122450000000000 0.21112100000000000 0.016945
55.7142860000000000 0.21343400000000000 0.017658
55.8163270000000000 0.21183900000000000 0.017640
55.9183670000000000 0.21687700000000000 0.017560
56.0204080000000000 0.24969400000000000 0.019270
56.1224490000000000 0.30379400000000000 0.022262
56.2244900000000000 0.27382000000000000 0.020689
56.3265310000000000 0.25425700000000000 0.019886
56.4285710000000000 0.28369900000000000 0.021027
56.5306120000000000 0.23810400000000000 0.019095
56.6326530000000000 0.27314300000000000 0.020596
56.7346940000000000 0.27795200000000000 0.021224
56.8367350000000000 0.28727200000000000 0.021104
56.9387760000000000 0.23310100000000000 0.019381
57.0408160000000000 0.26036100000000000 0.019867
57.1428570000000000 0.27101400000000000 0.020606
57.2448980000000000 0.28774200000000000 0.021248
57.3469390000000000 0.29561900000000000 0.021853
57.4489800000000000 0.24808800000000000 0.019477
57.5510200000000000 0.28503400000000000 0.021244
57.6530610000000000 0.30971200000000000 0.022312
57.7551020000000000 0.28019600000000000 0.021531
57.8571430000000000 0.26187300000000000 0.020106
57.9591840000000000 0.29505500000000000 0.021880
58.0612240000000000 0.24163900000000000 0.019529
58.1632650000000000 0.23277600000000000 0.019086
58.2653060000000000 0.30013300000000000 0.022111
58.3673470000000000 0.24220200000000000 0.019883
58.4693880000000000 0.26158100000000000 0.020513
58.5714290000000000 0.27545300000000000 0.021092
58.6734690000000000 0.25125400000000000 0.019439
58.7755100000000000 0.23370900000000000 0.019390
58.8775510000000000 0.14687900000000000 0.014667
58.9795920000000000 0.06749400000000000 0.009406
59.0816330000000000 0.06223200000000000 0.009302
59.1836730000000000 0.13383100000000000 0.014260
59.2857140000000000 0.18457400000000000 0.016449
59.3877550000000000 0.24824800000000000 0.020068
59.4897960000000000 0.24679100000000000 0.020114
59.5918370000000000 0.24257700000000000 0.019444
59.6938780000000000 0.27501500000000000 0.021335
59.7959180000000000 0.24994900000000000 0.019716
59.8979590000000000 0.27877800000000000 0.020988
60.0000000000000000 0.25789600000000000 0.020570
