55.0000000000000000 0.29907300000000000 0.021845
55.1020410000000000 0.29899600000000000 0.021562
55.2040820000000000 0.29697300000000000 0.021368
55.3061220000000000 0.27276000000000000 0.020751
55.4081630000000000 0.28838700000000000 0.021446
55.5102040000000000 0.26017500000000000 0.019926
55.6122450000000000 0.23456800000000000 0.018074
55.7142860000000000 0.18611100000000000 0.016275
55.8163270000000000 0.19701800000000000 0.016892
55.9183670000000000 0.17718700000000000 0.015570
56.0204080000000000 0.21359700000000000 0.017509
56.1224490000000000 0.17456800000000000 0.015866
56.2244900000000000 0.17409700000000000 0.015726
56.3265310000000000 0.13364600000000000 0.013646
56.4285710000000000 0.10266200000000000 0.011673
56.5306120000000000 0.06149500000000000 0.009189
56.6326530000000000 0.04227800000000000 0.007668
56.7346940000000000 0.01768600000000000 0.005659
56.8367350000000000 0.00736600000000000 0.004294
56.9387760000000000 0.00012000000000000 0.003618
57.0408160000000000 0.00115000000000000 0.003459
57.1428570000000000 -0.0030880000000000 0.002829
57.2448980000000000 0.00011000000000000 0.003326
57.3469390000000000 0.00118700000000000 0.003571
57.4489800000000000 -0.0030810000000000 0.002823
57.5510200000000000 -0.0020150000000000 0.003013
57.6530610000000000 -0.0009430000000000 0.003165
57.7551020000000000 0.00123800000000000 0.003723
57.8571430000000000 -0.0030680000000000 0.002811
57.9591840000000000 0.00011300000000000 0.003423
58.0612240000000000 0.00233200000000000 0.003846
58.1632650000000000 -0.0021000000000000 0.003140
58.2653060000000000 0.00011300000000000 0.003419
58.3673470000000000 0.00126800000000000 0.003813
58.4693880000000000 0.00676400000000000 0.004450
58.5714290000000000 0.00669700000000000 0.004406
58.6734690000000000 0.02512000000000000 0.006175
58.7755100000000000 0.01949000000000000 0.005990
58.8775510000000000 0.00459900000000000 0.004205
58.9795920000000000 0.01980600000000000 0.005653
59.0816330000000000 0.03171800000000000 0.006946
59.1836730000000000 0.02123500000000000 0.006285
59.2857140000000000 0.05979200000000000 0.009107
59.3877550000000000 0.06696600000000000 0.009839
59.4897960000000000 0.06666400000000000 0.009887
59.5918370000000000 0.07875100000000000 0.010432
59.6938780000000000 0.10714800000000000 0.012403
59.7959180000000000 0.10502300000000000 0.012016
59.8979590000000000 0.10154200000000000 0.011727
60.0000000000000000 0.11027000000000000 0.012644
