55.0000000000000000 0.30646800000000000 0.022192
55.1020410000000000 0.24661400000000000 0.019085
55.2040820000000000 0.27969000000000000 0.020561
55.3061220000000000 0.26202600000000000 0.020233
55.4081630000000000 0.24354400000000000 0.019284
55.5102040000000000 0.23291000000000000 0.018603
55.6122450000000000 0.21600600000000000 0.017182
55.7142860000000000 0.13987400000000000 0.013823
55.8163270000000000 0.13667600000000000 0.013698
55.9183670000000000 0.14462000000000000 0.013861
56.0204080000000000 0.11458800000000000 0.012280
56.1224490000000000 0.11426200000000000 0.012536
56.2244900000000000 0.07967800000000000 0.010330
56.3265310000000000 0.06580300000000000 0.009488
56.4285710000000000 0.04510700000000000 0.007853
56.5306120000000000 0.03134300000000000 0.006862
56.6326530000000000 0.00854400000000000 0.004495
56.7346940000000000 0.00450800000000000 0.004121
56.8367350000000000 0.00218200000000000 0.003599
56.9387760000000000 -0.0055910000000000 0.002567
57.0408160000000000 -0.0019730000000000 0.002950
57.1428570000000000 -0.0009550000000000 0.003205
57.2448980000000000 0.00221000000000000 0.003644
57.3469390000000000 -0.0009620000000000 0.003229
57.4489800000000000 -0.0009530000000000 0.003198
57.5510200000000000 0.00436400000000000 0.003990
57.6530610000000000 -0.0051550000000000 0.002366
57.7551020000000000 -0.0010030000000000 0.003367
57.8571430000000000 0.00435000000000000 0.003977
57.9591840000000000 0.00011300000000000 0.003423
58.0612240000000000 -0.0009920000000000 0.003330
58.1632650000000000 -0.0009920000000000 0.003330
58.2653060000000000 -0.0009660000000000 0.003243
58.3673470000000000 0.00126800000000000 0.003813
58.4693880000000000 0.00233200000000000 0.003846
58.5714290000000000 0.00340600000000000 0.003965
58.6734690000000000 -0.0040590000000000 0.002561
58.7755100000000000 0.00239800000000000 0.003956
58.8775510000000000 -0.0010030000000000 0.003367
58.9795920000000000 0.00114500000000000 0.003445
59.0816330000000000 0.00120400000000000 0.003621
59.1836730000000000 0.00246900000000000 0.004072
59.2857140000000000 0.01096400000000000 0.004884
59.3877550000000000 0.01711400000000000 0.005722
59.4897960000000000 0.01159300000000000 0.005165
59.5918370000000000 0.01322100000000000 0.005163
59.6938780000000000 0.02377700000000000 0.006365
59.7959180000000000 0.03796700000000000 0.007438
59.8979590000000000 0.03321000000000000 0.006986
60.0000000000000000 0.04667800000000000 0.008359
