55.0000000000000000 0.19871500000000000 0.016961
55.1020410000000000 0.18601400000000000 0.016091
55.2040820000000000 0.13837300000000000 0.013516
55.3061220000000000 0.12462900000000000 0.013114
55.4081630000000000 0.09727100000000000 0.011469
55.5102040000000000 0.06198000000000000 0.009088
55.6122450000000000 0.04699600000000000 0.007688
55.7142860000000000 0.01272000000000000 0.004967
55.8163270000000000 0.00434600000000000 0.003973
55.9183670000000000 -0.0019290000000000 0.002884
56.0204080000000000 -0.0009230000000000 0.003100
56.1224490000000000 0.00119000000000000 0.003579
56.2244900000000000 -0.0041320000000000 0.002607
56.3265310000000000 -0.0020410000000000 0.003052
56.4285710000000000 -0.0009370000000000 0.003145
56.5306120000000000 -0.0009640000000000 0.003236
56.6326530000000000 -0.0041060000000000 0.002591
56.7346940000000000 0.00121300000000000 0.003649
56.8367350000000000 0.00010900000000000 0.003284
56.9387760000000000 0.00012000000000000 0.003618
57.0408160000000000 -0.0009320000000000 0.003129
57.1428570000000000 -0.0041540000000000 0.002621
57.2448980000000000 0.00011000000000000 0.003326
57.3469390000000000 -0.0041860000000000 0.002641
57.4489800000000000 0.00117600000000000 0.003537
57.5510200000000000 -0.0073300000000000 0.001866
57.6530610000000000 0.00537600000000000 0.004093
57.7551020000000000 0.00011800000000000 0.003549
57.8571430000000000 0.00647000000000000 0.004256
57.9591840000000000 0.01523900000000000 0.005341
58.0612240000000000 0.00344000000000000 0.004005
58.1632650000000000 0.01673500000000000 0.005595
58.2653060000000000 0.02601400000000000 0.006397
58.3673470000000000 0.03339200000000000 0.007317
58.4693880000000000 0.03667700000000000 0.007439
58.5714290000000000 0.03960600000000000 0.007635
58.6734690000000000 0.05325600000000000 0.008440
58.7755100000000000 0.04797700000000000 0.008477
58.8775510000000000 0.02588500000000000 0.006540
58.9795920000000000 0.02602600000000000 0.006237
59.0816330000000000 0.01646100000000000 0.005503
59.1836730000000000 0.03296400000000000 0.007379
59.2857140000000000 0.05870700000000000 0.009030
59.3877550000000000 0.09075900000000000 0.011421
59.4897960000000000 0.07699000000000000 0.010595
59.5918370000000000 0.08858100000000000 0.011064
59.6938780000000000 0.10940100000000000 0.012539
59.7959180000000000 0.10934900000000000 0.012274
59.8979590000000000 0.13143700000000000 0.013463
60.0000000000000000 0.10572800000000000 0.012368
