55.0000000000000000 0.26421200000000000 0.020188
55.1020410000000000 0.25380400000000000 0.019430
55.2040820000000000 0.25630700000000000 0.019457
55.3061220000000000 0.27276000000000000 0.020751
55.4081630000000000 0.26810100000000000 0.020476
55.5102040000000000 0.26332100000000000 0.020077
55.6122450000000000 0.21405200000000000 0.017088
55.7142860000000000 0.20502700000000000 0.017236
55.8163270000000000 0.22560200000000000 0.018326
55.9183670000000000 0.21484200000000000 0.017460
56.0204080000000000 0.25897600000000000 0.019715
56.1224490000000000 0.26394900000000000 0.020357
56.2244900000000000 0.29079500000000000 0.021497
56.3265310000000000 0.24564200000000000 0.019465
56.4285710000000000 0.29102400000000000 0.021372
56.5306120000000000 0.27794900000000000 0.021032
56.6326530000000000 0.26470900000000000 0.020192
56.7346940000000000 0.26367600000000000 0.020531
56.8367350000000000 0.27379500000000000 0.020468
56.9387760000000000 0.27535800000000000 0.021488
57.0408160000000000 0.28742800000000000 0.021152
57.1428570000000000 0.26781500000000000 0.020452
57.2448980000000000 0.27514500000000000 0.020651
57.3469390000000000 0.28379900000000000 0.021290
57.4489800000000000 0.27256600000000000 0.020660
57.5510200000000000 0.28078100000000000 0.021042
57.6530610000000000 0.25284700000000000 0.019611
57.7551020000000000 0.28131600000000000 0.021586
57.8571430000000000 0.25339500000000000 0.019696
57.9591840000000000 0.26480500000000000 0.020429
58.0612240000000000 0.24053100000000000 0.019474
58.1632650000000000 0.27376800000000000 0.021108
58.2653060000000000 0.27099400000000000 0.020718
58.3673470000000000 0.25826400000000000 0.020688
58.4693880000000000 0.27266000000000000 0.021054
58.5714290000000000 0.26119300000000000 0.020399
58.6734690000000000 0.24083300000000000 0.018934
58.7755100000000000 0.19610700000000000 0.017455
58.8775510000000000 0.15360100000000000 0.015039
58.9795920000000000 0.09444800000000000 0.011123
59.0816330000000000 0.06659200000000000 0.009605
59.1836730000000000 0.15025100000000000 0.015199
59.2857140000000000 0.15853300000000000 0.015069
59.3877550000000000 0.21765600000000000 0.018522
59.4897960000000000 0.25023300000000000 0.020287
59.5918370000000000 0.26442000000000000 0.020514
59.6938780000000000 0.26712800000000000 0.020948
59.7959180000000000 0.24346000000000000 0.019398
59.8979590000000000 0.26062700000000000 0.020115
60.0000000000000000 0.26925200000000000 0.021131
