55.0000000000000000 0.20505300000000000 0.017281
55.1020410000000000 0.20758400000000000 0.017177
55.2040820000000000 0.19429000000000000 0.016430
55.3061220000000000 0.19225400000000000 0.016760
55.4081630000000000 0.16453500000000000 0.015270
55.5102040000000000 0.09868300000000000 0.011447
55.6122450000000000 0.05481100000000000 0.008249
55.7142860000000000 0.03478800000000000 0.007051
55.8163270000000000 0.01916700000000000 0.005669
55.9183670000000000 0.01435500000000000 0.005030
56.0204080000000000 0.00423400000000000 0.003870
56.1224490000000000 0.00980500000000000 0.004721
56.2244900000000000 -0.0020100000000000 0.003007
56.3265310000000000 0.00334400000000000 0.003893
56.4285710000000000 -0.0051220000000000 0.002352
56.5306120000000000 0.00119000000000000 0.003579
56.6326530000000000 0.00116500000000000 0.003503
56.7346940000000000 -0.0020810000000000 0.003112
56.8367350000000000 0.00425600000000000 0.003890
56.9387760000000000 0.00126200000000000 0.003795
57.0408160000000000 -0.0019730000000000 0.002950
57.1428570000000000 0.00011200000000000 0.003379
57.2448980000000000 -0.0093380000000000 0.001111
57.3469390000000000 -0.0020360000000000 0.003045
57.4489800000000000 -0.0009530000000000 0.003198
57.5510200000000000 -0.0030780000000000 0.002820
57.6530610000000000 0.00116400000000000 0.003499
57.7551020000000000 -0.0066040000000000 0.002259
57.8571430000000000 -0.0009490000000000 0.003185
57.9591840000000000 -0.0020470000000000 0.003062
58.0612240000000000 0.00011600000000000 0.003510
58.1632650000000000 -0.0009920000000000 0.003330
58.2653060000000000 0.00011300000000000 0.003419
58.3673470000000000 0.00471000000000000 0.004306
58.4693880000000000 0.00676400000000000 0.004450
58.5714290000000000 0.00889100000000000 0.004678
58.6734690000000000 0.01053000000000000 0.004690
58.7755100000000000 0.02063000000000000 0.006104
58.8775510000000000 0.02252400000000000 0.006221
58.9795920000000000 0.00632900000000000 0.004163
59.0816330000000000 0.00120400000000000 0.003621
59.1836730000000000 0.02006200000000000 0.006167
59.2857140000000000 0.03375100000000000 0.007101
59.3877550000000000 0.05563600000000000 0.009027
59.4897960000000000 0.04945500000000000 0.008625
59.5918370000000000 0.06782900000000000 0.009701
59.6938780000000000 0.08123500000000000 0.010772
59.7959180000000000 0.06608700000000000 0.009530
59.8979590000000000 0.08018800000000000 0.010398
60.0000000000000000 0.07620300000000000 0.010483
