55.0000000000000000 0.26421200000000000 0.020188
55.1020410000000000 0.26715600000000000 0.020066
55.2040820000000000 0.26850700000000000 0.020035
55.3061220000000000 0.28349400000000000 0.021265
55.4081630000000000 0.28838700000000000 0.021446
55.5102040000000000 0.26541900000000000 0.020177
55.6122450000000000 0.28634500000000000 0.020496
55.7142860000000000 0.20712900000000000 0.017342
55.8163270000000000 0.22242600000000000 0.018168
55.9183670000000000 0.21585900000000000 0.017510
56.0204080000000000 0.26000700000000000 0.019764
56.1224490000000000 0.25318000000000000 0.019834
56.2244900000000000 0.28018600000000000 0.020993
56.3265310000000000 0.26287200000000000 0.020305
56.4285710000000000 0.29102400000000000 0.021372
56.5306120000000000 0.24564200000000000 0.019465
56.6326530000000000 0.28579300000000000 0.021197
56.7346940000000000 0.27355900000000000 0.021011
56.8367350000000000 0.25928200000000000 0.019777
56.9387760000000000 0.28449400000000000 0.021935
57.0408160000000000 0.26868900000000000 0.020265
57.1428570000000000 0.28381300000000000 0.021217
57.2448980000000000 0.28774200000000000 0.021248
57.3469390000000000 0.26875500000000000 0.020569
57.4489800000000000 0.23212400000000000 0.018695
57.5510200000000000 0.25951900000000000 0.020022
57.6530610000000000 0.26864300000000000 0.020371
57.7551020000000000 0.27907600000000000 0.021477
57.8571430000000000 0.26081300000000000 0.020055
57.9591840000000000 0.24427800000000000 0.019428
58.0612240000000000 0.27044400000000000 0.020946
58.1632650000000000 0.27487600000000000 0.021162
58.2653060000000000 0.28178600000000000 0.021237
58.3673470000000000 0.26400100000000000 0.020973
58.4693880000000000 0.27487600000000000 0.021162
58.5714290000000000 0.26448300000000000 0.020560
58.6734690000000000 0.22937000000000000 0.018375
58.7755100000000000 0.24852200000000000 0.020135
58.8775510000000000 0.12111100000000000 0.013197
58.9795920000000000 0.09341100000000000 0.011060
59.0816330000000000 0.06114300000000000 0.009225
59.1836730000000000 0.11858300000000000 0.013361
59.2857140000000000 0.19217000000000000 0.016844
59.3877550000000000 0.25957800000000000 0.020631
59.4897960000000000 0.23302400000000000 0.019419
59.5918370000000000 0.25677500000000000 0.020142
59.6938780000000000 0.26600200000000000 0.020893
59.7959180000000000 0.25427600000000000 0.019928
59.8979590000000000 0.27877800000000000 0.020988
60.0000000000000000 0.29877700000000000 0.022571
