55.0000000000000000 0.29062200000000000 0.021447
55.1020410000000000 0.27537300000000000 0.020455
55.2040820000000000 0.24817300000000000 0.019069
55.3061220000000000 0.23626400000000000 0.018975
55.4081630000000000 0.26062700000000000 0.020115
55.5102040000000000 0.27066200000000000 0.020428
55.6122450000000000 0.26094500000000000 0.019318
55.7142860000000000 0.22499300000000000 0.018232
55.8163270000000000 0.20972200000000000 0.017534
55.9183670000000000 0.19957600000000000 0.016703
56.0204080000000000 0.26413300000000000 0.019961
56.1224490000000000 0.25748800000000000 0.020044
56.2244900000000000 0.26533300000000000 0.020282
56.3265310000000000 0.26718000000000000 0.020513
56.4285710000000000 0.25544500000000000 0.019679
56.5306120000000000 0.30056300000000000 0.022109
56.6326530000000000 0.24995100000000000 0.019481
56.7346940000000000 0.30430800000000000 0.022488
56.8367350000000000 0.28001600000000000 0.020762
56.9387760000000000 0.25936900000000000 0.020698
57.0408160000000000 0.26764800000000000 0.020215
57.1428570000000000 0.27528100000000000 0.020810
57.2448980000000000 0.30138900000000000 0.021890
57.3469390000000000 0.27090400000000000 0.020672
57.4489800000000000 0.30023700000000000 0.021974
57.5510200000000000 0.27333900000000000 0.020686
57.6530610000000000 0.24652800000000000 0.019305
57.7551020000000000 0.28803800000000000 0.021912
57.8571430000000000 0.25233500000000000 0.019645
57.9591840000000000 0.31666300000000000 0.022902
58.0612240000000000 0.28927900000000000 0.021858
58.1632650000000000 0.27820000000000000 0.021323
58.2653060000000000 0.27207300000000000 0.020770
58.3673470000000000 0.27088500000000000 0.021313
58.4693880000000000 0.25604200000000000 0.020241
58.5714290000000000 0.24035000000000000 0.019374
58.6734690000000000 0.24604300000000000 0.019187
58.7755100000000000 0.23712800000000000 0.019563
58.8775510000000000 0.16256300000000000 0.015529
58.9795920000000000 0.08511800000000000 0.010547
59.0816330000000000 0.05460400000000000 0.008755
59.1836730000000000 0.09043400000000000 0.011612
59.2857140000000000 0.17155400000000000 0.015765
59.3877550000000000 0.25957800000000000 0.020631
59.4897960000000000 0.25138100000000000 0.020344
59.5918370000000000 0.28735600000000000 0.021622
59.6938780000000000 0.27501500000000000 0.021335
59.7959180000000000 0.27698800000000000 0.021027
59.8979590000000000 0.24140900000000000 0.019180
60.0000000000000000 0.25335400000000000 0.020344
