55.0000000000000000 0.33182200000000000 0.023373
55.1020410000000000 0.30002400000000000 0.021610
55.2040820000000000 0.29900700000000000 0.021462
55.3061220000000000 0.29852200000000000 0.021980
55.4081630000000000 0.30867300000000000 0.022404
55.5102040000000000 0.28010000000000000 0.020877
55.6122450000000000 0.22186700000000000 0.017465
55.7142860000000000 0.20502700000000000 0.017236
55.8163270000000000 0.21501500000000000 0.017799
55.9183670000000000 0.19448800000000000 0.016448
56.0204080000000000 0.18368800000000000 0.016004
56.1224490000000000 0.18964400000000000 0.016652
56.2244900000000000 0.12741800000000000 0.013194
56.3265310000000000 0.13580000000000000 0.013767
56.4285710000000000 0.10475500000000000 0.011797
56.5306120000000000 0.08949400000000000 0.011039
56.6326530000000000 0.04333200000000000 0.007750
56.7346940000000000 0.02976600000000000 0.006807
56.8367350000000000 0.01254900000000000 0.004900
56.9387760000000000 0.00240400000000000 0.003965
57.0408160000000000 0.00323200000000000 0.003763
57.1428570000000000 -0.0009550000000000 0.003205
57.2448980000000000 -0.0009400000000000 0.003155
57.3469390000000000 0.00226200000000000 0.003731
57.4489800000000000 0.00117600000000000 0.003537
57.5510200000000000 -0.0009520000000000 0.003195
57.6530610000000000 0.00116400000000000 0.003499
57.7551020000000000 -0.0032430000000000 0.002971
57.8571430000000000 -0.0051880000000000 0.002382
57.9591840000000000 0.00335400000000000 0.003905
58.0612240000000000 -0.0009920000000000 0.003330
58.1632650000000000 0.00011600000000000 0.003510
58.2653060000000000 -0.0031240000000000 0.002862
58.3673470000000000 -0.0010270000000000 0.003448
58.4693880000000000 0.00011600000000000 0.003510
58.5714290000000000 -0.0009820000000000 0.003297
58.6734690000000000 -0.0030170000000000 0.002764
58.7755100000000000 0.00353800000000000 0.004119
58.8775510000000000 0.00683900000000000 0.004499
58.9795920000000000 -0.0019650000000000 0.002938
59.0816330000000000 0.00229400000000000 0.003784
59.1836730000000000 0.01185200000000000 0.005280
59.2857140000000000 0.01205000000000000 0.005008
59.3877550000000000 0.03184300000000000 0.007126
59.4897960000000000 0.03568700000000000 0.007514
59.5918370000000000 0.04380100000000000 0.007949
59.6938780000000000 0.05982900000000000 0.009304
59.7959180000000000 0.05202700000000000 0.008529
59.8979590000000000 0.06737600000000000 0.009551
60.0000000000000000 0.06257600000000000 0.009542
