55.0000000000000000 0.27794500000000000 0.020845
55.1020410000000000 0.30310500000000000 0.021753
55.2040820000000000 0.29697300000000000 0.021368
55.3061220000000000 0.29637500000000000 0.021878
55.4081630000000000 0.32895900000000000 0.023353
55.5102040000000000 0.28010000000000000 0.020877
55.6122450000000000 0.26680700000000000 0.019592
55.7142860000000000 0.22394200000000000 0.018180
55.8163270000000000 0.22136700000000000 0.018116
55.9183670000000000 0.21280600000000000 0.017360
56.0204080000000000 0.18059400000000000 0.015846
56.1224490000000000 0.25964200000000000 0.020148
56.2244900000000000 0.19213200000000000 0.016659
56.3265310000000000 0.17026000000000000 0.015639
56.4285710000000000 0.16126400000000000 0.014947
56.5306120000000000 0.13795400000000000 0.013887
56.6326530000000000 0.11501600000000000 0.012444
56.7346940000000000 0.09675400000000000 0.011607
56.8367350000000000 0.03950300000000000 0.007375
56.9387760000000000 0.04466000000000000 0.008228
57.0408160000000000 0.03446300000000000 0.006984
57.1428570000000000 0.00544500000000000 0.004145
57.2448980000000000 0.00325900000000000 0.003795
57.3469390000000000 0.00011300000000000 0.003404
57.4489800000000000 0.00330400000000000 0.003847
57.5510200000000000 0.00223800000000000 0.003691
57.6530610000000000 0.00642900000000000 0.004229
57.7551020000000000 0.00011800000000000 0.003549
57.8571430000000000 0.00011100000000000 0.003357
57.9591840000000000 0.00011300000000000 0.003423
58.0612240000000000 -0.0021000000000000 0.003140
58.1632650000000000 -0.0009920000000000 0.003330
58.2653060000000000 0.00443000000000000 0.004050
58.3673470000000000 0.00241500000000000 0.003983
58.4693880000000000 -0.0021000000000000 0.003140
58.5714290000000000 -0.0042730000000000 0.002696
58.6734690000000000 0.00427800000000000 0.003911
58.7755100000000000 -0.0021590000000000 0.003229
58.8775510000000000 0.00347800000000000 0.004050
58.9795920000000000 0.00425600000000000 0.003890
59.0816330000000000 0.00338400000000000 0.003939
59.1836730000000000 0.00129600000000000 0.003898
59.2857140000000000 0.00119900000000000 0.003606
59.3877550000000000 -0.0021470000000000 0.003211
59.4897960000000000 0.00126800000000000 0.003813
59.5918370000000000 0.00229900000000000 0.003792
59.6938780000000000 0.00011800000000000 0.003569
59.7959180000000000 0.00876600000000000 0.004612
59.8979590000000000 0.00331500000000000 0.003859
60.0000000000000000 0.00920400000000000 0.004843
