55.0000000000000000 0.24097100000000000 0.019063
55.1020410000000000 0.28050800000000000 0.020697
55.2040820000000000 0.28985700000000000 0.021037
55.3061220000000000 0.27490700000000000 0.020854
55.4081630000000000 0.26810100000000000 0.020476
55.5102040000000000 0.26122400000000000 0.019976
55.6122450000000000 0.23066000000000000 0.017887
55.7142860000000000 0.21763700000000000 0.017867
55.8163270000000000 0.20866300000000000 0.017481
55.9183670000000000 0.22298300000000000 0.017860
56.0204080000000000 0.26825800000000000 0.020157
56.1224490000000000 0.27579500000000000 0.020928
56.2244900000000000 0.24517600000000000 0.019306
56.3265310000000000 0.27902500000000000 0.021083
56.4285710000000000 0.28788500000000000 0.021224
56.5306120000000000 0.32856200000000000 0.023425
56.6326530000000000 0.27314300000000000 0.020596
56.7346940000000000 0.25928300000000000 0.020316
56.8367350000000000 0.27586900000000000 0.020566
56.9387760000000000 0.27650000000000000 0.021544
57.0408160000000000 0.26348400000000000 0.020016
57.1428570000000000 0.29447800000000000 0.021724
57.2448980000000000 0.28564200000000000 0.021149
57.3469390000000000 0.27735100000000000 0.020982
57.4489800000000000 0.30023700000000000 0.021974
57.5510200000000000 0.27865500000000000 0.020940
57.6530610000000000 0.28970400000000000 0.021372
57.7551020000000000 0.26787300000000000 0.020930
57.8571430000000000 0.28836700000000000 0.021371
57.9591840000000000 0.26372400000000000 0.020377
58.0612240000000000 0.26601300000000000 0.020730
58.1632650000000000 0.29371000000000000 0.022072
58.2653060000000000 0.26451900000000000 0.020405
58.3673470000000000 0.28006300000000000 0.021765
58.4693880000000000 0.25382600000000000 0.020132
58.5714290000000000 0.26119300000000000 0.020399
58.6734690000000000 0.21478100000000000 0.017655
58.7755100000000000 0.20978100000000000 0.018167
58.8775510000000000 0.16144300000000000 0.015468
58.9795920000000000 0.09652100000000000 0.011248
59.0816330000000000 0.07749000000000000 0.010337
59.1836730000000000 0.11741000000000000 0.013290
59.2857140000000000 0.19217000000000000 0.016844
59.3877550000000000 0.23805000000000000 0.019557
59.4897960000000000 0.23302400000000000 0.019419
59.5918370000000000 0.26332800000000000 0.020461
59.6938780000000000 0.27501500000000000 0.021335
59.7959180000000000 0.24994900000000000 0.019716
59.8979590000000000 0.26596500000000000 0.020373
60.0000000000000000 0.25335400000000000 0.020344
