55.0000000000000000 0.28322700000000000 0.021096
55.1020410000000000 0.28564400000000000 0.020938
55.2040820000000000 0.27562300000000000 0.020371
55.3061220000000000 0.29852200000000000 0.021980
55.4081630000000000 0.28411600000000000 0.021242
55.5102040000000000 0.22242400000000000 0.018087
55.6122450000000000 0.25312900000000000 0.018952
55.7142860000000000 0.23760300000000000 0.018851
55.8163270000000000 0.22983600000000000 0.018535
55.9183670000000000 0.24028400000000000 0.018699
56.0204080000000000 0.24556900000000000 0.019071
56.1224490000000000 0.25533400000000000 0.019939
56.2244900000000000 0.27594200000000000 0.020790
56.3265310000000000 0.29948600000000000 0.022058
56.4285710000000000 0.24602700000000000 0.019224
56.5306120000000000 0.26718000000000000 0.020513
56.6326530000000000 0.29317200000000000 0.021546
56.7346940000000000 0.26367600000000000 0.020531
56.8367350000000000 0.28416200000000000 0.020958
56.9387760000000000 0.25023200000000000 0.020243
57.0408160000000000 0.25099200000000000 0.019417
57.1428570000000000 0.27741400000000000 0.020912
57.2448980000000000 0.28879200000000000 0.021298
57.3469390000000000 0.28272400000000000 0.021239
57.4489800000000000 0.24702300000000000 0.019425
57.5510200000000000 0.26058200000000000 0.020073
57.6530610000000000 0.24126300000000000 0.019049
57.7551020000000000 0.24658700000000000 0.019879
57.8571430000000000 0.25445400000000000 0.019747
57.9591840000000000 0.26372400000000000 0.020377
58.0612240000000000 0.29038700000000000 0.021912
58.1632650000000000 0.27044400000000000 0.020946
58.2653060000000000 0.27315200000000000 0.020822
58.3673470000000000 0.25941200000000000 0.020745
58.4693880000000000 0.25050200000000000 0.019968
58.5714290000000000 0.26558000000000000 0.020613
58.6734690000000000 0.26896900000000000 0.020288
58.7755100000000000 0.20978100000000000 0.018167
58.8775510000000000 0.15360100000000000 0.015039
58.9795920000000000 0.07786100000000000 0.010087
59.0816330000000000 0.07857900000000000 0.010408
59.1836730000000000 0.11037300000000000 0.012864
59.2857140000000000 0.20410500000000000 0.017456
59.3877550000000000 0.25504600000000000 0.020406
59.4897960000000000 0.23761300000000000 0.019652
59.5918370000000000 0.26660500000000000 0.020621
59.6938780000000000 0.24008900000000000 0.019607
59.7959180000000000 0.24670500000000000 0.019557
59.8979590000000000 0.26916800000000000 0.020527
60.0000000000000000 0.27947200000000000 0.021632
