55.0000000000000000 0.26526800000000000 0.020239
55.1020410000000000 0.26510200000000000 0.019969
55.2040820000000000 0.28375700000000000 0.020752
55.3061220000000000 0.26739300000000000 0.020493
55.4081630000000000 0.28945400000000000 0.021496
55.5102040000000000 0.28744000000000000 0.021224
55.6122450000000000 0.24726800000000000 0.018676
55.7142860000000000 0.22394200000000000 0.018180
55.8163270000000000 0.20972200000000000 0.017534
55.9183670000000000 0.22094800000000000 0.017760
56.0204080000000000 0.24969400000000000 0.019270
56.1224490000000000 0.26502600000000000 0.020409
56.2244900000000000 0.28124700000000000 0.021043
56.3265310000000000 0.26502600000000000 0.020409
56.4285710000000000 0.26067700000000000 0.019930
56.5306120000000000 0.27579500000000000 0.020928
56.6326530000000000 0.28157600000000000 0.020997
56.7346940000000000 0.26806800000000000 0.020745
56.8367350000000000 0.24373100000000000 0.019029
56.9387760000000000 0.24909000000000000 0.020186
57.0408160000000000 0.26452500000000000 0.020066
57.1428570000000000 0.24648400000000000 0.019418
57.2448980000000000 0.27514500000000000 0.020651
57.3469390000000000 0.25800900000000000 0.020049
57.4489800000000000 0.25979500000000000 0.020045
57.5510200000000000 0.29460200000000000 0.021698
57.6530610000000000 0.27285500000000000 0.020572
57.7551020000000000 0.27235400000000000 0.021149
57.8571430000000000 0.27353000000000000 0.020665
57.9591840000000000 0.27236700000000000 0.020795
58.0612240000000000 0.28263100000000000 0.021538
58.1632650000000000 0.27376800000000000 0.021108
58.2653060000000000 0.26344000000000000 0.020353
58.3673470000000000 0.25367500000000000 0.020459
58.4693880000000000 0.28263100000000000 0.021538
58.5714290000000000 0.24583500000000000 0.019645
58.6734690000000000 0.26271700000000000 0.019989
58.7755100000000000 0.21661700000000000 0.018519
58.8775510000000000 0.16032200000000000 0.015407
58.9795920000000000 0.07475100000000000 0.009886
59.0816330000000000 0.07095100000000000 0.009902
59.1836730000000000 0.11506500000000000 0.013149
59.2857140000000000 0.20627600000000000 0.017567
59.3877550000000000 0.24144900000000000 0.019728
59.4897960000000000 0.27203200000000000 0.021370
59.5918370000000000 0.25677500000000000 0.020142
59.6938780000000000 0.27050800000000000 0.021114
59.7959180000000000 0.26833600000000000 0.020610
59.8979590000000000 0.28625100000000000 0.021344
60.0000000000000000 0.30104800000000000 0.022681
