55.0000000000000000 0.31597600000000000 0.022637
55.1020410000000000 0.31645700000000000 0.022371
55.2040820000000000 0.31425700000000000 0.022166
55.3061220000000000 0.32643100000000000 0.023292
55.4081630000000000 0.33002600000000000 0.023402
55.5102040000000000 0.31994800000000000 0.022745
55.6122450000000000 0.28439100000000000 0.020406
55.7142860000000000 0.24390800000000000 0.019159
55.8163270000000000 0.24995100000000000 0.019519
55.9183670000000000 0.22094800000000000 0.017760
56.0204080000000000 0.28682200000000000 0.021033
56.1224490000000000 0.27794900000000000 0.021032
56.2244900000000000 0.32262100000000000 0.022990
56.3265310000000000 0.30487100000000000 0.022313
56.4285710000000000 0.30044300000000000 0.021815
56.5306120000000000 0.30594800000000000 0.022364
56.6326530000000000 0.30793000000000000 0.022239
56.7346940000000000 0.27136300000000000 0.020905
56.8367350000000000 0.27379500000000000 0.020468
56.9387760000000000 0.31418800000000000 0.023374
57.0408160000000000 0.30512500000000000 0.021981
57.1428570000000000 0.25821600000000000 0.019989
57.2448980000000000 0.26779700000000000 0.020301
57.3469390000000000 0.27627700000000000 0.020930
57.4489800000000000 0.19700300000000000 0.016934
57.5510200000000000 0.21593000000000000 0.017881
57.6530610000000000 0.16965400000000000 0.015437
57.7551020000000000 0.13455500000000000 0.013973
57.8571430000000000 0.09125100000000000 0.011055
57.9591840000000000 0.04656900000000000 0.008113
58.0612240000000000 0.01451900000000000 0.005359
58.1632650000000000 -0.0043150000000000 0.002723
58.2653060000000000 0.00011300000000000 0.003419
58.3673470000000000 -0.0021740000000000 0.003252
58.4693880000000000 0.00011600000000000 0.003510
58.5714290000000000 -0.0042730000000000 0.002696
58.6734690000000000 0.00115100000000000 0.003463
58.7755100000000000 -0.0010200000000000 0.003424
58.8775510000000000 0.00683900000000000 0.004499
58.9795920000000000 -0.0030010000000000 0.002750
59.0816330000000000 -0.0009750000000000 0.003275
59.1836730000000000 0.01302500000000000 0.005414
59.2857140000000000 0.01530500000000000 0.005365
59.3877550000000000 0.04317300000000000 0.008072
59.4897960000000000 0.06895900000000000 0.010047
59.5918370000000000 0.07438200000000000 0.010144
59.6938780000000000 0.09250100000000000 0.011497
59.7959180000000000 0.11692000000000000 0.012719
59.8979590000000000 0.13997900000000000 0.013939
60.0000000000000000 0.16932100000000000 0.016001
