55.0000000000000000 0.25893000000000000 0.019934
55.1020410000000000 0.27640000000000000 0.020503
55.2040820000000000 0.27155700000000000 0.020179
55.3061220000000000 0.28778800000000000 0.021470
55.4081630000000000 0.28731900000000000 0.021395
55.5102040000000000 0.23291000000000000 0.018603
55.6122450000000000 0.24726800000000000 0.018676
55.7142860000000000 0.20082300000000000 0.017024
55.8163270000000000 0.21078100000000000 0.017587
55.9183670000000000 0.23723100000000000 0.018552
56.0204080000000000 0.25691300000000000 0.019616
56.1224490000000000 0.26287200000000000 0.020305
56.2244900000000000 0.29397700000000000 0.021647
56.3265310000000000 0.24456500000000000 0.019413
56.4285710000000000 0.27323500000000000 0.020530
56.5306120000000000 0.30487100000000000 0.022313
56.6326530000000000 0.29738900000000000 0.021745
56.7346940000000000 0.29113000000000000 0.021858
56.8367350000000000 0.25202500000000000 0.019429
56.9387760000000000 0.28563600000000000 0.021991
57.0408160000000000 0.25515600000000000 0.019617
57.1428570000000000 0.30621000000000000 0.022277
57.2448980000000000 0.28669200000000000 0.021199
57.3469390000000000 0.25908400000000000 0.020101
57.4489800000000000 0.28001600000000000 0.021016
57.5510200000000000 0.28397100000000000 0.021194
57.6530610000000000 0.29181000000000000 0.021471
57.7551020000000000 0.24994800000000000 0.020046
57.8571430000000000 0.25445400000000000 0.019747
57.9591840000000000 0.26048300000000000 0.020220
58.0612240000000000 0.26379700000000000 0.020622
58.1632650000000000 0.22280500000000000 0.018585
58.2653060000000000 0.26883600000000000 0.020614
58.3673470000000000 0.27662100000000000 0.021596
58.4693880000000000 0.27487600000000000 0.021162
58.5714290000000000 0.29190800000000000 0.021884
58.6734690000000000 0.28668500000000000 0.021127
58.7755100000000000 0.22459400000000000 0.018928
58.8775510000000000 0.10990800000000000 0.012533
58.9795920000000000 0.07786100000000000 0.010087
59.0816330000000000 0.09056700000000000 0.011176
59.1836730000000000 0.11037300000000000 0.012864
59.2857140000000000 0.15853300000000000 0.015069
59.3877550000000000 0.24031600000000000 0.019671
59.4897960000000000 0.25138100000000000 0.020344
59.5918370000000000 0.28844800000000000 0.021674
59.6938780000000000 0.31106700000000000 0.023079
59.7959180000000000 0.26833600000000000 0.020610
59.8979590000000000 0.25849200000000000 0.020012
60.0000000000000000 0.27493000000000000 0.021410
