55.0000000000000000 0.28111500000000000 0.020996
55.1020410000000000 0.31645700000000000 0.022371
55.2040820000000000 0.28375700000000000 0.020752
55.3061220000000000 0.27168600000000000 0.020699
55.4081630000000000 0.29586100000000000 0.021800
55.5102040000000000 0.27275900000000000 0.020528
55.6122450000000000 0.28536800000000000 0.020451
55.7142860000000000 0.23760300000000000 0.018851
55.8163270000000000 0.20231200000000000 0.017160
55.9183670000000000 0.20975300000000000 0.017209
56.0204080000000000 0.23834900000000000 0.018722
56.1224490000000000 0.25425700000000000 0.019886
56.2244900000000000 0.23350700000000000 0.018735
56.3265310000000000 0.22302800000000000 0.018346
56.4285710000000000 0.17382100000000000 0.015607
56.5306120000000000 0.13472300000000000 0.013706
56.6326530000000000 0.10447400000000000 0.011825
56.7346940000000000 0.02317700000000000 0.006203
56.8367350000000000 0.00114500000000000 0.003445
56.9387760000000000 0.00240400000000000 0.003965
57.0408160000000000 -0.0030140000000000 0.002761
57.1428570000000000 0.00437800000000000 0.004003
57.2448980000000000 -0.0009400000000000 0.003155
57.3469390000000000 -0.0009620000000000 0.003229
57.4489800000000000 -0.0020170000000000 0.003016
57.5510200000000000 0.00968000000000000 0.004661
57.6530610000000000 0.00537600000000000 0.004093
57.7551020000000000 0.01692200000000000 0.005658
57.8571430000000000 0.02872500000000000 0.006567
57.9591840000000000 0.06277500000000000 0.009295
58.0612240000000000 0.07434600000000000 0.010220
58.1632650000000000 0.11090600000000000 0.012521
58.2653060000000000 0.10803400000000000 0.012182
58.3673470000000000 0.13779700000000000 0.014328
58.4693880000000000 0.14303600000000000 0.014372
58.5714290000000000 0.14601100000000000 0.014465
58.6734690000000000 0.15121300000000000 0.014381
58.7755100000000000 0.14825000000000000 0.014869
58.8775510000000000 0.08414100000000000 0.010929
58.9795920000000000 0.06853000000000000 0.009475
59.0816330000000000 0.05351400000000000 0.008676
59.1836730000000000 0.08574300000000000 0.011307
59.2857140000000000 0.13357600000000000 0.013694
59.3877550000000000 0.16553800000000000 0.015778
59.4897960000000000 0.21007700000000000 0.018243
59.5918370000000000 0.19233700000000000 0.016906
59.6938780000000000 0.21868300000000000 0.018524
59.7959180000000000 0.22723700000000000 0.018594
59.8979590000000000 0.18161800000000000 0.016168
60.0000000000000000 0.25903200000000000 0.020626
