55.0000000000000000 0.25470400000000000 0.019730
55.1020410000000000 0.26202100000000000 0.019822
55.2040820000000000 0.26749000000000000 0.019987
55.3061220000000000 0.25451200000000000 0.019869
55.4081630000000000 0.25955900000000000 0.020064
55.5102040000000000 0.27380800000000000 0.020578
55.6122450000000000 0.21991300000000000 0.017371
55.7142860000000000 0.21343400000000000 0.017658
55.8163270000000000 0.22560200000000000 0.018326
55.9183670000000000 0.24537300000000000 0.018944
56.0204080000000000 0.26310100000000000 0.019912
56.1224490000000000 0.27687200000000000 0.020980
56.2244900000000000 0.27488100000000000 0.020740
56.3265310000000000 0.25748800000000000 0.020044
56.4285710000000000 0.25753800000000000 0.019780
56.5306120000000000 0.25102700000000000 0.019729
56.6326530000000000 0.24151700000000000 0.019071
56.7346940000000000 0.26038100000000000 0.020370
56.8367350000000000 0.26861200000000000 0.020222
56.9387760000000000 0.27764200000000000 0.021600
57.0408160000000000 0.27597700000000000 0.020611
57.1428570000000000 0.24435100000000000 0.019314
57.2448980000000000 0.24050300000000000 0.018984
57.3469390000000000 0.26123300000000000 0.020205
57.4489800000000000 0.31726600000000000 0.022774
57.5510200000000000 0.27971800000000000 0.020991
57.6530610000000000 0.26864300000000000 0.020371
57.7551020000000000 0.29139900000000000 0.022074
57.8571430000000000 0.26187300000000000 0.020106
57.9591840000000000 0.26156400000000000 0.020272
58.0612240000000000 0.23831500000000000 0.019363
58.1632650000000000 0.28152300000000000 0.021484
58.2653060000000000 0.25372700000000000 0.019881
58.3673470000000000 0.27432700000000000 0.021483
58.4693880000000000 0.28041600000000000 0.021430
58.5714290000000000 0.27106500000000000 0.020880
58.6734690000000000 0.28251700000000000 0.020930
58.7755100000000000 0.22915200000000000 0.019159
58.8775510000000000 0.16928500000000000 0.015893
58.9795920000000000 0.06542000000000000 0.009266
59.0816330000000000 0.05569400000000000 0.008835
59.1836730000000000 0.11271900000000000 0.013007
59.2857140000000000 0.17263900000000000 0.015823
59.3877550000000000 0.23691700000000000 0.019500
59.4897960000000000 0.24564400000000000 0.020057
59.5918370000000000 0.28080300000000000 0.021307
59.6938780000000000 0.30205400000000000 0.022646
59.7959180000000000 0.25427600000000000 0.019928
59.8979590000000000 0.25101800000000000 0.019649
60.0000000000000000 0.29650600000000000 0.022461
