55.0000000000000000 0.32759600000000000 0.023177
55.1020410000000000 0.30926800000000000 0.022039
55.2040820000000000 0.29494000000000000 0.021273
55.3061220000000000 0.29959500000000000 0.022031
55.4081630000000000 0.30119900000000000 0.022052
55.5102040000000000 0.30526700000000000 0.022061
55.6122450000000000 0.26778300000000000 0.019637
55.7142860000000000 0.22709500000000000 0.018335
55.8163270000000000 0.22348400000000000 0.018221
55.9183670000000000 0.22298300000000000 0.017860
56.0204080000000000 0.21256500000000000 0.017458
56.1224490000000000 0.19718200000000000 0.017040
56.2244900000000000 0.20061900000000000 0.017092
56.3265310000000000 0.19610600000000000 0.016984
56.4285710000000000 0.15079900000000000 0.014388
56.5306120000000000 0.14656900000000000 0.014363
56.6326530000000000 0.12766600000000000 0.013166
56.7346940000000000 0.08138000000000000 0.010634
56.8367350000000000 0.05194300000000000 0.008320
56.9387760000000000 0.02752900000000000 0.006773
57.0408160000000000 0.00323200000000000 0.003763
57.1428570000000000 -0.0009550000000000 0.003205
57.2448980000000000 0.00011000000000000 0.003326
57.3469390000000000 -0.0009620000000000 0.003229
57.4489800000000000 0.00330400000000000 0.003847
57.5510200000000000 0.00011200000000000 0.003368
57.6530610000000000 -0.0019960000000000 0.002984
57.7551020000000000 -0.0021230000000000 0.003175
57.8571430000000000 -0.0030680000000000 0.002811
57.9591840000000000 -0.0074490000000000 0.001896
58.0612240000000000 -0.0032070000000000 0.002939
58.1632650000000000 0.00233200000000000 0.003846
58.2653060000000000 -0.0020450000000000 0.003058
58.3673470000000000 0.00126800000000000 0.003813
58.4693880000000000 -0.0009920000000000 0.003330
58.5714290000000000 0.00340600000000000 0.003965
58.6734690000000000 0.00532000000000000 0.004050
58.7755100000000000 0.00923500000000000 0.004860
58.8775510000000000 0.02140400000000000 0.006112
58.9795920000000000 0.00529200000000000 0.004029
59.0816330000000000 0.00883300000000000 0.004648
59.1836730000000000 0.00950600000000000 0.005003
59.2857140000000000 0.03375100000000000 0.007101
59.3877550000000000 0.05450300000000000 0.008943
59.4897960000000000 0.05519100000000000 0.009059
59.5918370000000000 0.06564500000000000 0.009551
59.6938780000000000 0.08010900000000000 0.010698
59.7959180000000000 0.08339200000000000 0.010677
59.8979590000000000 0.10047400000000000 0.011663
60.0000000000000000 0.12389700000000000 0.013453
