55.0000000000000000 0.29062200000000000 0.021447
55.1020410000000000 0.26921000000000000 0.020164
55.2040820000000000 0.29900700000000000 0.021462
55.3061220000000000 0.28027400000000000 0.021111
55.4081630000000000 0.27877800000000000 0.020988
55.5102040000000000 0.23500800000000000 0.018706
55.6122450000000000 0.24433700000000000 0.018538
55.7142860000000000 0.24706100000000000 0.019312
55.8163270000000000 0.18960800000000000 0.016513
55.9183670000000000 0.23316000000000000 0.018355
56.0204080000000000 0.23525500000000000 0.018572
56.1224490000000000 0.28010200000000000 0.021135
56.2244900000000000 0.28655100000000000 0.021295
56.3265310000000000 0.26502600000000000 0.020409
56.4285710000000000 0.24707300000000000 0.019275
56.5306120000000000 0.26394900000000000 0.020357
56.6326530000000000 0.28790100000000000 0.021297
56.7346940000000000 0.25379200000000000 0.020047
56.8367350000000000 0.25513500000000000 0.019578
56.9387760000000000 0.27535800000000000 0.021488
57.0408160000000000 0.26140200000000000 0.019917
57.1428570000000000 0.29021200000000000 0.021522
57.2448980000000000 0.26674700000000000 0.020251
57.3469390000000000 0.24618900000000000 0.019472
57.4489800000000000 0.28001600000000000 0.021016
57.5510200000000000 0.23294000000000000 0.018725
57.6530610000000000 0.21388300000000000 0.017698
57.7551020000000000 0.31604600000000000 0.023257
57.8571430000000000 0.25445400000000000 0.019747
57.9591840000000000 0.26912600000000000 0.020638
58.0612240000000000 0.28263100000000000 0.021538
58.1632650000000000 0.24496300000000000 0.019694
58.2653060000000000 0.29797400000000000 0.022008
58.3673470000000000 0.27547400000000000 0.021540
58.4693880000000000 0.27266000000000000 0.021054
58.5714290000000000 0.25022300000000000 0.019861
58.6734690000000000 0.25021200000000000 0.019389
58.7755100000000000 0.20066500000000000 0.017694
58.8775510000000000 0.13567600000000000 0.014037
58.9795920000000000 0.06853000000000000 0.009475
59.0816330000000000 0.07531000000000000 0.010193
59.1836730000000000 0.09981700000000000 0.012210
59.2857140000000000 0.18240400000000000 0.016336
59.3877550000000000 0.21878900000000000 0.018580
59.4897960000000000 0.24564400000000000 0.020057
59.5918370000000000 0.27097300000000000 0.020832
59.6938780000000000 0.28402800000000000 0.021774
59.7959180000000000 0.26184600000000000 0.020296
59.8979590000000000 0.24567900000000000 0.019389
60.0000000000000000 0.23064200000000000 0.019204
