55.0000000000000000 0.28956600000000000 0.021397
55.1020410000000000 0.28153600000000000 0.020745
55.2040820000000000 0.26647300000000000 0.019939
55.3061220000000000 0.27490700000000000 0.020854
55.4081630000000000 0.27557500000000000 0.020834
55.5102040000000000 0.26856500000000000 0.020328
55.6122450000000000 0.24433700000000000 0.018538
55.7142860000000000 0.23445100000000000 0.018697
55.8163270000000000 0.20866300000000000 0.017481
55.9183670000000000 0.22807200000000000 0.018108
56.0204080000000000 0.27032100000000000 0.020255
56.1224490000000000 0.29625600000000000 0.021905
56.2244900000000000 0.28761200000000000 0.021346
56.3265310000000000 0.28871700000000000 0.021546
56.4285710000000000 0.29730300000000000 0.021667
56.5306120000000000 0.24241100000000000 0.019307
56.6326530000000000 0.27735900000000000 0.020797
56.7346940000000000 0.25049800000000000 0.019885
56.8367350000000000 0.28312600000000000 0.020909
56.9387760000000000 0.30619300000000000 0.022989
57.0408160000000000 0.24995100000000000 0.019367
57.1428570000000000 0.28488000000000000 0.021268
57.2448980000000000 0.28144300000000000 0.020950
57.3469390000000000 0.25263600000000000 0.019787
57.4489800000000000 0.25234500000000000 0.019684
57.5510200000000000 0.25420300000000000 0.019765
57.6530610000000000 0.28549200000000000 0.021173
57.7551020000000000 0.28355700000000000 0.021694
57.8571430000000000 0.27670900000000000 0.020817
57.9591840000000000 0.23455400000000000 0.018948
58.0612240000000000 0.25050200000000000 0.019968
58.1632650000000000 0.25715000000000000 0.020296
58.2653060000000000 0.27099400000000000 0.020718
58.3673470000000000 0.28809400000000000 0.022158
58.4693880000000000 0.28484700000000000 0.021645
58.5714290000000000 0.27984100000000000 0.021304
58.6734690000000000 0.27626400000000000 0.020634
58.7755100000000000 0.21433900000000000 0.018402
58.8775510000000000 0.12335200000000000 0.013328
58.9795920000000000 0.09548400000000000 0.011186
59.0816330000000000 0.08402800000000000 0.010761
59.1836730000000000 0.10568200000000000 0.012576
59.2857140000000000 0.19217000000000000 0.016844
59.3877550000000000 0.26297700000000000 0.020799
59.4897960000000000 0.23417100000000000 0.019477
59.5918370000000000 0.27315800000000000 0.020938
59.6938780000000000 0.25698900000000000 0.020448
59.7959180000000000 0.28023300000000000 0.021183
59.8979590000000000 0.26489800000000000 0.020322
60.0000000000000000 0.25448900000000000 0.020400
