55.0000000000000000 0.27160700000000000 0.020543
55.1020410000000000 0.28461700000000000 0.020890
55.2040820000000000 0.27765700000000000 0.020466
55.3061220000000000 0.23411700000000000 0.018869
55.4081630000000000 0.26489800000000000 0.020322
55.5102040000000000 0.26646700000000000 0.020227
55.6122450000000000 0.22772900000000000 0.017747
55.7142860000000000 0.20397600000000000 0.017184
55.8163270000000000 0.25736100000000000 0.019878
55.9183670000000000 0.23316000000000000 0.018355
56.0204080000000000 0.25175700000000000 0.019369
56.1224490000000000 0.28764100000000000 0.021495
56.2244900000000000 0.26745500000000000 0.020384
56.3265310000000000 0.26179500000000000 0.020253
56.4285710000000000 0.25335200000000000 0.019578
56.5306120000000000 0.27579500000000000 0.020928
56.6326530000000000 0.23835500000000000 0.018916
56.7346940000000000 0.26587200000000000 0.020638
56.8367350000000000 0.23958500000000000 0.018828
56.9387760000000000 0.23766900000000000 0.019612
57.0408160000000000 0.27389500000000000 0.020512
57.1428570000000000 0.24328400000000000 0.019262
57.2448980000000000 0.29614000000000000 0.021644
57.3469390000000000 0.28057500000000000 0.021136
57.4489800000000000 0.26937300000000000 0.020506
57.5510200000000000 0.26908700000000000 0.020483
57.6530610000000000 0.29286300000000000 0.021521
57.7551020000000000 0.28019600000000000 0.021531
57.8571430000000000 0.27988900000000000 0.020968
57.9591840000000000 0.26804600000000000 0.020586
58.0612240000000000 0.28706300000000000 0.021752
58.1632650000000000 0.28373900000000000 0.021591
58.2653060000000000 0.28394500000000000 0.021340
58.3673470000000000 0.25711700000000000 0.020631
58.4693880000000000 0.27598400000000000 0.021216
58.5714290000000000 0.26558000000000000 0.020613
58.6734690000000000 0.22624400000000000 0.018221
58.7755100000000000 0.23370900000000000 0.019390
58.8775510000000000 0.13903700000000000 0.014227
58.9795920000000000 0.10377800000000000 0.011682
59.0816330000000000 0.07095100000000000 0.009902
59.1836730000000000 0.09043400000000000 0.011612
59.2857140000000000 0.18240400000000000 0.016336
59.3877550000000000 0.22332100000000000 0.018811
59.4897960000000000 0.24334900000000000 0.019941
59.5918370000000000 0.22947100000000000 0.018793
59.6938780000000000 0.24910200000000000 0.020057
59.7959180000000000 0.24237900000000000 0.019344
59.8979590000000000 0.23713800000000000 0.018970
60.0000000000000000 0.26470900000000000 0.020907
