55.0000000000000000 0.32125800000000000 0.022883
55.1020410000000000 0.34008100000000000 0.023455
55.2040820000000000 0.28985700000000000 0.021037
55.3061220000000000 0.31462300000000000 0.022739
55.4081630000000000 0.28625100000000000 0.021344
55.5102040000000000 0.26332100000000000 0.020077
55.6122450000000000 0.24629100000000000 0.018630
55.7142860000000000 0.16929800000000000 0.015402
55.8163270000000000 0.16420100000000000 0.015188
55.9183670000000000 0.14156700000000000 0.013696
56.0204080000000000 0.14346500000000000 0.013890
56.1224490000000000 0.10241700000000000 0.011833
56.2244900000000000 0.06376500000000000 0.009270
56.3265310000000000 0.04103500000000000 0.007666
56.4285710000000000 0.01790000000000000 0.005498
56.5306120000000000 -0.0009640000000000 0.003236
56.6326530000000000 -0.0019980000000000 0.002988
56.7346940000000000 0.00011500000000000 0.003479
56.8367350000000000 -0.0030010000000000 0.002750
56.9387760000000000 0.00126200000000000 0.003795
57.0408160000000000 -0.0019730000000000 0.002950
57.1428570000000000 0.00224500000000000 0.003703
57.2448980000000000 0.00535900000000000 0.004080
57.3469390000000000 -0.0020360000000000 0.003045
57.4489800000000000 -0.0030810000000000 0.002823
57.5510200000000000 0.00117500000000000 0.003533
57.6530610000000000 -0.0030490000000000 0.002793
57.7551020000000000 -0.0021230000000000 0.003175
57.8571430000000000 -0.0020080000000000 0.003003
57.9591840000000000 -0.0042080000000000 0.002655
58.0612240000000000 -0.0009920000000000 0.003330
58.1632650000000000 0.00122400000000000 0.003682
58.2653060000000000 -0.0042040000000000 0.002652
58.3673470000000000 0.00012000000000000 0.003635
58.4693880000000000 0.00344000000000000 0.004005
58.5714290000000000 0.00340600000000000 0.003965
58.6734690000000000 0.00323600000000000 0.003767
58.7755100000000000 0.00239800000000000 0.003956
58.8775510000000000 -0.0021230000000000 0.003175
58.9795920000000000 0.00321900000000000 0.003747
59.0816330000000000 0.00229400000000000 0.003784
59.1836730000000000 0.01067900000000000 0.005143
59.2857140000000000 0.00662400000000000 0.004358
59.3877550000000000 0.02051300000000000 0.006070
59.4897960000000000 0.03798100000000000 0.007707
59.5918370000000000 0.04380100000000000 0.007949
59.6938780000000000 0.04180300000000000 0.007935
59.7959180000000000 0.04229400000000000 0.007785
59.8979590000000000 0.05669900000000000 0.008806
60.0000000000000000 0.05349100000000000 0.008879
