55.0000000000000000 0.27160700000000000 0.020543
55.1020410000000000 0.22093600000000000 0.017837
55.2040820000000000 0.20954000000000000 0.017190
55.3061220000000000 0.20620800000000000 0.017473
55.4081630000000000 0.18482100000000000 0.016334
55.5102040000000000 0.16160200000000000 0.014980
55.6122450000000000 0.13394300000000000 0.013012
55.7142860000000000 0.13462000000000000 0.013533
55.8163270000000000 0.11444400000000000 0.012437
55.9183670000000000 0.08050500000000000 0.010156
56.0204080000000000 0.08777300000000000 0.010684
56.1224490000000000 0.05072600000000000 0.008411
56.2244900000000000 0.04360800000000000 0.007800
56.3265310000000000 0.02380400000000000 0.006183
56.4285710000000000 0.01894600000000000 0.005603
56.5306120000000000 0.01411200000000000 0.005208
56.6326530000000000 0.00959800000000000 0.004621
56.7346940000000000 0.00231200000000000 0.003813
56.8367350000000000 0.00840200000000000 0.004421
56.9387760000000000 -0.0033060000000000 0.003029
57.0408160000000000 -0.0030140000000000 0.002761
57.1428570000000000 0.00011200000000000 0.003379
57.2448980000000000 0.00430900000000000 0.003940
57.3469390000000000 -0.0041860000000000 0.002641
57.4489800000000000 -0.0030810000000000 0.002823
57.5510200000000000 -0.0030780000000000 0.002820
57.6530610000000000 0.00432300000000000 0.003952
57.7551020000000000 -0.0054840000000000 0.002518
57.8571430000000000 0.00223100000000000 0.003679
57.9591840000000000 0.00443500000000000 0.004055
58.0612240000000000 0.00122400000000000 0.003682
58.1632650000000000 0.00344000000000000 0.004005
58.2653060000000000 0.00011300000000000 0.003419
58.3673470000000000 -0.0010270000000000 0.003448
58.4693880000000000 -0.0032070000000000 0.002939
58.5714290000000000 0.00560000000000000 0.004263
58.6734690000000000 0.00844600000000000 0.004444
58.7755100000000000 -0.0010200000000000 0.003424
58.8775510000000000 0.00123800000000000 0.003723
58.9795920000000000 0.00114500000000000 0.003445
59.0816330000000000 0.00120400000000000 0.003621
59.1836730000000000 0.00246900000000000 0.004072
59.2857140000000000 -0.0009710000000000 0.003261
59.3877550000000000 -0.0010140000000000 0.003405
59.4897960000000000 0.00126800000000000 0.003813
59.5918370000000000 0.00885200000000000 0.004658
59.6938780000000000 -0.0032620000000000 0.002988
59.7959180000000000 0.00876600000000000 0.004612
59.8979590000000000 0.00224700000000000 0.003707
60.0000000000000000 0.00011900000000000 0.003597
