55.0000000000000000 0.30752500000000000 0.022242
55.1020410000000000 0.30002400000000000 0.021610
55.2040820000000000 0.30104000000000000 0.021556
55.3061220000000000 0.29422800000000000 0.021776
55.4081630000000000 0.27557500000000000 0.020834
55.5102040000000000 0.27275900000000000 0.020528
55.6122450000000000 0.23554400000000000 0.018120
55.7142860000000000 0.23234900000000000 0.018594
55.8163270000000000 0.20125300000000000 0.017107
55.9183670000000000 0.21687700000000000 0.017560
56.0204080000000000 0.19503300000000000 0.016581
56.1224490000000000 0.18856700000000000 0.016596
56.2244900000000000 0.15075700000000000 0.014484
56.3265310000000000 0.12180100000000000 0.012973
56.4285710000000000 0.08905900000000000 0.010846
56.5306120000000000 0.04641900000000000 0.008086
56.6326530000000000 0.01486900000000000 0.005211
56.7346940000000000 0.00231200000000000 0.003813
56.8367350000000000 0.00114500000000000 0.003445
56.9387760000000000 0.00468800000000000 0.004286
57.0408160000000000 0.00323200000000000 0.003763
57.1428570000000000 0.00117800000000000 0.003544
57.2448980000000000 -0.0061880000000000 0.002116
57.3469390000000000 -0.0009620000000000 0.003229
57.4489800000000000 -0.0020170000000000 0.003016
57.5510200000000000 -0.0020150000000000 0.003013
57.6530610000000000 0.00116400000000000 0.003499
57.7551020000000000 -0.0021230000000000 0.003175
57.8571430000000000 -0.0020080000000000 0.003003
57.9591840000000000 0.00659600000000000 0.004339
58.0612240000000000 -0.0021000000000000 0.003140
58.1632650000000000 0.01451900000000000 0.005359
58.2653060000000000 0.01090500000000000 0.004857
58.3673470000000000 0.02306600000000000 0.006372
58.4693880000000000 0.03335300000000000 0.007158
58.5714290000000000 0.04509100000000000 0.008070
58.6734690000000000 0.04283500000000000 0.007660
58.7755100000000000 0.06051100000000000 0.009412
58.8775510000000000 0.04829100000000000 0.008418
58.9795920000000000 0.03639300000000000 0.007125
59.0816330000000000 0.02518000000000000 0.006360
59.1836730000000000 0.03296400000000000 0.007379
59.2857140000000000 0.07389800000000000 0.010075
59.3877550000000000 0.08622700000000000 0.011130
59.4897960000000000 0.10452500000000000 0.012361
59.5918370000000000 0.10168700000000000 0.011875
59.6938780000000000 0.11390700000000000 0.012810
59.7959180000000000 0.06933200000000000 0.009751
59.8979590000000000 0.01399200000000000 0.005164
60.0000000000000000 -0.0021520000000000 0.003218
