55.0000000000000000 0.15223300000000000 0.014533
55.1020410000000000 0.12746900000000000 0.012983
55.2040820000000000 0.10889000000000000 0.011863
55.3061220000000000 0.07310500000000000 0.009964
55.4081630000000000 0.03854900000000000 0.007428
55.5102040000000000 0.01269400000000000 0.004956
55.6122450000000000 0.00107900000000000 0.003246
55.7142860000000000 0.00011000000000000 0.003329
55.8163270000000000 0.00011100000000000 0.003354
55.9183670000000000 0.00316000000000000 0.003679
56.0204080000000000 0.00010800000000000 0.003267
56.1224490000000000 -0.0031180000000000 0.002856
56.2244900000000000 0.00753800000000000 0.004394
56.3265310000000000 -0.0031180000000000 0.002856
56.4285710000000000 -0.0019830000000000 0.002966
56.5306120000000000 -0.0009640000000000 0.003236
56.6326530000000000 0.00432700000000000 0.003956
56.7346940000000000 0.00231200000000000 0.003813
56.8367350000000000 -0.0019650000000000 0.002938
56.9387760000000000 -0.0067330000000000 0.002303
57.0408160000000000 -0.0019730000000000 0.002950
57.1428570000000000 0.00437800000000000 0.004003
57.2448980000000000 0.00430900000000000 0.003940
57.3469390000000000 -0.0009620000000000 0.003229
57.4489800000000000 0.01501200000000000 0.005261
57.5510200000000000 0.01818500000000000 0.005586
57.6530610000000000 0.01485300000000000 0.005206
57.7551020000000000 0.03260700000000000 0.007142
57.8571430000000000 0.03826300000000000 0.007372
57.9591840000000000 0.04224800000000000 0.007777
58.0612240000000000 0.06659000000000000 0.009692
58.1632650000000000 0.05551100000000000 0.008904
58.2653060000000000 0.05947000000000000 0.009057
58.3673470000000000 0.08502100000000000 0.011127
58.4693880000000000 0.08431700000000000 0.010875
58.5714290000000000 0.08677500000000000 0.010975
58.6734690000000000 0.09702400000000000 0.011309
58.7755100000000000 0.07418500000000000 0.010367
58.8775510000000000 0.05949400000000000 0.009250
58.9795920000000000 0.03743000000000000 0.007209
59.0816330000000000 0.02518000000000000 0.006360
59.1836730000000000 0.05642100000000000 0.009265
59.2857140000000000 0.08908900000000000 0.011058
59.3877550000000000 0.12475000000000000 0.013487
59.4897960000000000 0.13435500000000000 0.014131
59.5918370000000000 0.13663600000000000 0.013912
59.6938780000000000 0.16798500000000000 0.015867
59.7959180000000000 0.16126300000000000 0.015192
59.8979590000000000 0.13250500000000000 0.013523
60.0000000000000000 0.16250700000000000 0.015631
