55.0000000000000000 0.33393500000000000 0.023471
55.1020410000000000 0.33083700000000000 0.023032
55.2040820000000000 0.26342300000000000 0.019795
55.3061220000000000 0.29208100000000000 0.021674
55.4081630000000000 0.27664200000000000 0.020886
55.5102040000000000 0.28219700000000000 0.020976
55.6122450000000000 0.25801400000000000 0.019181
55.7142860000000000 0.19556900000000000 0.016758
55.8163270000000000 0.19278400000000000 0.016676
55.9183670000000000 0.18329300000000000 0.015882
56.0204080000000000 0.23216100000000000 0.018421
56.1224490000000000 0.20687400000000000 0.017534
56.2244900000000000 0.17409700000000000 0.015726
56.3265310000000000 0.13364600000000000 0.013646
56.4285710000000000 0.10894100000000000 0.012044
56.5306120000000000 0.08518700000000000 0.010767
56.6326530000000000 0.05281900000000000 0.008463
56.7346940000000000 0.02317700000000000 0.006203
56.8367350000000000 -0.0009280000000000 0.003116
56.9387760000000000 0.00012000000000000 0.003618
57.0408160000000000 -0.0009320000000000 0.003129
57.1428570000000000 0.00117800000000000 0.003544
57.2448980000000000 0.00011000000000000 0.003326
57.3469390000000000 -0.0031110000000000 0.002850
57.4489800000000000 -0.0052100000000000 0.002392
57.5510200000000000 -0.0020150000000000 0.003013
57.6530610000000000 -0.0030490000000000 0.002793
57.7551020000000000 0.00235800000000000 0.003890
57.8571430000000000 0.00223100000000000 0.003679
57.9591840000000000 0.00551500000000000 0.004199
58.0612240000000000 0.00344000000000000 0.004005
58.1632650000000000 0.00454800000000000 0.004158
58.2653060000000000 0.01198400000000000 0.004981
58.3673470000000000 0.03339200000000000 0.007317
58.4693880000000000 0.03113700000000000 0.006966
58.5714290000000000 0.03631500000000000 0.007364
58.6734690000000000 0.05013000000000000 0.008211
58.7755100000000000 0.05025600000000000 0.008652
58.8775510000000000 0.04941100000000000 0.008504
58.9795920000000000 0.02809900000000000 0.006422
59.0816330000000000 0.02626900000000000 0.006460
59.1836730000000000 0.05407500000000000 0.009089
59.2857140000000000 0.08366400000000000 0.010713
59.3877550000000000 0.10322300000000000 0.012200
59.4897960000000000 0.13206100000000000 0.013999
59.5918370000000000 0.11042400000000000 0.012400
59.6938780000000000 0.13306000000000000 0.013927
59.7959180000000000 0.14179500000000000 0.014131
59.8979590000000000 0.15065500000000000 0.014524
60.0000000000000000 0.12503300000000000 0.013519
