55.0000000000000000 0.27160700000000000 0.020543
55.1020410000000000 0.27434600000000000 0.020406
55.2040820000000000 0.27664000000000000 0.020418
55.3061220000000000 0.26739300000000000 0.020493
55.4081630000000000 0.26489800000000000 0.020322
55.5102040000000000 0.26856500000000000 0.020328
55.6122450000000000 0.26094500000000000 0.019318
55.7142860000000000 0.23550200000000000 0.018748
55.8163270000000000 0.21713300000000000 0.017905
55.9183670000000000 0.26979800000000000 0.020106
56.0204080000000000 0.22494200000000000 0.018068
56.1224490000000000 0.28979400000000000 0.021598
56.2244900000000000 0.26321200000000000 0.020180
56.3265310000000000 0.26071800000000000 0.020201
56.4285710000000000 0.27637400000000000 0.020680
56.5306120000000000 0.28117900000000000 0.021186
56.6326530000000000 0.24889700000000000 0.019430
56.7346940000000000 0.28563900000000000 0.021594
56.8367350000000000 0.26239200000000000 0.019926
56.9387760000000000 0.27535800000000000 0.021488
57.0408160000000000 0.30200200000000000 0.021835
57.1428570000000000 0.28488000000000000 0.021268
57.2448980000000000 0.26674700000000000 0.020251
57.3469390000000000 0.26768000000000000 0.020517
57.4489800000000000 0.29385200000000000 0.021673
57.5510200000000000 0.27015000000000000 0.020534
57.6530610000000000 0.26021800000000000 0.019967
57.7551020000000000 0.26563200000000000 0.020820
57.8571430000000000 0.29578500000000000 0.021722
57.9591840000000000 0.26372400000000000 0.020377
58.0612240000000000 0.25936500000000000 0.020404
58.1632650000000000 0.28373900000000000 0.021591
58.2653060000000000 0.26559800000000000 0.020457
58.3673470000000000 0.26973700000000000 0.021257
58.4693880000000000 0.26268900000000000 0.020567
58.5714290000000000 0.28313200000000000 0.021463
58.6734690000000000 0.24500100000000000 0.019137
58.7755100000000000 0.23029100000000000 0.019217
58.8775510000000000 0.14575800000000000 0.014604
58.9795920000000000 0.07682400000000000 0.010020
59.0816330000000000 0.09601600000000000 0.011515
59.1836730000000000 0.11389200000000000 0.013078
59.2857140000000000 0.18457400000000000 0.016449
59.3877550000000000 0.21425700000000000 0.018348
59.4897960000000000 0.25023300000000000 0.020287
59.5918370000000000 0.28407900000000000 0.021465
59.6938780000000000 0.29416700000000000 0.022266
59.7959180000000000 0.27590600000000000 0.020975
59.8979590000000000 0.24567900000000000 0.019389
60.0000000000000000 0.25562500000000000 0.020457
