55.0000000000000000 0.29907300000000000 0.021845
55.1020410000000000 0.25174900000000000 0.019332
55.2040820000000000 0.26952300000000000 0.020083
55.3061220000000000 0.29637500000000000 0.021878
55.4081630000000000 0.27664200000000000 0.020886
55.5102040000000000 0.24234800000000000 0.019064
55.6122450000000000 0.26680700000000000 0.019592
55.7142860000000000 0.20817900000000000 0.017395
55.8163270000000000 0.20654600000000000 0.017374
55.9183670000000000 0.21178900000000000 0.017310
56.0204080000000000 0.25897600000000000 0.019715
56.1224490000000000 0.25533400000000000 0.019939
56.2244900000000000 0.32049900000000000 0.022892
56.3265310000000000 0.27794900000000000 0.021032
56.4285710000000000 0.26381700000000000 0.020081
56.5306120000000000 0.24025800000000000 0.019201
56.6326530000000000 0.27735900000000000 0.020797
56.7346940000000000 0.29881700000000000 0.022226
56.8367350000000000 0.29452900000000000 0.021445
56.9387760000000000 0.22853300000000000 0.019149
57.0408160000000000 0.30824800000000000 0.022127
57.1428570000000000 0.29341200000000000 0.021673
57.2448980000000000 0.27829400000000000 0.020801
57.3469390000000000 0.30314100000000000 0.022209
57.4489800000000000 0.26298800000000000 0.020199
57.5510200000000000 0.26802400000000000 0.020432
57.6530610000000000 0.25811200000000000 0.019865
57.7551020000000000 0.29700100000000000 0.022344
57.8571430000000000 0.27988900000000000 0.020968
57.9591840000000000 0.26048300000000000 0.020220
58.0612240000000000 0.27376800000000000 0.021108
58.1632650000000000 0.25161000000000000 0.020023
58.2653060000000000 0.26559800000000000 0.020457
58.3673470000000000 0.25023300000000000 0.020287
58.4693880000000000 0.28041600000000000 0.021430
58.5714290000000000 0.27545300000000000 0.021092
58.6734690000000000 0.21686500000000000 0.017758
58.7755100000000000 0.22345400000000000 0.018869
58.8775510000000000 0.14239700000000000 0.014416
58.9795920000000000 0.06334700000000000 0.009125
59.0816330000000000 0.08184900000000000 0.010621
59.1836730000000000 0.10216300000000000 0.012357
59.2857140000000000 0.19325500000000000 0.016900
59.3877550000000000 0.24938100000000000 0.020124
59.4897960000000000 0.28235800000000000 0.021878
59.5918370000000000 0.25568300000000000 0.020088
59.6938780000000000 0.29416700000000000 0.022266
59.7959180000000000 0.28131400000000000 0.021235
59.8979590000000000 0.26489800000000000 0.020322
60.0000000000000000 0.29877700000000000 0.022571
