55.0000000000000000 0.26421200000000000 0.020188
55.1020410000000000 0.24661400000000000 0.019085
55.2040820000000000 0.24410700000000000 0.018874
55.3061220000000000 0.28349400000000000 0.021265
55.4081630000000000 0.26916800000000000 0.020527
55.5102040000000000 0.27275900000000000 0.020528
55.6122450000000000 0.26876000000000000 0.019683
55.7142860000000000 0.21658600000000000 0.017815
55.8163270000000000 0.20654600000000000 0.017374
55.9183670000000000 0.23723100000000000 0.018552
56.0204080000000000 0.23319200000000000 0.018472
56.1224490000000000 0.24564200000000000 0.019465
56.2244900000000000 0.27063800000000000 0.020537
56.3265310000000000 0.25210300000000000 0.019781
56.4285710000000000 0.28160600000000000 0.020928
56.5306120000000000 0.28441000000000000 0.021341
56.6326530000000000 0.25416700000000000 0.019685
56.7346940000000000 0.26038100000000000 0.020370
56.8367350000000000 0.26031800000000000 0.019827
56.9387760000000000 0.27535800000000000 0.021488
57.0408160000000000 0.26868900000000000 0.020265
57.1428570000000000 0.25714900000000000 0.019937
57.2448980000000000 0.24470200000000000 0.019188
57.3469390000000000 0.26553100000000000 0.020413
57.4489800000000000 0.22467400000000000 0.018326
57.5510200000000000 0.26270800000000000 0.020176
57.6530610000000000 0.25600600000000000 0.019764
57.7551020000000000 0.29027900000000000 0.022020
57.8571430000000000 0.27035100000000000 0.020513
57.9591840000000000 0.28317100000000000 0.021314
58.0612240000000000 0.26601300000000000 0.020730
58.1632650000000000 0.27487600000000000 0.021162
58.2653060000000000 0.26667700000000000 0.020510
58.3673470000000000 0.29153600000000000 0.022326
58.4693880000000000 0.26379700000000000 0.020622
58.5714290000000000 0.27106500000000000 0.020880
58.6734690000000000 0.26688500000000000 0.020188
58.7755100000000000 0.21661700000000000 0.018519
58.8775510000000000 0.11439000000000000 0.012801
58.9795920000000000 0.09133800000000000 0.010933
59.0816330000000000 0.06659200000000000 0.009605
59.1836730000000000 0.09747200000000000 0.012062
59.2857140000000000 0.15636300000000000 0.014952
59.3877550000000000 0.23125200000000000 0.019214
59.4897960000000000 0.24334900000000000 0.019941
59.5918370000000000 0.27425000000000000 0.020991
59.6938780000000000 0.27388800000000000 0.021280
59.7959180000000000 0.27590600000000000 0.020975
59.8979590000000000 0.30226700000000000 0.022102
60.0000000000000000 0.26016700000000000 0.020682
