55.0000000000000000 0.27794500000000000 0.020845
55.1020410000000000 0.25277700000000000 0.019381
55.2040820000000000 0.27969000000000000 0.020561
55.3061220000000000 0.28134700000000000 0.021163
55.4081630000000000 0.29479300000000000 0.021749
55.5102040000000000 0.22976400000000000 0.018449
55.6122450000000000 0.26680700000000000 0.019592
55.7142860000000000 0.20712900000000000 0.017342
55.8163270000000000 0.20019400000000000 0.017053
55.9183670000000000 0.25453200000000000 0.019382
56.0204080000000000 0.27238400000000000 0.020352
56.1224490000000000 0.26179500000000000 0.020253
56.2244900000000000 0.24942000000000000 0.019513
56.3265310000000000 0.25533400000000000 0.019939
56.4285710000000000 0.28474600000000000 0.021076
56.5306120000000000 0.30594800000000000 0.022364
56.6326530000000000 0.27735900000000000 0.020797
56.7346940000000000 0.24281100000000000 0.019506
56.8367350000000000 0.31837300000000000 0.022554
56.9387760000000000 0.27421600000000000 0.021432
57.0408160000000000 0.30720700000000000 0.022078
57.1428570000000000 0.28807900000000000 0.021420
57.2448980000000000 0.26779700000000000 0.020301
57.3469390000000000 0.29776800000000000 0.021955
57.4489800000000000 0.27256600000000000 0.020660
57.5510200000000000 0.27227600000000000 0.020636
57.6530610000000000 0.27601400000000000 0.020723
57.7551020000000000 0.23202300000000000 0.019150
57.8571430000000000 0.26293300000000000 0.020157
57.9591840000000000 0.26804600000000000 0.020586
58.0612240000000000 0.24828600000000000 0.019858
58.1632650000000000 0.29149500000000000 0.021965
58.2653060000000000 0.27746900000000000 0.021030
58.3673470000000000 0.27776900000000000 0.021652
58.4693880000000000 0.26490500000000000 0.020676
58.5714290000000000 0.25461100000000000 0.020077
58.6734690000000000 0.25750600000000000 0.019740
58.7755100000000000 0.19154900000000000 0.017216
58.8775510000000000 0.16592400000000000 0.015712
58.9795920000000000 0.06956700000000000 0.009544
59.0816330000000000 0.07966900000000000 0.010479
59.1836730000000000 0.11154600000000000 0.012936
59.2857140000000000 0.19325500000000000 0.016900
59.3877550000000000 0.26750900000000000 0.021022
59.4897960000000000 0.26859000000000000 0.021200
59.5918370000000000 0.28189500000000000 0.021360
59.6938780000000000 0.27388800000000000 0.021280
59.7959180000000000 0.25103100000000000 0.019769
59.8979590000000000 0.27130400000000000 0.020630
60.0000000000000000 0.27720100000000000 0.021521
