55.0000000000000000 0.25364800000000000 0.019679
55.1020410000000000 0.26304800000000000 0.019871
55.2040820000000000 0.25834000000000000 0.019554
55.3061220000000000 0.26524600000000000 0.020389
55.4081630000000000 0.26062700000000000 0.020115
55.5102040000000000 0.28639200000000000 0.021174
55.6122450000000000 0.24238300000000000 0.018445
55.7142860000000000 0.21973900000000000 0.017972
55.8163270000000000 0.22983600000000000 0.018535
55.9183670000000000 0.25249700000000000 0.019285
56.0204080000000000 0.29301000000000000 0.021323
56.1224490000000000 0.24671900000000000 0.019518
56.2244900000000000 0.26321200000000000 0.020180
56.3265310000000000 0.29733200000000000 0.021956
56.4285710000000000 0.27114200000000000 0.020431
56.5306120000000000 0.27148700000000000 0.020721
56.6326530000000000 0.27735900000000000 0.020797
56.7346940000000000 0.32627100000000000 0.023527
56.8367350000000000 0.26446500000000000 0.020025
56.9387760000000000 0.25822700000000000 0.020641
57.0408160000000000 0.27181300000000000 0.020413
57.1428570000000000 0.27421400000000000 0.020759
57.2448980000000000 0.28144300000000000 0.020950
57.3469390000000000 0.27950000000000000 0.021085
57.4489800000000000 0.28640200000000000 0.021320
57.5510200000000000 0.24357100000000000 0.019247
57.6530610000000000 0.27917300000000000 0.020873
57.7551020000000000 0.25106800000000000 0.020101
57.8571430000000000 0.26929100000000000 0.020462
57.9591840000000000 0.27993000000000000 0.021158
58.0612240000000000 0.27930800000000000 0.021377
58.1632650000000000 0.22612800000000000 0.018753
58.2653060000000000 0.28070700000000000 0.021185
58.3673470000000000 0.26859000000000000 0.021200
58.4693880000000000 0.25715000000000000 0.020296
58.5714290000000000 0.26887100000000000 0.020773
58.6734690000000000 0.25333800000000000 0.019539
58.7755100000000000 0.21319900000000000 0.018344
58.8775510000000000 0.13903700000000000 0.014227
58.9795920000000000 0.08511800000000000 0.010547
59.0816330000000000 0.07966900000000000 0.010479
59.1836730000000000 0.13031200000000000 0.014055
59.2857140000000000 0.15527800000000000 0.014893
59.3877550000000000 0.24031600000000000 0.019671
59.4897960000000000 0.24908600000000000 0.020229
59.5918370000000000 0.28189500000000000 0.021360
59.6938780000000000 0.25022900000000000 0.020113
59.7959180000000000 0.25427600000000000 0.019928
59.8979590000000000 0.28091300000000000 0.021090
60.0000000000000000 0.26811600000000000 0.021075
