55.0000000000000000 0.26421200000000000 0.020188
55.1020410000000000 0.30721300000000000 0.021944
55.2040820000000000 0.27460700000000000 0.020323
55.3061220000000000 0.27812700000000000 0.021009
55.4081630000000000 0.27450700000000000 0.020783
55.5102040000000000 0.29792700000000000 0.021718
55.6122450000000000 0.23945200000000000 0.018306
55.7142860000000000 0.23445100000000000 0.018697
55.8163270000000000 0.20654600000000000 0.017374
55.9183670000000000 0.23316000000000000 0.018355
56.0204080000000000 0.24041200000000000 0.018822
56.1224490000000000 0.27579500000000000 0.020928
56.2244900000000000 0.29291600000000000 0.021597
56.3265310000000000 0.26394900000000000 0.020357
56.4285710000000000 0.27742100000000000 0.020729
56.5306120000000000 0.28656400000000000 0.021444
56.6326530000000000 0.24889700000000000 0.019430
56.7346940000000000 0.27355900000000000 0.021011
56.8367350000000000 0.28934600000000000 0.021202
56.9387760000000000 0.27650000000000000 0.021544
57.0408160000000000 0.24578700000000000 0.019165
57.1428570000000000 0.26674800000000000 0.020401
57.2448980000000000 0.27094600000000000 0.020451
57.3469390000000000 0.27735100000000000 0.020982
57.4489800000000000 0.26618000000000000 0.020353
57.5510200000000000 0.25845500000000000 0.019970
57.6530610000000000 0.27812000000000000 0.020823
57.7551020000000000 0.25667000000000000 0.020378
57.8571430000000000 0.27141100000000000 0.020564
57.9591840000000000 0.28101000000000000 0.021210
58.0612240000000000 0.28152300000000000 0.021484
58.1632650000000000 0.28706300000000000 0.021752
58.2653060000000000 0.24185600000000000 0.019299
58.3673470000000000 0.28465200000000000 0.021990
58.4693880000000000 0.26490500000000000 0.020676
58.5714290000000000 0.27106500000000000 0.020880
58.6734690000000000 0.27834800000000000 0.020733
58.7755100000000000 0.20978100000000000 0.018167
58.8775510000000000 0.14015700000000000 0.014290
58.9795920000000000 0.08926400000000000 0.010805
59.0816330000000000 0.08293800000000000 0.010691
59.1836730000000000 0.11389200000000000 0.013078
59.2857140000000000 0.14659700000000000 0.014419
59.3877550000000000 0.22332100000000000 0.018811
59.4897960000000000 0.27662100000000000 0.021596
59.5918370000000000 0.26660500000000000 0.020621
59.6938780000000000 0.28064800000000000 0.021610
59.7959180000000000 0.22940000000000000 0.018702
59.8979590000000000 0.26383000000000000 0.020270
60.0000000000000000 0.27493000000000000 0.021410
