55.0000000000000000 0.34238600000000000 0.023861
55.1020410000000000 0.33083700000000000 0.023032
55.2040820000000000 0.30917300000000000 0.021932
55.3061220000000000 0.34682500000000000 0.024240
55.4081630000000000 0.30653700000000000 0.022304
55.5102040000000000 0.30631600000000000 0.022110
55.6122450000000000 0.31663000000000000 0.021878
55.7142860000000000 0.26282400000000000 0.020072
55.8163270000000000 0.23195400000000000 0.018639
55.9183670000000000 0.24740800000000000 0.019041
56.0204080000000000 0.28785400000000000 0.021081
56.1224490000000000 0.27148700000000000 0.020721
56.2244900000000000 0.26321200000000000 0.020180
56.3265310000000000 0.28548700000000000 0.021392
56.4285710000000000 0.22823700000000000 0.018355
56.5306120000000000 0.21441300000000000 0.017914
56.6326530000000000 0.20251300000000000 0.017136
56.7346940000000000 0.15495700000000000 0.014964
56.8367350000000000 0.13073200000000000 0.013226
56.9387760000000000 0.08920100000000000 0.011370
57.0408160000000000 0.02821600000000000 0.006449
57.1428570000000000 0.01611000000000000 0.005385
57.2448980000000000 -0.0030390000000000 0.002784
57.3469390000000000 0.00441100000000000 0.004033
57.4489800000000000 -0.0009530000000000 0.003198
57.5510200000000000 0.00649000000000000 0.004270
57.6530610000000000 0.00011000000000000 0.003336
57.7551020000000000 0.00347800000000000 0.004050
57.8571430000000000 -0.0009490000000000 0.003185
57.9591840000000000 -0.0009670000000000 0.003247
58.0612240000000000 0.00122400000000000 0.003682
58.1632650000000000 0.00344000000000000 0.004005
58.2653060000000000 0.00227200000000000 0.003747
58.3673470000000000 0.00012000000000000 0.003635
58.4693880000000000 0.00122400000000000 0.003682
58.5714290000000000 0.02095700000000000 0.005984
58.6734690000000000 0.02720400000000000 0.006364
58.7755100000000000 0.04000100000000000 0.007842
58.8775510000000000 0.02700500000000000 0.006643
58.9795920000000000 0.02395300000000000 0.006047
59.0816330000000000 0.01537100000000000 0.005388
59.1836730000000000 0.03413600000000000 0.007482
59.2857140000000000 0.06738800000000000 0.009636
59.3877550000000000 0.08736000000000000 0.011203
59.4897960000000000 0.10452500000000000 0.012361
59.5918370000000000 0.10387100000000000 0.012008
59.6938780000000000 0.13756600000000000 0.014184
59.7959180000000000 0.14504000000000000 0.014310
59.8979590000000000 0.14531700000000000 0.014233
60.0000000000000000 0.16364300000000000 0.015693
