55.0000000000000000 0.25787400000000000 0.019883
55.1020410000000000 0.28050800000000000 0.020697
55.2040820000000000 0.24512300000000000 0.018923
55.3061220000000000 0.28349400000000000 0.021265
55.4081630000000000 0.28945400000000000 0.021496
55.5102040000000000 0.25388300000000000 0.019623
55.6122450000000000 0.25899100000000000 0.019227
55.7142860000000000 0.21973900000000000 0.017972
55.8163270000000000 0.20654600000000000 0.017374
55.9183670000000000 0.22807200000000000 0.018108
56.0204080000000000 0.25175700000000000 0.019369
56.1224490000000000 0.26718000000000000 0.020513
56.2244900000000000 0.25260300000000000 0.019667
56.3265310000000000 0.28333300000000000 0.021289
56.4285710000000000 0.26904900000000000 0.020331
56.5306120000000000 0.26071800000000000 0.020201
56.6326530000000000 0.24995100000000000 0.019481
56.7346940000000000 0.24830100000000000 0.019777
56.8367350000000000 0.25306200000000000 0.019479
56.9387760000000000 0.26279500000000000 0.020868
57.0408160000000000 0.29471500000000000 0.021494
57.1428570000000000 0.28488000000000000 0.021268
57.2448980000000000 0.27304500000000000 0.020551
57.3469390000000000 0.29454400000000000 0.021802
57.4489800000000000 0.27256600000000000 0.020660
57.5510200000000000 0.27440300000000000 0.020737
57.6530610000000000 0.24652800000000000 0.019305
57.7551020000000000 0.29476000000000000 0.022236
57.8571430000000000 0.25975300000000000 0.020003
57.9591840000000000 0.25508100000000000 0.019957
58.0612240000000000 0.27044400000000000 0.020946
58.1632650000000000 0.26712100000000000 0.020784
58.2653060000000000 0.28286500000000000 0.021288
58.3673470000000000 0.28350500000000000 0.021934
58.4693880000000000 0.25050200000000000 0.019968
58.5714290000000000 0.30068300000000000 0.022304
58.6734690000000000 0.25854900000000000 0.019790
58.7755100000000000 0.20636200000000000 0.017990
58.8775510000000000 0.14127700000000000 0.014353
58.9795920000000000 0.08615400000000000 0.010612
59.0816330000000000 0.06332200000000000 0.009378
59.1836730000000000 0.09512600000000000 0.011913
59.2857140000000000 0.19000000000000000 0.016731
59.3877550000000000 0.23918300000000000 0.019614
59.4897960000000000 0.26629500000000000 0.021086
59.5918370000000000 0.29718500000000000 0.022092
59.6938780000000000 0.26149500000000000 0.020671
59.7959180000000000 0.25319400000000000 0.019875
59.8979590000000000 0.24354400000000000 0.019284
60.0000000000000000 0.26357400000000000 0.020851
