55.0000000000000000 0.24731000000000000 0.019372
55.1020410000000000 0.22196300000000000 0.017887
55.2040820000000000 0.21157300000000000 0.017291
55.3061220000000000 0.16649200000000000 0.015414
55.4081630000000000 0.14531700000000000 0.014233
55.5102040000000000 0.10707200000000000 0.011947
55.6122450000000000 0.09095800000000000 0.010576
55.7142860000000000 0.05055100000000000 0.008282
55.8163270000000000 0.03398800000000000 0.007015
55.9183670000000000 0.01028400000000000 0.004580
56.0204080000000000 0.01351600000000000 0.004987
56.1224490000000000 -0.0009640000000000 0.003236
56.2244900000000000 0.00223300000000000 0.003683
56.3265310000000000 0.00119000000000000 0.003579
56.4285710000000000 -0.0030300000000000 0.002775
56.5306120000000000 -0.0041950000000000 0.002647
56.6326530000000000 -0.0062140000000000 0.002125
56.7346940000000000 -0.0075720000000000 0.001928
56.8367350000000000 0.00010900000000000 0.003284
56.9387760000000000 -0.0010220000000000 0.003432
57.0408160000000000 -0.0061370000000000 0.002098
57.1428570000000000 -0.0052210000000000 0.002397
57.2448980000000000 -0.0051390000000000 0.002359
57.3469390000000000 0.00333600000000000 0.003884
57.4489800000000000 0.00543300000000000 0.004136
57.5510200000000000 -0.0009520000000000 0.003195
57.6530610000000000 -0.0030490000000000 0.002793
57.7551020000000000 0.00011800000000000 0.003549
57.8571430000000000 0.00117100000000000 0.003522
57.9591840000000000 -0.0009670000000000 0.003247
58.0612240000000000 0.00787200000000000 0.004589
58.1632650000000000 0.00454800000000000 0.004158
58.2653060000000000 0.01846000000000000 0.005671
58.3673470000000000 0.01159300000000000 0.005165
58.4693880000000000 0.02338200000000000 0.006258
58.5714290000000000 0.02205400000000000 0.006090
58.6734690000000000 0.02720400000000000 0.006364
58.7755100000000000 0.02404800000000000 0.006438
58.8775510000000000 0.02588500000000000 0.006540
58.9795920000000000 0.02084300000000000 0.005753
59.0816330000000000 0.01646100000000000 0.005503
59.1836730000000000 0.01185200000000000 0.005280
59.2857140000000000 0.02724000000000000 0.006531
59.3877550000000000 0.06016800000000000 0.009358
59.4897960000000000 0.08272600000000000 0.010976
59.5918370000000000 0.08639600000000000 0.010925
59.6938780000000000 0.08912200000000000 0.011282
59.7959180000000000 0.09204400000000000 0.011223
59.8979590000000000 0.07698500000000000 0.010191
60.0000000000000000 0.09664400000000000 0.011806
