55.0000000000000000 0.33604800000000000 0.023568
55.1020410000000000 0.28256300000000000 0.020793
55.2040820000000000 0.28884000000000000 0.020989
55.3061220000000000 0.33823800000000000 0.023841
55.4081630000000000 0.29799600000000000 0.021901
55.5102040000000000 0.30212100000000000 0.021914
55.6122450000000000 0.26289900000000000 0.019410
55.7142860000000000 0.25441700000000000 0.019668
55.8163270000000000 0.23089500000000000 0.018587
55.9183670000000000 0.24842600000000000 0.019090
56.0204080000000000 0.26619500000000000 0.020059
56.1224490000000000 0.25856500000000000 0.020096
56.2244900000000000 0.25366400000000000 0.019719
56.3265310000000000 0.25210300000000000 0.019781
56.4285710000000000 0.23033000000000000 0.018458
56.5306120000000000 0.24241100000000000 0.019307
56.6326530000000000 0.21200000000000000 0.017613
56.7346940000000000 0.16703700000000000 0.015617
56.8367350000000000 0.16079600000000000 0.014854
56.9387760000000000 0.10975800000000000 0.012650
57.0408160000000000 0.06777500000000000 0.009446
57.1428570000000000 0.04490700000000000 0.007925
57.2448980000000000 0.01060800000000000 0.004724
57.3469390000000000 0.00118700000000000 0.003571
57.4489800000000000 -0.0009530000000000 0.003198
57.5510200000000000 -0.0009520000000000 0.003195
57.6530610000000000 0.00221700000000000 0.003656
57.7551020000000000 -0.0032430000000000 0.002971
57.8571430000000000 0.00541000000000000 0.004119
57.9591840000000000 0.00227400000000000 0.003751
58.0612240000000000 0.00344000000000000 0.004005
58.1632650000000000 -0.0009920000000000 0.003330
58.2653060000000000 -0.0063620000000000 0.002176
58.3673470000000000 -0.0010270000000000 0.003448
58.4693880000000000 -0.0009920000000000 0.003330
58.5714290000000000 0.00340600000000000 0.003965
58.6734690000000000 0.00532000000000000 0.004050
58.7755100000000000 0.01835100000000000 0.005873
58.8775510000000000 0.01692200000000000 0.005658
58.9795920000000000 0.02187900000000000 0.005853
59.0816330000000000 0.01428200000000000 0.005271
59.1836730000000000 0.03061800000000000 0.007171
59.2857140000000000 0.04134600000000000 0.007725
59.3877550000000000 0.08962600000000000 0.011349
59.4897960000000000 0.07928500000000000 0.010749
59.5918370000000000 0.08967300000000000 0.011133
59.6938780000000000 0.10151400000000000 0.012059
59.7959180000000000 0.11692000000000000 0.012719
59.8979590000000000 0.11755700000000000 0.012672
60.0000000000000000 0.12844000000000000 0.013717
