55.0000000000000000 0.27794500000000000 0.020845
55.1020410000000000 0.24764100000000000 0.019134
55.2040820000000000 0.25732300000000000 0.019505
55.3061220000000000 0.21801600000000000 0.018068
55.4081630000000000 0.14638500000000000 0.014292
55.5102040000000000 0.13119100000000000 0.013328
55.6122450000000000 0.09486500000000000 0.010809
55.7142860000000000 0.05580600000000000 0.008664
55.8163270000000000 0.01810800000000000 0.005562
55.9183670000000000 0.01231900000000000 0.004810
56.0204080000000000 -0.0040170000000000 0.002535
56.1224490000000000 0.00657400000000000 0.004325
56.2244900000000000 -0.0020100000000000 0.003007
56.3265310000000000 -0.0031180000000000 0.002856
56.4285710000000000 -0.0009370000000000 0.003145
56.5306120000000000 0.00549700000000000 0.004185
56.6326530000000000 0.00221900000000000 0.003660
56.7346940000000000 0.00231200000000000 0.003813
56.8367350000000000 0.00218200000000000 0.003599
56.9387760000000000 0.00126200000000000 0.003795
57.0408160000000000 -0.0019730000000000 0.002950
57.1428570000000000 -0.0030880000000000 0.002829
57.2448980000000000 0.00116000000000000 0.003488
57.3469390000000000 -0.0041860000000000 0.002641
57.4489800000000000 0.00543300000000000 0.004136
57.5510200000000000 0.00649000000000000 0.004270
57.6530610000000000 0.01696000000000000 0.005426
57.7551020000000000 0.03036600000000000 0.006946
57.8571430000000000 0.02978500000000000 0.006660
57.9591840000000000 0.03360500000000000 0.007070
58.0612240000000000 0.03224500000000000 0.007062
58.1632650000000000 0.05772700000000000 0.009065
58.2653060000000000 0.03896500000000000 0.007509
58.3673470000000000 0.04830700000000000 0.008537
58.4693880000000000 0.04886400000000000 0.008408
58.5714290000000000 0.05057500000000000 0.008489
58.6734690000000000 0.03866700000000000 0.007331
58.7755100000000000 0.03544300000000000 0.007462
58.8775510000000000 0.01692200000000000 0.005658
58.9795920000000000 0.00632900000000000 0.004163
59.0816330000000000 0.00229400000000000 0.003784
59.1836730000000000 0.00364200000000000 0.004240
59.2857140000000000 0.00987900000000000 0.004757
59.3877550000000000 -0.0010140000000000 0.003405
59.4897960000000000 0.00471000000000000 0.004306
59.5918370000000000 -0.0009780000000000 0.003282
59.6938780000000000 -0.0043880000000000 0.002769
59.7959180000000000 -0.0063760000000000 0.002180
59.8979590000000000 -0.0020230000000000 0.003026
60.0000000000000000 0.00352600000000000 0.004105
