55.0000000000000000 0.28111500000000000 0.020996
55.1020410000000000 0.27742700000000000 0.020552
55.2040820000000000 0.28375700000000000 0.020752
55.3061220000000000 0.27705400000000000 0.020957
55.4081630000000000 0.27984500000000000 0.021039
55.5102040000000000 0.31785100000000000 0.022648
55.6122450000000000 0.23652100000000000 0.018167
55.7142860000000000 0.22919700000000000 0.018439
55.8163270000000000 0.20442900000000000 0.017267
55.9183670000000000 0.23112500000000000 0.018256
56.0204080000000000 0.24969400000000000 0.019270
56.1224490000000000 0.26718000000000000 0.020513
56.2244900000000000 0.28867300000000000 0.021396
56.3265310000000000 0.26933400000000000 0.020617
56.4285710000000000 0.27323500000000000 0.020530
56.5306120000000000 0.23702700000000000 0.019042
56.6326530000000000 0.27314300000000000 0.020596
56.7346940000000000 0.26587200000000000 0.020638
56.8367350000000000 0.25409800000000000 0.019528
56.9387760000000000 0.30048300000000000 0.022713
57.0408160000000000 0.27597700000000000 0.020611
57.1428570000000000 0.30514400000000000 0.022227
57.2448980000000000 0.27829400000000000 0.020801
57.3469390000000000 0.25156200000000000 0.019735
57.4489800000000000 0.25873100000000000 0.019994
57.5510200000000000 0.27227600000000000 0.020636
57.6530610000000000 0.24547500000000000 0.019254
57.7551020000000000 0.24210500000000000 0.019655
57.8571430000000000 0.24809600000000000 0.019439
57.9591840000000000 0.27560800000000000 0.020951
58.0612240000000000 0.27487600000000000 0.021162
58.1632650000000000 0.27487600000000000 0.021162
58.2653060000000000 0.29042000000000000 0.021649
58.3673470000000000 0.26170600000000000 0.020859
58.4693880000000000 0.28484700000000000 0.021645
58.5714290000000000 0.26996800000000000 0.020826
58.6734690000000000 0.27001200000000000 0.020337
58.7755100000000000 0.23826700000000000 0.019621
58.8775510000000000 0.16704400000000000 0.015772
58.9795920000000000 0.08719100000000000 0.010677
59.0816330000000000 0.08184900000000000 0.010621
59.1836730000000000 0.10333600000000000 0.012430
59.2857140000000000 0.21387100000000000 0.017952
59.3877550000000000 0.20745900000000000 0.017998
59.4897960000000000 0.23417100000000000 0.019477
59.5918370000000000 0.24476100000000000 0.019552
59.6938780000000000 0.29642100000000000 0.022374
59.7959180000000000 0.25211300000000000 0.019822
59.8979590000000000 0.27023600000000000 0.020578
60.0000000000000000 0.24199800000000000 0.019776
