55.0000000000000000 0.26209900000000000 0.020087
55.1020410000000000 0.27229200000000000 0.020309
55.2040820000000000 0.25325700000000000 0.019312
55.3061220000000000 0.26739300000000000 0.020493
55.4081630000000000 0.26169500000000000 0.020167
55.5102040000000000 0.28534300000000000 0.021125
55.6122450000000000 0.21112100000000000 0.016945
55.7142860000000000 0.23445100000000000 0.018697
55.8163270000000000 0.18960800000000000 0.016513
55.9183670000000000 0.20262900000000000 0.016855
56.0204080000000000 0.23113000000000000 0.018371
56.1224490000000000 0.26718000000000000 0.020513
56.2244900000000000 0.23775000000000000 0.018943
56.3265310000000000 0.28333300000000000 0.021289
56.4285710000000000 0.29207100000000000 0.021422
56.5306120000000000 0.28441000000000000 0.021341
56.6326530000000000 0.28684700000000000 0.021247
56.7346940000000000 0.23951600000000000 0.019342
56.8367350000000000 0.27379500000000000 0.020468
56.9387760000000000 0.26622100000000000 0.021037
57.0408160000000000 0.29783800000000000 0.021641
57.1428570000000000 0.28381300000000000 0.021217
57.2448980000000000 0.28249300000000000 0.021000
57.3469390000000000 0.27627700000000000 0.020930
57.4489800000000000 0.27043800000000000 0.020558
57.5510200000000000 0.25845500000000000 0.019970
57.6530610000000000 0.25600600000000000 0.019764
57.7551020000000000 0.29139900000000000 0.022074
57.8571430000000000 0.22690100000000000 0.018399
57.9591840000000000 0.28209100000000000 0.021262
58.0612240000000000 0.27266000000000000 0.021054
58.1632650000000000 0.29592600000000000 0.022178
58.2653060000000000 0.29257800000000000 0.021752
58.3673470000000000 0.24334900000000000 0.019941
58.4693880000000000 0.28263100000000000 0.021538
58.5714290000000000 0.25899900000000000 0.020292
58.6734690000000000 0.27522200000000000 0.020585
58.7755100000000000 0.24852200000000000 0.020135
58.8775510000000000 0.13903700000000000 0.014227
58.9795920000000000 0.08615400000000000 0.010612
59.0816330000000000 0.07640000000000000 0.010265
59.1836730000000000 0.11037300000000000 0.012864
59.2857140000000000 0.17263900000000000 0.015823
59.3877550000000000 0.20745900000000000 0.017998
59.4897960000000000 0.28809400000000000 0.022158
59.5918370000000000 0.26988100000000000 0.020780
59.6938780000000000 0.26825500000000000 0.021003
59.7959180000000000 0.25535700000000000 0.019980
59.8979590000000000 0.27343900000000000 0.020732
60.0000000000000000 0.24994700000000000 0.020174
