55.0000000000000000 0.34661200000000000 0.024056
55.1020410000000000 0.32364700000000000 0.022702
55.2040820000000000 0.31324000000000000 0.022120
55.3061220000000000 0.33501800000000000 0.023692
55.4081630000000000 0.30974000000000000 0.022454
55.5102040000000000 0.33567800000000000 0.023473
55.6122450000000000 0.27559900000000000 0.020000
55.7142860000000000 0.24390800000000000 0.019159
55.8163270000000000 0.24571600000000000 0.019313
55.9183670000000000 0.26267400000000000 0.019769
56.0204080000000000 0.25278800000000000 0.019419
56.1224490000000000 0.24348800000000000 0.019360
56.2244900000000000 0.27275900000000000 0.020638
56.3265310000000000 0.19933600000000000 0.017150
56.4285710000000000 0.18533200000000000 0.016202
56.5306120000000000 0.16703000000000000 0.015467
56.6326530000000000 0.15507500000000000 0.014671
56.7346940000000000 0.13079700000000000 0.013620
56.8367350000000000 0.08615400000000000 0.010612
56.9387760000000000 0.07207000000000000 0.010236
57.0408160000000000 0.04799600000000000 0.008048
57.1428570000000000 0.02997500000000000 0.006703
57.2448980000000000 -0.0030390000000000 0.002784
57.3469390000000000 0.00011300000000000 0.003404
57.4489800000000000 -0.0041450000000000 0.002616
57.5510200000000000 -0.0020150000000000 0.003013
57.6530610000000000 0.00221700000000000 0.003656
57.7551020000000000 0.00571900000000000 0.004354
57.8571430000000000 -0.0030680000000000 0.002811
57.9591840000000000 -0.0042080000000000 0.002655
58.0612240000000000 -0.0009920000000000 0.003330
58.1632650000000000 -0.0009920000000000 0.003330
58.2653060000000000 0.00227200000000000 0.003747
58.3673470000000000 -0.0010270000000000 0.003448
58.4693880000000000 -0.0009920000000000 0.003330
58.5714290000000000 -0.0020790000000000 0.003109
58.6734690000000000 -0.0019750000000000 0.002953
58.7755100000000000 0.00581700000000000 0.004429
58.8775510000000000 -0.0032430000000000 0.002971
58.9795920000000000 0.00425600000000000 0.003890
59.0816330000000000 0.00120400000000000 0.003621
59.1836730000000000 0.00481500000000000 0.004402
59.2857140000000000 0.01747500000000000 0.005592
59.3877550000000000 0.02617800000000000 0.006614
59.4897960000000000 0.04257100000000000 0.008083
59.5918370000000000 0.03288000000000000 0.007055
59.6938780000000000 0.03391700000000000 0.007280
59.7959180000000000 0.04229400000000000 0.007785
59.8979590000000000 0.05136100000000000 0.008417
60.0000000000000000 0.07620300000000000 0.010483
