55.0000000000000000 0.25259200000000000 0.019628
55.1020410000000000 0.29899600000000000 0.021562
55.2040820000000000 0.27155700000000000 0.020179
55.3061220000000000 0.29208100000000000 0.021674
55.4081630000000000 0.27450700000000000 0.020783
55.5102040000000000 0.29373200000000000 0.021520
55.6122450000000000 0.24726800000000000 0.018676
55.7142860000000000 0.23655200000000000 0.018800
55.8163270000000000 0.20548800000000000 0.017321
55.9183670000000000 0.24028400000000000 0.018699
56.0204080000000000 0.26929000000000000 0.020206
56.1224490000000000 0.27364100000000000 0.020825
56.2244900000000000 0.27912500000000000 0.020942
56.3265310000000000 0.25641100000000000 0.019991
56.4285710000000000 0.27009500000000000 0.020381
56.5306120000000000 0.26287200000000000 0.020305
56.6326530000000000 0.27735900000000000 0.020797
56.7346940000000000 0.28783500000000000 0.021700
56.8367350000000000 0.24373100000000000 0.019029
56.9387760000000000 0.29934100000000000 0.022658
57.0408160000000000 0.27910000000000000 0.020759
57.1428570000000000 0.26674800000000000 0.020401
57.2448980000000000 0.24890100000000000 0.019392
57.3469390000000000 0.26123300000000000 0.020205
57.4489800000000000 0.26405200000000000 0.020251
57.5510200000000000 0.25101300000000000 0.019610
57.6530610000000000 0.24442200000000000 0.019203
57.7551020000000000 0.25554900000000000 0.020323
57.8571430000000000 0.29366600000000000 0.021622
57.9591840000000000 0.25616200000000000 0.020009
58.0612240000000000 0.26268900000000000 0.020567
58.1632650000000000 0.26933600000000000 0.020892
58.2653060000000000 0.28394500000000000 0.021340
58.3673470000000000 0.25711700000000000 0.020631
58.4693880000000000 0.29038700000000000 0.021912
58.5714290000000000 0.27874400000000000 0.021251
58.6734690000000000 0.23562200000000000 0.018681
58.7755100000000000 0.24282500000000000 0.019850
58.8775510000000000 0.15024000000000000 0.014853
58.9795920000000000 0.09548400000000000 0.011186
59.0816330000000000 0.07095100000000000 0.009902
59.1836730000000000 0.11271900000000000 0.013007
59.2857140000000000 0.17046900000000000 0.015708
59.3877550000000000 0.24258200000000000 0.019784
59.4897960000000000 0.25023300000000000 0.020287
59.5918370000000000 0.25568300000000000 0.020088
59.6938780000000000 0.27501500000000000 0.021335
59.7959180000000000 0.29429300000000000 0.021855
59.8979590000000000 0.28411600000000000 0.021242
60.0000000000000000 0.26925200000000000 0.021131
