55.0000000000000000 0.09835600000000000 0.011471
55.1020410000000000 0.09357500000000000 0.011016
55.2040820000000000 0.07432300000000000 0.009755
55.3061220000000000 0.03231500000000000 0.006932
55.4081630000000000 0.02253300000000000 0.006029
55.5102040000000000 0.00954800000000000 0.004597
55.6122450000000000 0.00791800000000000 0.004165
55.7142860000000000 0.01377100000000000 0.005082
55.8163270000000000 -0.0041240000000000 0.002602
55.9183670000000000 0.00214200000000000 0.003533
56.0204080000000000 0.00010800000000000 0.003267
56.1224490000000000 0.00334400000000000 0.003893
56.2244900000000000 0.00117200000000000 0.003525
56.3265310000000000 0.00442100000000000 0.004041
56.4285710000000000 0.00011000000000000 0.003315
56.5306120000000000 -0.0009640000000000 0.003236
56.6326530000000000 -0.0030520000000000 0.002796
56.7346940000000000 0.00231200000000000 0.003813
56.8367350000000000 0.00218200000000000 0.003599
56.9387760000000000 0.00126200000000000 0.003795
57.0408160000000000 0.00531400000000000 0.004046
57.1428570000000000 0.00224500000000000 0.003703
57.2448980000000000 0.00430900000000000 0.003940
57.3469390000000000 -0.0031110000000000 0.002850
57.4489800000000000 -0.0009530000000000 0.003198
57.5510200000000000 -0.0030780000000000 0.002820
57.6530610000000000 0.00116400000000000 0.003499
57.7551020000000000 0.00347800000000000 0.004050
57.8571430000000000 -0.0020080000000000 0.003003
57.9591840000000000 0.00335400000000000 0.003905
58.0612240000000000 0.00344000000000000 0.004005
58.1632650000000000 0.00233200000000000 0.003846
58.2653060000000000 0.01414300000000000 0.005219
58.3673470000000000 0.01733000000000000 0.005795
58.4693880000000000 0.01673500000000000 0.005595
58.5714290000000000 0.02315100000000000 0.006196
58.6734690000000000 0.01678300000000000 0.005369
58.7755100000000000 0.02290900000000000 0.006328
58.8775510000000000 0.02028300000000000 0.006001
58.9795920000000000 0.01358600000000000 0.005013
59.0816330000000000 0.01101200000000000 0.004905
59.1836730000000000 0.02240800000000000 0.006401
59.2857140000000000 0.04134600000000000 0.007725
59.3877550000000000 0.05790200000000000 0.009193
59.4897960000000000 0.06895900000000000 0.010047
59.5918370000000000 0.06782900000000000 0.009701
59.6938780000000000 0.06658900000000000 0.009782
59.7959180000000000 0.08231100000000000 0.010608
59.8979590000000000 0.08873000000000000 0.010941
60.0000000000000000 0.09777900000000000 0.011877
