55.0000000000000000 0.26738100000000000 0.020340
55.1020410000000000 0.26818300000000000 0.020115
55.2040820000000000 0.23699000000000000 0.018531
55.3061220000000000 0.27490700000000000 0.020854
55.4081630000000000 0.24567900000000000 0.019389
55.5102040000000000 0.28953800000000000 0.021323
55.6122450000000000 0.22870600000000000 0.017794
55.7142860000000000 0.19136600000000000 0.016544
55.8163270000000000 0.25100900000000000 0.019571
55.9183670000000000 0.21993000000000000 0.017710
56.0204080000000000 0.25072500000000000 0.019320
56.1224490000000000 0.24348800000000000 0.019360
56.2244900000000000 0.26639400000000000 0.020333
56.3265310000000000 0.26179500000000000 0.020253
56.4285710000000000 0.28997800000000000 0.021323
56.5306120000000000 0.24779600000000000 0.019571
56.6326530000000000 0.28473900000000000 0.021147
56.7346940000000000 0.28454100000000000 0.021541
56.8367350000000000 0.25513500000000000 0.019578
56.9387760000000000 0.25936900000000000 0.020698
57.0408160000000000 0.25307400000000000 0.019517
57.1428570000000000 0.27848000000000000 0.020963
57.2448980000000000 0.28564200000000000 0.021149
57.3469390000000000 0.27735100000000000 0.020982
57.4489800000000000 0.26085900000000000 0.020097
57.5510200000000000 0.25314000000000000 0.019713
57.6530610000000000 0.25916500000000000 0.019916
57.7551020000000000 0.24658700000000000 0.019879
57.8571430000000000 0.27353000000000000 0.020665
57.9591840000000000 0.24967900000000000 0.019693
58.0612240000000000 0.29371000000000000 0.022072
58.1632650000000000 0.27044400000000000 0.020946
58.2653060000000000 0.26236000000000000 0.020301
58.3673470000000000 0.24793900000000000 0.020172
58.4693880000000000 0.24607100000000000 0.019749
58.5714290000000000 0.27984100000000000 0.021304
58.6734690000000000 0.24917000000000000 0.019338
58.7755100000000000 0.19041000000000000 0.017156
58.8775510000000000 0.15584100000000000 0.015162
58.9795920000000000 0.09548400000000000 0.011186
59.0816330000000000 0.07857900000000000 0.010408
59.1836730000000000 0.12444800000000000 0.013710
59.2857140000000000 0.20627600000000000 0.017567
59.3877550000000000 0.24938100000000000 0.020124
59.4897960000000000 0.26629500000000000 0.021086
59.5918370000000000 0.26114400000000000 0.020355
59.6938780000000000 0.25473500000000000 0.020337
59.7959180000000000 0.22507400000000000 0.018486
59.8979590000000000 0.24140900000000000 0.019180
60.0000000000000000 0.28401400000000000 0.021854
