55.0000000000000000 0.29484800000000000 0.021646
55.1020410000000000 0.23120700000000000 0.018339
55.2040820000000000 0.25122300000000000 0.019215
55.3061220000000000 0.23626400000000000 0.018975
55.4081630000000000 0.20831000000000000 0.017534
55.5102040000000000 0.20040200000000000 0.016986
55.6122450000000000 0.15055100000000000 0.013895
55.7142860000000000 0.12306000000000000 0.012884
55.8163270000000000 0.10491700000000000 0.011877
55.9183670000000000 0.08050500000000000 0.010156
56.0204080000000000 0.07539600000000000 0.009900
56.1224490000000000 0.04749600000000000 0.008168
56.2244900000000000 0.02769400000000000 0.006479
56.3265310000000000 0.02165100000000000 0.005978
56.4285710000000000 0.00429600000000000 0.003927
56.5306120000000000 -0.0009640000000000 0.003236
56.6326530000000000 0.00011100000000000 0.003340
56.7346940000000000 -0.0020810000000000 0.003112
56.8367350000000000 0.00010900000000000 0.003284
56.9387760000000000 0.00468800000000000 0.004286
57.0408160000000000 0.00010900000000000 0.003298
57.1428570000000000 -0.0009550000000000 0.003205
57.2448980000000000 0.00011000000000000 0.003326
57.3469390000000000 0.00226200000000000 0.003731
57.4489800000000000 -0.0020170000000000 0.003016
57.5510200000000000 -0.0009520000000000 0.003195
57.6530610000000000 0.00537600000000000 0.004093
57.7551020000000000 -0.0021230000000000 0.003175
57.8571430000000000 -0.0041280000000000 0.002605
57.9591840000000000 0.00119400000000000 0.003590
58.0612240000000000 -0.0021000000000000 0.003140
58.1632650000000000 0.00565600000000000 0.004306
58.2653060000000000 0.00335100000000000 0.003901
58.3673470000000000 0.00012000000000000 0.003635
58.4693880000000000 -0.0076390000000000 0.001945
58.5714290000000000 0.00889100000000000 0.004678
58.6734690000000000 0.00636200000000000 0.004185
58.7755100000000000 0.00581700000000000 0.004429
58.8775510000000000 0.00347800000000000 0.004050
58.9795920000000000 0.01254900000000000 0.004900
59.0816330000000000 0.01319200000000000 0.005151
59.1836730000000000 0.00598700000000000 0.004559
59.2857140000000000 0.03049600000000000 0.006821
59.3877550000000000 0.04317300000000000 0.008072
59.4897960000000000 0.03339200000000000 0.007317
59.5918370000000000 0.05363100000000000 0.008695
59.6938780000000000 0.05419600000000000 0.008892
59.7959180000000000 0.07257700000000000 0.009970
59.8979590000000000 0.06203800000000000 0.009183
60.0000000000000000 0.05462700000000000 0.008964
