55.0000000000000000 0.31175000000000000 0.022439
55.1020410000000000 0.29386100000000000 0.021323
55.2040820000000000 0.28579000000000000 0.020847
55.3061220000000000 0.30496200000000000 0.022284
55.4081630000000000 0.30547000000000000 0.022253
55.5102040000000000 0.31994800000000000 0.022745
55.6122450000000000 0.26192200000000000 0.019364
55.7142860000000000 0.21133200000000000 0.017553
55.8163270000000000 0.21713300000000000 0.017905
55.9183670000000000 0.23519600000000000 0.018453
56.0204080000000000 0.26929000000000000 0.020206
56.1224490000000000 0.27471800000000000 0.020876
56.2244900000000000 0.25260300000000000 0.019667
56.3265310000000000 0.22518100000000000 0.018454
56.4285710000000000 0.20102900000000000 0.017001
56.5306120000000000 0.15949200000000000 0.015064
56.6326530000000000 0.14347900000000000 0.014043
56.7346940000000000 0.12860100000000000 0.013495
56.8367350000000000 0.09548400000000000 0.011186
56.9387760000000000 0.05379700000000000 0.008931
57.0408160000000000 0.02925700000000000 0.006541
57.1428570000000000 0.00224500000000000 0.003703
57.2448980000000000 -0.0051390000000000 0.002359
57.3469390000000000 0.00118700000000000 0.003571
57.4489800000000000 0.00543300000000000 0.004136
57.5510200000000000 -0.0009520000000000 0.003195
57.6530610000000000 0.00116400000000000 0.003499
57.7551020000000000 0.00011800000000000 0.003549
57.8571430000000000 0.00117100000000000 0.003522
57.9591840000000000 0.00227400000000000 0.003751
58.0612240000000000 0.00011600000000000 0.003510
58.1632650000000000 -0.0021000000000000 0.003140
58.2653060000000000 0.00227200000000000 0.003747
58.3673470000000000 -0.0010270000000000 0.003448
58.4693880000000000 0.00344000000000000 0.004005
58.5714290000000000 -0.0020790000000000 0.003109
58.6734690000000000 0.01261400000000000 0.004925
58.7755100000000000 0.01037500000000000 0.004996
58.8775510000000000 0.01244100000000000 0.005171
58.9795920000000000 0.00943900000000000 0.004545
59.0816330000000000 0.00447400000000000 0.004090
59.1836730000000000 0.02827200000000000 0.006958
59.2857140000000000 0.05436700000000000 0.008717
59.3877550000000000 0.07376400000000000 0.010306
59.4897960000000000 0.08961000000000000 0.011424
59.5918370000000000 0.07765900000000000 0.010360
59.6938780000000000 0.09475500000000000 0.011639
59.7959180000000000 0.09961500000000000 0.011689
59.8979590000000000 0.09086500000000000 0.011074
60.0000000000000000 0.10459300000000000 0.012298
