55.0000000000000000 0.10258200000000000 0.011725
55.1020410000000000 0.08946600000000000 0.010765
55.2040820000000000 0.06822300000000000 0.009355
55.3061220000000000 0.03768200000000000 0.007381
55.4081630000000000 0.01826300000000000 0.005610
55.5102040000000000 0.00220700000000000 0.003641
55.6122450000000000 -0.0028280000000000 0.002591
55.7142860000000000 -0.0019910000000000 0.002978
55.8163270000000000 -0.0009480000000000 0.003182
55.9183670000000000 0.00112400000000000 0.003382
56.0204080000000000 -0.0081430000000000 0.001493
56.1224490000000000 0.00872800000000000 0.004592
56.2244900000000000 0.00435500000000000 0.003981
56.3265310000000000 0.00334400000000000 0.003893
56.4285710000000000 -0.0009370000000000 0.003145
56.5306120000000000 0.00119000000000000 0.003579
56.6326530000000000 0.00432700000000000 0.003956
56.7346940000000000 -0.0009830000000000 0.003300
56.8367350000000000 0.00010900000000000 0.003284
56.9387760000000000 -0.0021640000000000 0.003237
57.0408160000000000 -0.0030140000000000 0.002761
57.1428570000000000 0.00117800000000000 0.003544
57.2448980000000000 -0.0051390000000000 0.002359
57.3469390000000000 0.00226200000000000 0.003731
57.4489800000000000 0.00011200000000000 0.003372
57.5510200000000000 -0.0020150000000000 0.003013
57.6530610000000000 -0.0041020000000000 0.002588
57.7551020000000000 0.00683900000000000 0.004499
57.8571430000000000 -0.0051880000000000 0.002382
57.9591840000000000 0.00551500000000000 0.004199
58.0612240000000000 0.00233200000000000 0.003846
58.1632650000000000 0.00122400000000000 0.003682
58.2653060000000000 0.01846000000000000 0.005671
58.3673470000000000 0.02765600000000000 0.006805
58.4693880000000000 0.02338200000000000 0.006258
58.5714290000000000 0.02753900000000000 0.006603
58.6734690000000000 0.03033000000000000 0.006638
58.7755100000000000 0.02518800000000000 0.006546
58.8775510000000000 0.01804300000000000 0.005774
58.9795920000000000 0.01358600000000000 0.005013
59.0816330000000000 0.01646100000000000 0.005503
59.1836730000000000 0.03296400000000000 0.007379
59.2857140000000000 0.03592100000000000 0.007283
59.3877550000000000 0.04430600000000000 0.008162
59.4897960000000000 0.04716000000000000 0.008447
59.5918370000000000 0.05581500000000000 0.008855
59.6938780000000000 0.06771600000000000 0.009861
59.7959180000000000 0.07257700000000000 0.009970
59.8979590000000000 0.09513600000000000 0.011338
60.0000000000000000 0.08755900000000000 0.011230
