55.0000000000000000 0.34344200000000000 0.023910
55.1020410000000000 0.31953900000000000 0.022513
55.2040820000000000 0.34679000000000000 0.023652
55.3061220000000000 0.33716500000000000 0.023792
55.4081630000000000 0.32682300000000000 0.023253
55.5102040000000000 0.32099700000000000 0.022794
55.6122450000000000 0.32151500000000000 0.022099
55.7142860000000000 0.27333200000000000 0.020575
55.8163270000000000 0.25947800000000000 0.019980
55.9183670000000000 0.29524000000000000 0.021297
56.0204080000000000 0.27960300000000000 0.020694
56.1224490000000000 0.28871700000000000 0.021546
56.2244900000000000 0.32262100000000000 0.022990
56.3265310000000000 0.29948600000000000 0.022058
56.4285710000000000 0.28579200000000000 0.021126
56.5306120000000000 0.27794900000000000 0.021032
56.6326530000000000 0.26681800000000000 0.020294
56.7346940000000000 0.27465700000000000 0.021064
56.8367350000000000 0.22818100000000000 0.018272
56.9387760000000000 0.17599800000000000 0.016407
57.0408160000000000 0.19790100000000000 0.016800
57.1428570000000000 0.11423200000000000 0.012472
57.2448980000000000 0.07779200000000000 0.010150
57.3469390000000000 0.04202100000000000 0.007734
57.4489800000000000 0.01288300000000000 0.005030
57.5510200000000000 -0.0030780000000000 0.002820
57.6530610000000000 0.00011000000000000 0.003336
57.7551020000000000 0.00011800000000000 0.003549
57.8571430000000000 0.00117100000000000 0.003522
57.9591840000000000 0.00443500000000000 0.004055
58.0612240000000000 0.00122400000000000 0.003682
58.1632650000000000 0.00787200000000000 0.004589
58.2653060000000000 -0.0031240000000000 0.002862
58.3673470000000000 0.00012000000000000 0.003635
58.4693880000000000 -0.0076390000000000 0.001945
58.5714290000000000 0.00560000000000000 0.004263
58.6734690000000000 -0.0019750000000000 0.002953
58.7755100000000000 0.01265400000000000 0.005260
58.8775510000000000 0.00347800000000000 0.004050
58.9795920000000000 0.00114500000000000 0.003445
59.0816330000000000 0.00011400000000000 0.003452
59.1836730000000000 -0.0069140000000000 0.002365
59.2857140000000000 0.00228400000000000 0.003767
59.3877550000000000 0.00125200000000000 0.003765
59.4897960000000000 0.00126800000000000 0.003813
59.5918370000000000 -0.0042540000000000 0.002684
59.6938780000000000 0.00462500000000000 0.004228
59.7959180000000000 0.00660300000000000 0.004344
59.8979590000000000 0.01506000000000000 0.005278
60.0000000000000000 0.02623700000000000 0.006630
