55.0000000000000000 0.35928900000000000 0.024637
55.1020410000000000 0.32878300000000000 0.022938
55.2040820000000000 0.29799000000000000 0.021415
55.3061220000000000 0.30818300000000000 0.022436
55.4081630000000000 0.28518400000000000 0.021293
55.5102040000000000 0.28219700000000000 0.020976
55.6122450000000000 0.25410600000000000 0.018998
55.7142860000000000 0.24075600000000000 0.019005
55.8163270000000000 0.20548800000000000 0.017321
55.9183670000000000 0.23926700000000000 0.018650
56.0204080000000000 0.23319200000000000 0.018472
56.1224490000000000 0.18533700000000000 0.016429
56.2244900000000000 0.14863600000000000 0.014369
56.3265310000000000 0.16164500000000000 0.015180
56.4285710000000000 0.13405600000000000 0.013474
56.5306120000000000 0.10134000000000000 0.011768
56.6326530000000000 0.07179500000000000 0.009780
56.7346940000000000 0.04294400000000000 0.007907
56.8367350000000000 0.03639300000000000 0.007125
56.9387760000000000 0.01154000000000000 0.005141
57.0408160000000000 -0.0009320000000000 0.003129
57.1428570000000000 0.00117800000000000 0.003544
57.2448980000000000 0.00325900000000000 0.003795
57.3469390000000000 0.00656000000000000 0.004316
57.4489800000000000 0.00543300000000000 0.004136
57.5510200000000000 0.00011200000000000 0.003368
57.6530610000000000 0.00011000000000000 0.003336
57.7551020000000000 -0.0010030000000000 0.003367
57.8571430000000000 -0.0030680000000000 0.002811
57.9591840000000000 -0.0009670000000000 0.003247
58.0612240000000000 0.00011600000000000 0.003510
58.1632650000000000 0.00897900000000000 0.004725
58.2653060000000000 0.00443000000000000 0.004050
58.3673470000000000 -0.0033220000000000 0.003043
58.4693880000000000 -0.0021000000000000 0.003140
58.5714290000000000 0.00011500000000000 0.003475
58.6734690000000000 0.00323600000000000 0.003767
58.7755100000000000 0.00467700000000000 0.004276
58.8775510000000000 0.00683900000000000 0.004499
58.9795920000000000 0.00425600000000000 0.003890
59.0816330000000000 0.00229400000000000 0.003784
59.1836730000000000 0.00129600000000000 0.003898
59.2857140000000000 0.01856000000000000 0.005702
59.3877550000000000 0.03864100000000000 0.007704
59.4897960000000000 0.03798100000000000 0.007707
59.5918370000000000 0.04270900000000000 0.007863
59.6938780000000000 0.04631000000000000 0.008292
59.7959180000000000 0.05310900000000000 0.008608
59.8979590000000000 0.05349600000000000 0.008574
60.0000000000000000 0.06598300000000000 0.009783
