55.0000000000000000 0.30646800000000000 0.022192
55.1020410000000000 0.29488800000000000 0.021371
55.2040820000000000 0.31120700000000000 0.022026
55.3061220000000000 0.31247600000000000 0.022638
55.4081630000000000 0.28518400000000000 0.021293
55.5102040000000000 0.28114800000000000 0.020926
55.6122450000000000 0.28341400000000000 0.020361
55.7142860000000000 0.25546800000000000 0.019719
55.8163270000000000 0.24465700000000000 0.019262
55.9183670000000000 0.27386800000000000 0.020298
56.0204080000000000 0.24763100000000000 0.019171
56.1224490000000000 0.27148700000000000 0.020721
56.2244900000000000 0.29079500000000000 0.021497
56.3265310000000000 0.28225600000000000 0.021238
56.4285710000000000 0.30358200000000000 0.021962
56.5306120000000000 0.28441000000000000 0.021341
56.6326530000000000 0.27735900000000000 0.020797
56.7346940000000000 0.29003200000000000 0.021805
56.8367350000000000 0.30386000000000000 0.021881
56.9387760000000000 0.29363100000000000 0.022381
57.0408160000000000 0.28222300000000000 0.020906
57.1428570000000000 0.24541700000000000 0.019366
57.2448980000000000 0.24575200000000000 0.019239
57.3469390000000000 0.22254800000000000 0.018304
57.4489800000000000 0.22893100000000000 0.018537
57.5510200000000000 0.17765700000000000 0.015928
57.6530610000000000 0.16438900000000000 0.015159
57.7551020000000000 0.12895400000000000 0.013653
57.8571430000000000 0.10926700000000000 0.012141
57.9591840000000000 0.03360500000000000 0.007070
58.0612240000000000 0.01451900000000000 0.005359
58.1632650000000000 -0.0009920000000000 0.003330
58.2653060000000000 -0.0031240000000000 0.002862
58.3673470000000000 0.00356200000000000 0.004147
58.4693880000000000 0.00344000000000000 0.004005
58.5714290000000000 0.00560000000000000 0.004263
58.6734690000000000 0.00532000000000000 0.004050
58.7755100000000000 -0.0032990000000000 0.003022
58.8775510000000000 0.00011800000000000 0.003549
58.9795920000000000 -0.0081850000000000 0.001501
59.0816330000000000 0.00774300000000000 0.004514
59.1836730000000000 -0.0045680000000000 0.002883
59.2857140000000000 0.00553900000000000 0.004217
59.3877550000000000 0.02391200000000000 0.006401
59.4897960000000000 0.04371800000000000 0.008175
59.5918370000000000 0.04707800000000000 0.008203
59.6938780000000000 0.07560200000000000 0.010398
59.7959180000000000 0.10610400000000000 0.012081
59.8979590000000000 0.10688000000000000 0.012047
60.0000000000000000 0.13298200000000000 0.013979
