55.0000000000000000 0.24731000000000000 0.019372
55.1020410000000000 0.31337600000000000 0.022229
55.2040820000000000 0.28274000000000000 0.020704
55.3061220000000000 0.26954000000000000 0.020596
55.4081630000000000 0.27557500000000000 0.020834
55.5102040000000000 0.27171000000000000 0.020478
55.6122450000000000 0.22089000000000000 0.017418
55.7142860000000000 0.19346700000000000 0.016651
55.8163270000000000 0.22454300000000000 0.018273
55.9183670000000000 0.22400100000000000 0.017909
56.0204080000000000 0.24453700000000000 0.019022
56.1224490000000000 0.25533400000000000 0.019939
56.2244900000000000 0.25684600000000000 0.019873
56.3265310000000000 0.30271700000000000 0.022211
56.4285710000000000 0.30358200000000000 0.021962
56.5306120000000000 0.24671900000000000 0.019518
56.6326530000000000 0.27419700000000000 0.020646
56.7346940000000000 0.28563900000000000 0.021594
56.8367350000000000 0.28416200000000000 0.020958
56.9387760000000000 0.27535800000000000 0.021488
57.0408160000000000 0.27910000000000000 0.020759
57.1428570000000000 0.26888100000000000 0.020503
57.2448980000000000 0.25520000000000000 0.019696
57.3469390000000000 0.28272400000000000 0.021239
57.4489800000000000 0.26724500000000000 0.020404
57.5510200000000000 0.26270800000000000 0.020176
57.6530610000000000 0.25811200000000000 0.019865
57.7551020000000000 0.26451200000000000 0.020765
57.8571430000000000 0.25445400000000000 0.019747
57.9591840000000000 0.27236700000000000 0.020795
58.0612240000000000 0.25382600000000000 0.020132
58.1632650000000000 0.25161000000000000 0.020023
58.2653060000000000 0.25156800000000000 0.019775
58.3673470000000000 0.26170600000000000 0.020859
58.4693880000000000 0.24939400000000000 0.019913
58.5714290000000000 0.24254400000000000 0.019482
58.6734690000000000 0.25646400000000000 0.019690
58.7755100000000000 0.20522300000000000 0.017931
58.8775510000000000 0.14575800000000000 0.014604
58.9795920000000000 0.07578700000000000 0.009953
59.0816330000000000 0.08402800000000000 0.010761
59.1836730000000000 0.11154600000000000 0.012936
59.2857140000000000 0.19108500000000000 0.016788
59.3877550000000000 0.23691700000000000 0.019500
59.4897960000000000 0.25482200000000000 0.020516
59.5918370000000000 0.23930000000000000 0.019282
59.6938780000000000 0.26600200000000000 0.020893
59.7959180000000000 0.27049900000000000 0.020715
59.8979590000000000 0.27023600000000000 0.020578
60.0000000000000000 0.27833600000000000 0.021576
