55.0000000000000000 0.23780200000000000 0.018908
55.1020410000000000 0.28153600000000000 0.020745
55.2040820000000000 0.28680700000000000 0.020894
55.3061220000000000 0.26524600000000000 0.020389
55.4081630000000000 0.23607000000000000 0.018917
55.5102040000000000 0.24444600000000000 0.019166
55.6122450000000000 0.26289900000000000 0.019410
55.7142860000000000 0.22184100000000000 0.018076
55.8163270000000000 0.20019400000000000 0.017053
55.9183670000000000 0.24232000000000000 0.018797
56.0204080000000000 0.26516400000000000 0.020010
56.1224490000000000 0.28548700000000000 0.021392
56.2244900000000000 0.24517600000000000 0.019306
56.3265310000000000 0.28441000000000000 0.021341
56.4285710000000000 0.25649100000000000 0.019729
56.5306120000000000 0.26933400000000000 0.020617
56.6326530000000000 0.27525100000000000 0.020697
56.7346940000000000 0.28014800000000000 0.021330
56.8367350000000000 0.28105200000000000 0.020811
56.9387760000000000 0.27535800000000000 0.021488
57.0408160000000000 0.27389500000000000 0.020512
57.1428570000000000 0.26034900000000000 0.020092
57.2448980000000000 0.30453800000000000 0.022038
57.3469390000000000 0.26875500000000000 0.020569
57.4489800000000000 0.26192300000000000 0.020148
57.5510200000000000 0.25951900000000000 0.020022
57.6530610000000000 0.29181000000000000 0.021471
57.7551020000000000 0.28579800000000000 0.021803
57.8571430000000000 0.23961800000000000 0.019025
57.9591840000000000 0.26048300000000000 0.020220
58.0612240000000000 0.26712100000000000 0.020784
58.1632650000000000 0.25936500000000000 0.020404
58.2653060000000000 0.26991500000000000 0.020666
58.3673470000000000 0.28006300000000000 0.021765
58.4693880000000000 0.26601300000000000 0.020730
58.5714290000000000 0.27764700000000000 0.021198
58.6734690000000000 0.25854900000000000 0.019790
58.7755100000000000 0.20864100000000000 0.018108
58.8775510000000000 0.13455500000000000 0.013973
58.9795920000000000 0.09341100000000000 0.011060
59.0816330000000000 0.06877100000000000 0.009754
59.1836730000000000 0.11506500000000000 0.013149
59.2857140000000000 0.19108500000000000 0.016788
59.3877550000000000 0.24144900000000000 0.019728
59.4897960000000000 0.26514800000000000 0.021030
59.5918370000000000 0.25786700000000000 0.020195
59.6938780000000000 0.27952100000000000 0.021555
59.7959180000000000 0.23480800000000000 0.018971
59.8979590000000000 0.26596500000000000 0.020373
60.0000000000000000 0.27493000000000000 0.021410
