55.0000000000000000 0.24942200000000000 0.019474
55.1020410000000000 0.24045100000000000 0.018788
55.2040820000000000 0.20547300000000000 0.016989
55.3061220000000000 0.20298800000000000 0.017309
55.4081630000000000 0.18055100000000000 0.016112
55.5102040000000000 0.13958100000000000 0.013793
55.6122450000000000 0.14762000000000000 0.013741
55.7142860000000000 0.12516200000000000 0.013004
55.8163270000000000 0.08162600000000000 0.010443
55.9183670000000000 0.07541700000000000 0.009831
56.0204080000000000 0.06508300000000000 0.009217
56.1224490000000000 0.04641900000000000 0.008086
56.2244900000000000 0.04891200000000000 0.008205
56.3265310000000000 0.02057400000000000 0.005873
56.4285710000000000 0.01162100000000000 0.004829
56.5306120000000000 0.00119000000000000 0.003579
56.6326530000000000 0.00011100000000000 0.003340
56.7346940000000000 0.00121300000000000 0.003649
56.8367350000000000 0.00736600000000000 0.004294
56.9387760000000000 0.00240400000000000 0.003965
57.0408160000000000 0.00010900000000000 0.003298
57.1428570000000000 -0.0020210000000000 0.003023
57.2448980000000000 0.00430900000000000 0.003940
57.3469390000000000 -0.0041860000000000 0.002641
57.4489800000000000 0.00011200000000000 0.003372
57.5510200000000000 0.00330100000000000 0.003843
57.6530610000000000 0.00221700000000000 0.003656
57.7551020000000000 -0.0010030000000000 0.003367
57.8571430000000000 0.00011100000000000 0.003357
57.9591840000000000 -0.0009670000000000 0.003247
58.0612240000000000 -0.0009920000000000 0.003330
58.1632650000000000 0.00122400000000000 0.003682
58.2653060000000000 -0.0031240000000000 0.002862
58.3673470000000000 0.00126800000000000 0.003813
58.4693880000000000 0.00011600000000000 0.003510
58.5714290000000000 0.00230900000000000 0.003808
58.6734690000000000 -0.0030170000000000 0.002764
58.7755100000000000 0.00467700000000000 0.004276
58.8775510000000000 0.00011800000000000 0.003549
58.9795920000000000 -0.0050750000000000 0.002330
59.0816330000000000 0.00447400000000000 0.004090
59.1836730000000000 -0.0022230000000000 0.003324
59.2857140000000000 0.00011400000000000 0.003437
59.3877550000000000 0.00578400000000000 0.004404
59.4897960000000000 0.00012000000000000 0.003635
59.5918370000000000 0.00448300000000000 0.004099
59.6938780000000000 0.01025800000000000 0.004940
59.7959180000000000 0.01417400000000000 0.005231
59.8979590000000000 0.01078900000000000 0.004805
60.0000000000000000 0.00579700000000000 0.004414
