55.0000000000000000 0.28745300000000000 0.021297
55.1020410000000000 0.26407500000000000 0.019920
55.2040820000000000 0.27969000000000000 0.020561
55.3061220000000000 0.30818300000000000 0.022436
55.4081630000000000 0.30440200000000000 0.022203
55.5102040000000000 0.26227300000000000 0.020026
55.6122450000000000 0.25606000000000000 0.019090
55.7142860000000000 0.22394200000000000 0.018180
55.8163270000000000 0.19807700000000000 0.016945
55.9183670000000000 0.24333700000000000 0.018846
56.0204080000000000 0.26310100000000000 0.019912
56.1224490000000000 0.26825700000000000 0.020565
56.2244900000000000 0.28549000000000000 0.021245
56.3265310000000000 0.27256400000000000 0.020773
56.4285710000000000 0.27428100000000000 0.020580
56.5306120000000000 0.27041000000000000 0.020669
56.6326530000000000 0.27841400000000000 0.020847
56.7346940000000000 0.27136300000000000 0.020905
56.8367350000000000 0.27275900000000000 0.020419
56.9387760000000000 0.26165300000000000 0.020811
57.0408160000000000 0.26140200000000000 0.019917
57.1428570000000000 0.28701300000000000 0.021370
57.2448980000000000 0.26044800000000000 0.019949
57.3469390000000000 0.28165000000000000 0.021188
57.4489800000000000 0.26405200000000000 0.020251
57.5510200000000000 0.27015000000000000 0.020534
57.6530610000000000 0.27917300000000000 0.020873
57.7551020000000000 0.26675200000000000 0.020875
57.8571430000000000 0.31486100000000000 0.022617
57.9591840000000000 0.29613500000000000 0.021932
58.0612240000000000 0.22945200000000000 0.018920
58.1632650000000000 0.24717800000000000 0.019804
58.2653060000000000 0.27962800000000000 0.021133
58.3673470000000000 0.29956700000000000 0.022717
58.4693880000000000 0.27709200000000000 0.021269
58.5714290000000000 0.26338700000000000 0.020506
58.6734690000000000 0.28876900000000000 0.021225
58.7755100000000000 0.22573300000000000 0.018986
58.8775510000000000 0.13119400000000000 0.013781
58.9795920000000000 0.08408100000000000 0.010482
59.0816330000000000 0.07857900000000000 0.010408
59.1836730000000000 0.13031200000000000 0.014055
59.2857140000000000 0.19651000000000000 0.017067
59.3877550000000000 0.26411000000000000 0.020855
59.4897960000000000 0.23876000000000000 0.019710
59.5918370000000000 0.26332800000000000 0.020461
59.6938780000000000 0.24684900000000000 0.019945
59.7959180000000000 0.27807000000000000 0.021079
59.8979590000000000 0.26916800000000000 0.020527
60.0000000000000000 0.28060800000000000 0.021688
