55.0000000000000000 0.28217100000000000 0.021046
55.1020410000000000 0.26818300000000000 0.020115
55.2040820000000000 0.25529000000000000 0.019409
55.3061220000000000 0.27812700000000000 0.021009
55.4081630000000000 0.25635600000000000 0.019909
55.5102040000000000 0.26227300000000000 0.020026
55.6122450000000000 0.23847500000000000 0.018260
55.7142860000000000 0.22919700000000000 0.018439
55.8163270000000000 0.20866300000000000 0.017481
55.9183670000000000 0.20975300000000000 0.017209
56.0204080000000000 0.23731800000000000 0.018672
56.1224490000000000 0.25856500000000000 0.020096
56.2244900000000000 0.25472400000000000 0.019770
56.3265310000000000 0.27256400000000000 0.020773
56.4285710000000000 0.29521000000000000 0.021569
56.5306120000000000 0.27041000000000000 0.020669
56.6326530000000000 0.26260100000000000 0.020091
56.7346940000000000 0.31748600000000000 0.023113
56.8367350000000000 0.26757500000000000 0.020173
56.9387760000000000 0.26964700000000000 0.021207
57.0408160000000000 0.27389500000000000 0.020512
57.1428570000000000 0.29554500000000000 0.021774
57.2448980000000000 0.29194100000000000 0.021446
57.3469390000000000 0.26445600000000000 0.020361
57.4489800000000000 0.26085900000000000 0.020097
57.5510200000000000 0.25951900000000000 0.020022
57.6530610000000000 0.26232400000000000 0.020068
57.7551020000000000 0.25218800000000000 0.020157
57.8571430000000000 0.28518800000000000 0.021220
57.9591840000000000 0.28317100000000000 0.021314
58.0612240000000000 0.27598400000000000 0.021216
58.1632650000000000 0.26822900000000000 0.020838
58.2653060000000000 0.25480600000000000 0.019933
58.3673470000000000 0.25482200000000000 0.020516
58.4693880000000000 0.26822900000000000 0.020838
58.5714290000000000 0.29300500000000000 0.021937
58.6734690000000000 0.26271700000000000 0.019989
58.7755100000000000 0.23712800000000000 0.019563
58.8775510000000000 0.15360100000000000 0.015039
58.9795920000000000 0.07682400000000000 0.010020
59.0816330000000000 0.05242400000000000 0.008595
59.1836730000000000 0.12092900000000000 0.013501
59.2857140000000000 0.15744800000000000 0.015010
59.3877550000000000 0.22332100000000000 0.018811
59.4897960000000000 0.25482200000000000 0.020516
59.5918370000000000 0.26988100000000000 0.020780
59.6938780000000000 0.27163500000000000 0.021169
59.7959180000000000 0.24886800000000000 0.019663
59.8979590000000000 0.28091300000000000 0.021090
60.0000000000000000 0.26016700000000000 0.020682
