55.0000000000000000 0.35295000000000000 0.024347
55.1020410000000000 0.35651500000000000 0.024203
55.2040820000000000 0.33764000000000000 0.023237
55.3061220000000000 0.32428400000000000 0.023191
55.4081630000000000 0.32575600000000000 0.023204
55.5102040000000000 0.29373200000000000 0.021520
55.6122450000000000 0.28634500000000000 0.020496
55.7142860000000000 0.25231500000000000 0.019566
55.8163270000000000 0.23724700000000000 0.018899
55.9183670000000000 0.23214300000000000 0.018305
56.0204080000000000 0.24144300000000000 0.018872
56.1224490000000000 0.21979700000000000 0.018185
56.2244900000000000 0.20910600000000000 0.017521
56.3265310000000000 0.18641400000000000 0.016485
56.4285710000000000 0.14975300000000000 0.014332
56.5306120000000000 0.11533900000000000 0.012599
56.6326530000000000 0.10763700000000000 0.012012
56.7346940000000000 0.04514000000000000 0.008079
56.8367350000000000 0.02706300000000000 0.006330
56.9387760000000000 0.00354600000000000 0.004128
57.0408160000000000 0.00323200000000000 0.003763
57.1428570000000000 0.00224500000000000 0.003703
57.2448980000000000 0.00011000000000000 0.003326
57.3469390000000000 0.00118700000000000 0.003571
57.4489800000000000 0.00117600000000000 0.003537
57.5510200000000000 0.00011200000000000 0.003368
57.6530610000000000 -0.0041020000000000 0.002588
57.7551020000000000 -0.0021230000000000 0.003175
57.8571430000000000 -0.0041280000000000 0.002605
57.9591840000000000 -0.0020470000000000 0.003062
58.0612240000000000 0.00011600000000000 0.003510
58.1632650000000000 0.00565600000000000 0.004306
58.2653060000000000 -0.0020450000000000 0.003058
58.3673470000000000 0.00012000000000000 0.003635
58.4693880000000000 0.00011600000000000 0.003510
58.5714290000000000 0.00230900000000000 0.003808
58.6734690000000000 0.01365700000000000 0.005039
58.7755100000000000 0.01037500000000000 0.004996
58.8775510000000000 0.00683900000000000 0.004499
58.9795920000000000 0.01254900000000000 0.004900
59.0816330000000000 0.00447400000000000 0.004090
59.1836730000000000 0.01419800000000000 0.005546
59.2857140000000000 -0.0009710000000000 0.003261
59.3877550000000000 0.00351800000000000 0.004096
59.4897960000000000 0.00471000000000000 0.004306
59.5918370000000000 -0.0020700000000000 0.003095
59.6938780000000000 0.00913100000000000 0.004805
59.7959180000000000 0.00227700000000000 0.003755
59.8979590000000000 0.00331500000000000 0.003859
60.0000000000000000 0.00011900000000000 0.003597
