55.0000000000000000 0.28534000000000000 0.021197
55.1020410000000000 0.26304800000000000 0.019871
55.2040820000000000 0.28477300000000000 0.020799
55.3061220000000000 0.28778800000000000 0.021470
55.4081630000000000 0.25208500000000000 0.019701
55.5102040000000000 0.23815400000000000 0.018860
55.6122450000000000 0.22870600000000000 0.017794
55.7142860000000000 0.21133200000000000 0.017553
55.8163270000000000 0.23618800000000000 0.018848
55.9183670000000000 0.23417800000000000 0.018404
56.0204080000000000 0.24144300000000000 0.018872
56.1224490000000000 0.25533400000000000 0.019939
56.2244900000000000 0.28549000000000000 0.021245
56.3265310000000000 0.24995000000000000 0.019676
56.4285710000000000 0.26695600000000000 0.020231
56.5306120000000000 0.25425700000000000 0.019886
56.6326530000000000 0.25838400000000000 0.019888
56.7346940000000000 0.25708700000000000 0.020209
56.8367350000000000 0.26342900000000000 0.019975
56.9387760000000000 0.25594200000000000 0.020528
57.0408160000000000 0.28742800000000000 0.021152
57.1428570000000000 0.28807900000000000 0.021420
57.2448980000000000 0.30243800000000000 0.021940
57.3469390000000000 0.27197800000000000 0.020724
57.4489800000000000 0.24808800000000000 0.019477
57.5510200000000000 0.29035000000000000 0.021496
57.6530610000000000 0.27074900000000000 0.020472
57.7551020000000000 0.24658700000000000 0.019879
57.8571430000000000 0.25339500000000000 0.019696
57.9591840000000000 0.27452800000000000 0.020899
58.0612240000000000 0.27155200000000000 0.021000
58.1632650000000000 0.27155200000000000 0.021000
58.2653060000000000 0.26451900000000000 0.020405
58.3673470000000000 0.25826400000000000 0.020688
58.4693880000000000 0.24053100000000000 0.019474
58.5714290000000000 0.29190800000000000 0.021884
58.6734690000000000 0.26063300000000000 0.019890
58.7755100000000000 0.23143000000000000 0.019275
58.8775510000000000 0.14575800000000000 0.014604
58.9795920000000000 0.09237400000000000 0.010996
59.0816330000000000 0.06659200000000000 0.009605
59.1836730000000000 0.10920000000000000 0.012792
59.2857140000000000 0.19976500000000000 0.017234
59.3877550000000000 0.22785300000000000 0.019042
59.4897960000000000 0.28580000000000000 0.022046
59.5918370000000000 0.27643400000000000 0.021097
59.6938780000000000 0.25248200000000000 0.020225
59.7959180000000000 0.29645600000000000 0.021958
59.8979590000000000 0.25742400000000000 0.019960
60.0000000000000000 0.28401400000000000 0.021854
