55.0000000000000000 0.30329900000000000 0.022044
55.1020410000000000 0.28975200000000000 0.021131
55.2040820000000000 0.30917300000000000 0.021932
55.3061220000000000 0.26417300000000000 0.020337
55.4081630000000000 0.30013100000000000 0.022002
55.5102040000000000 0.27380800000000000 0.020578
55.6122450000000000 0.25801400000000000 0.019181
55.7142860000000000 0.24916300000000000 0.019414
55.8163270000000000 0.24254000000000000 0.019158
55.9183670000000000 0.24639000000000000 0.018992
56.0204080000000000 0.27032100000000000 0.020255
56.1224490000000000 0.29625600000000000 0.021905
56.2244900000000000 0.24729800000000000 0.019410
56.3265310000000000 0.24564200000000000 0.019465
56.4285710000000000 0.24079500000000000 0.018970
56.5306120000000000 0.20795100000000000 0.017588
56.6326530000000000 0.19618800000000000 0.016815
56.7346940000000000 0.17143000000000000 0.015852
56.8367350000000000 0.13902500000000000 0.013684
56.9387760000000000 0.12574700000000000 0.013600
57.0408160000000000 0.08130800000000000 0.010330
57.1428570000000000 0.02677600000000000 0.006418
57.2448980000000000 0.00955800000000000 0.004602
57.3469390000000000 -0.0020360000000000 0.003045
57.4489800000000000 -0.0041450000000000 0.002616
57.5510200000000000 0.00117500000000000 0.003533
57.6530610000000000 -0.0062080000000000 0.002123
57.7551020000000000 0.00011800000000000 0.003549
57.8571430000000000 -0.0030680000000000 0.002811
57.9591840000000000 -0.0009670000000000 0.003247
58.0612240000000000 -0.0009920000000000 0.003330
58.1632650000000000 0.00676400000000000 0.004450
58.2653060000000000 0.00335100000000000 0.003901
58.3673470000000000 0.00241500000000000 0.003983
58.4693880000000000 -0.0009920000000000 0.003330
58.5714290000000000 0.00230900000000000 0.003808
58.6734690000000000 0.00740400000000000 0.004316
58.7755100000000000 0.01721100000000000 0.005755
58.8775510000000000 0.01916300000000000 0.005889
58.9795920000000000 0.00840200000000000 0.004421
59.0816330000000000 0.00992200000000000 0.004778
59.1836730000000000 0.02475300000000000 0.006628
59.2857140000000000 0.04785700000000000 0.008231
59.3877550000000000 0.07376400000000000 0.010306
59.4897960000000000 0.10337800000000000 0.012290
59.5918370000000000 0.11151600000000000 0.012465
59.6938780000000000 0.11390700000000000 0.012810
59.7959180000000000 0.09745200000000000 0.011557
59.8979590000000000 0.13891100000000000 0.013880
60.0000000000000000 0.13866000000000000 0.014303
