55.0000000000000000 0.28111500000000000 0.020996
55.1020410000000000 0.26612900000000000 0.020017
55.2040820000000000 0.26749000000000000 0.019987
55.3061220000000000 0.26846600000000000 0.020544
55.4081630000000000 0.26810100000000000 0.020476
55.5102040000000000 0.25912700000000000 0.019875
55.6122450000000000 0.25312900000000000 0.018952
55.7142860000000000 0.20607800000000000 0.017289
55.8163270000000000 0.19913600000000000 0.016999
55.9183670000000000 0.18838100000000000 0.016140
56.0204080000000000 0.23525500000000000 0.018572
56.1224490000000000 0.27148700000000000 0.020721
56.2244900000000000 0.25896800000000000 0.019975
56.3265310000000000 0.28010200000000000 0.021135
56.4285710000000000 0.28788500000000000 0.021224
56.5306120000000000 0.28441000000000000 0.021341
56.6326530000000000 0.26681800000000000 0.020294
56.7346940000000000 0.29332600000000000 0.021963
56.8367350000000000 0.25409800000000000 0.019528
56.9387760000000000 0.26850500000000000 0.021150
57.0408160000000000 0.27181300000000000 0.020413
57.1428570000000000 0.29981100000000000 0.021976
57.2448980000000000 0.27304500000000000 0.020551
57.3469390000000000 0.26660600000000000 0.020465
57.4489800000000000 0.23105900000000000 0.018642
57.5510200000000000 0.29247600000000000 0.021597
57.6530610000000000 0.26653700000000000 0.020270
57.7551020000000000 0.27123400000000000 0.021094
57.8571430000000000 0.27565000000000000 0.020766
57.9591840000000000 0.27020600000000000 0.020690
58.0612240000000000 0.25604200000000000 0.020241
58.1632650000000000 0.25825700000000000 0.020350
58.2653060000000000 0.24941000000000000 0.019670
58.3673470000000000 0.25597000000000000 0.020573
58.4693880000000000 0.25161000000000000 0.020023
58.5714290000000000 0.23486500000000000 0.019101
58.6734690000000000 0.25333800000000000 0.019539
58.7755100000000000 0.19724700000000000 0.017515
58.8775510000000000 0.15808200000000000 0.015285
58.9795920000000000 0.07371400000000000 0.009818
59.0816330000000000 0.06659200000000000 0.009605
59.1836730000000000 0.13148500000000000 0.014123
59.2857140000000000 0.17589400000000000 0.015995
59.3877550000000000 0.21765600000000000 0.018522
59.4897960000000000 0.28121000000000000 0.021821
59.5918370000000000 0.26769700000000000 0.020674
59.6938780000000000 0.24797600000000000 0.020001
59.7959180000000000 0.28239600000000000 0.021287
59.8979590000000000 0.28838700000000000 0.021446
60.0000000000000000 0.26130300000000000 0.020738
