55.0000000000000000 0.24202800000000000 0.019114
55.1020410000000000 0.24969500000000000 0.019233
55.2040820000000000 0.27155700000000000 0.020179
55.3061220000000000 0.25021800000000000 0.019660
55.4081630000000000 0.28198100000000000 0.021141
55.5102040000000000 0.26227300000000000 0.020026
55.6122450000000000 0.25801400000000000 0.019181
55.7142860000000000 0.19451800000000000 0.016705
55.8163270000000000 0.23513000000000000 0.018796
55.9183670000000000 0.23417800000000000 0.018404
56.0204080000000000 0.25897600000000000 0.019715
56.1224490000000000 0.27902500000000000 0.021083
56.2244900000000000 0.26427200000000000 0.020231
56.3265310000000000 0.25425700000000000 0.019886
56.4285710000000000 0.30044300000000000 0.021815
56.5306120000000000 0.26287200000000000 0.020305
56.6326530000000000 0.28263000000000000 0.021047
56.7346940000000000 0.24500700000000000 0.019614
56.8367350000000000 0.25617200000000000 0.019628
56.9387760000000000 0.25137400000000000 0.020300
57.0408160000000000 0.26244300000000000 0.019967
57.1428570000000000 0.26461500000000000 0.020298
57.2448980000000000 0.29823900000000000 0.021743
57.3469390000000000 0.27090400000000000 0.020672
57.4489800000000000 0.27682300000000000 0.020863
57.5510200000000000 0.25845500000000000 0.019970
57.6530610000000000 0.27496100000000000 0.020673
57.7551020000000000 0.29476000000000000 0.022236
57.8571430000000000 0.28730700000000000 0.021321
57.9591840000000000 0.25616200000000000 0.020009
58.0612240000000000 0.29371000000000000 0.022072
58.1632650000000000 0.27044400000000000 0.020946
58.2653060000000000 0.25480600000000000 0.019933
58.3673470000000000 0.24449700000000000 0.019999
58.4693880000000000 0.27044400000000000 0.020946
58.5714290000000000 0.24254400000000000 0.019482
58.6734690000000000 0.25959100000000000 0.019840
58.7755100000000000 0.22003600000000000 0.018695
58.8775510000000000 0.15136000000000000 0.014915
58.9795920000000000 0.09030100000000000 0.010869
59.0816330000000000 0.06659200000000000 0.009605
59.1836730000000000 0.12210200000000000 0.013571
59.2857140000000000 0.18348900000000000 0.016393
59.3877550000000000 0.24031600000000000 0.019671
59.4897960000000000 0.25023300000000000 0.020287
59.5918370000000000 0.28298700000000000 0.021412
59.6938780000000000 0.28515400000000000 0.021829
59.7959180000000000 0.24237900000000000 0.019344
59.8979590000000000 0.28518400000000000 0.021293
60.0000000000000000 0.30559000000000000 0.022900
