55.0000000000000000 0.24519700000000000 0.019269
55.1020410000000000 0.26510200000000000 0.019969
55.2040820000000000 0.23800700000000000 0.018580
55.3061220000000000 0.21264900000000000 0.017798
55.4081630000000000 0.25955900000000000 0.020064
55.5102040000000000 0.19201300000000000 0.016560
55.6122450000000000 0.16618200000000000 0.014705
55.7142860000000000 0.11780600000000000 0.012584
55.8163270000000000 0.08268500000000000 0.010511
55.9183670000000000 0.06931000000000000 0.009432
56.0204080000000000 0.03208000000000000 0.006745
56.1224490000000000 0.01411200000000000 0.005208
56.2244900000000000 -0.0009500000000000 0.003188
56.3265310000000000 0.00334400000000000 0.003893
56.4285710000000000 -0.0040760000000000 0.002572
56.5306120000000000 0.00334400000000000 0.003893
56.6326530000000000 -0.0009440000000000 0.003168
56.7346940000000000 0.00121300000000000 0.003649
56.8367350000000000 -0.0009280000000000 0.003116
56.9387760000000000 0.00354600000000000 0.004128
57.0408160000000000 0.00010900000000000 0.003298
57.1428570000000000 0.00437800000000000 0.004003
57.2448980000000000 0.00011000000000000 0.003326
57.3469390000000000 0.00333600000000000 0.003884
57.4489800000000000 0.00756200000000000 0.004408
57.5510200000000000 0.01180600000000000 0.004906
57.6530610000000000 0.01906600000000000 0.005639
57.7551020000000000 0.02812500000000000 0.006745
57.8571430000000000 0.03296400000000000 0.006933
57.9591840000000000 0.05629300000000000 0.008835
58.0612240000000000 0.07656100000000000 0.010368
58.1632650000000000 0.06548200000000000 0.009615
58.2653060000000000 0.08321200000000000 0.010653
58.3673470000000000 0.09534700000000000 0.011789
58.4693880000000000 0.09982700000000000 0.011851
58.5714290000000000 0.10432700000000000 0.012063
58.6734690000000000 0.11682400000000000 0.012474
58.7755100000000000 0.09241600000000000 0.011561
58.8775510000000000 0.06733600000000000 0.009804
58.9795920000000000 0.04365000000000000 0.007699
59.0816330000000000 0.03934700000000000 0.007584
59.1836730000000000 0.05759400000000000 0.009352
59.2857140000000000 0.10428000000000000 0.011992
59.3877550000000000 0.15760700000000000 0.015345
59.4897960000000000 0.15385900000000000 0.015233
59.5918370000000000 0.17377000000000000 0.015933
59.6938780000000000 0.18375800000000000 0.016710
59.7959180000000000 0.18938300000000000 0.016673
59.8979590000000000 0.16987400000000000 0.015553
60.0000000000000000 0.18294800000000000 0.016732
