55.0000000000000000 0.37407800000000000 0.025312
55.1020410000000000 0.33083700000000000 0.023032
55.2040820000000000 0.34170700000000000 0.023422
55.3061220000000000 0.32213700000000000 0.023091
55.4081630000000000 0.33643200000000000 0.023700
55.5102040000000000 0.28429400000000000 0.021075
55.6122450000000000 0.30881500000000000 0.021523
55.7142860000000000 0.27963800000000000 0.020875
55.8163270000000000 0.26265400000000000 0.020133
55.9183670000000000 0.24130200000000000 0.018748
56.0204080000000000 0.24660000000000000 0.019121
56.1224490000000000 0.28548700000000000 0.021392
56.2244900000000000 0.27382000000000000 0.020689
56.3265310000000000 0.27687200000000000 0.020980
56.4285710000000000 0.23660900000000000 0.018766
56.5306120000000000 0.22195100000000000 0.018293
56.6326530000000000 0.20356700000000000 0.017189
56.7346940000000000 0.17472400000000000 0.016027
56.8367350000000000 0.13280500000000000 0.013341
56.9387760000000000 0.08006400000000000 0.010774
57.0408160000000000 0.05111900000000000 0.008279
57.1428570000000000 0.01504400000000000 0.005273
57.2448980000000000 0.00116000000000000 0.003488
57.3469390000000000 -0.0020360000000000 0.003045
57.4489800000000000 0.00330400000000000 0.003847
57.5510200000000000 -0.0030780000000000 0.002820
57.6530610000000000 -0.0041020000000000 0.002588
57.7551020000000000 0.00123800000000000 0.003723
57.8571430000000000 -0.0041280000000000 0.002605
57.9591840000000000 -0.0020470000000000 0.003062
58.0612240000000000 0.00011600000000000 0.003510
58.1632650000000000 0.00011600000000000 0.003510
58.2653060000000000 -0.0009660000000000 0.003243
58.3673470000000000 -0.0010270000000000 0.003448
58.4693880000000000 0.00233200000000000 0.003846
58.5714290000000000 0.01327900000000000 0.005186
58.6734690000000000 0.01053000000000000 0.004690
58.7755100000000000 0.02063000000000000 0.006104
58.8775510000000000 0.01468200000000000 0.005419
58.9795920000000000 0.01773300000000000 0.005447
59.0816330000000000 0.01864100000000000 0.005727
59.1836730000000000 0.03296400000000000 0.007379
59.2857140000000000 0.05979200000000000 0.009107
59.3877550000000000 0.07489700000000000 0.010383
59.4897960000000000 0.12861900000000000 0.013800
59.5918370000000000 0.11479300000000000 0.012658
59.6938780000000000 0.12742700000000000 0.013603
59.7959180000000000 0.12773500000000000 0.013342
59.8979590000000000 0.13677600000000000 0.013762
60.0000000000000000 0.16591400000000000 0.015816
