55.0000000000000000 0.27055100000000000 0.020492
55.1020410000000000 0.27126400000000000 0.020261
55.2040820000000000 0.23394000000000000 0.018384
55.3061220000000000 0.26954000000000000 0.020596
55.4081630000000000 0.25101800000000000 0.019649
55.5102040000000000 0.27695400000000000 0.020727
55.6122450000000000 0.26973700000000000 0.019728
55.7142860000000000 0.22289100000000000 0.018128
55.8163270000000000 0.22030900000000000 0.018063
55.9183670000000000 0.23519600000000000 0.018453
56.0204080000000000 0.24144300000000000 0.018872
56.1224490000000000 0.25748800000000000 0.020044
56.2244900000000000 0.24305500000000000 0.019203
56.3265310000000000 0.25964200000000000 0.020148
56.4285710000000000 0.27009500000000000 0.020381
56.5306120000000000 0.25318000000000000 0.019834
56.6326530000000000 0.24573400000000000 0.019276
56.7346940000000000 0.22084700000000000 0.018408
56.8367350000000000 0.24373100000000000 0.019029
56.9387760000000000 0.25936900000000000 0.020698
57.0408160000000000 0.26556600000000000 0.020116
57.1428570000000000 0.29981100000000000 0.021976
57.2448980000000000 0.26464700000000000 0.020150
57.3469390000000000 0.29347000000000000 0.021751
57.4489800000000000 0.26298800000000000 0.020199
57.5510200000000000 0.27759200000000000 0.020890
57.6530610000000000 0.26653700000000000 0.020270
57.7551020000000000 0.29139900000000000 0.022074
57.8571430000000000 0.30956200000000000 0.022370
57.9591840000000000 0.24859900000000000 0.019640
58.0612240000000000 0.26158100000000000 0.020513
58.1632650000000000 0.30922100000000000 0.022814
58.2653060000000000 0.30013300000000000 0.022111
58.3673470000000000 0.28694700000000000 0.022102
58.4693880000000000 0.24163900000000000 0.019529
58.5714290000000000 0.28861700000000000 0.021726
58.6734690000000000 0.23979100000000000 0.018884
58.7755100000000000 0.22117500000000000 0.018753
58.8775510000000000 0.15472100000000000 0.015101
58.9795920000000000 0.09341100000000000 0.011060
59.0816330000000000 0.06114300000000000 0.009225
59.1836730000000000 0.13148500000000000 0.014123
59.2857140000000000 0.16829800000000000 0.015592
59.3877550000000000 0.24824800000000000 0.020068
59.4897960000000000 0.28809400000000000 0.022158
59.5918370000000000 0.25786700000000000 0.020195
59.6938780000000000 0.23783600000000000 0.019494
59.7959180000000000 0.29429300000000000 0.021855
59.8979590000000000 0.24888200000000000 0.019545
60.0000000000000000 0.26016700000000000 0.020682
