55.0000000000000000 0.24836600000000000 0.019423
55.1020410000000000 0.28359000000000000 0.020842
55.2040820000000000 0.26545700000000000 0.019891
55.3061220000000000 0.25129200000000000 0.019712
55.4081630000000000 0.25528900000000000 0.019857
55.5102040000000000 0.26227300000000000 0.020026
55.6122450000000000 0.23847500000000000 0.018260
55.7142860000000000 0.21238300000000000 0.017605
55.8163270000000000 0.18854900000000000 0.016459
55.9183670000000000 0.21687700000000000 0.017560
56.0204080000000000 0.24660000000000000 0.019121
56.1224490000000000 0.24133500000000000 0.019254
56.2244900000000000 0.26639400000000000 0.020333
56.3265310000000000 0.23272000000000000 0.018829
56.4285710000000000 0.25544500000000000 0.019679
56.5306120000000000 0.26287200000000000 0.020305
56.6326530000000000 0.28263000000000000 0.021047
56.7346940000000000 0.27246100000000000 0.020958
56.8367350000000000 0.26239200000000000 0.019926
56.9387760000000000 0.29477300000000000 0.022436
57.0408160000000000 0.26036100000000000 0.019867
57.1428570000000000 0.28807900000000000 0.021420
57.2448980000000000 0.26044800000000000 0.019949
57.3469390000000000 0.29132100000000000 0.021649
57.4489800000000000 0.25234500000000000 0.019684
57.5510200000000000 0.27333900000000000 0.020686
57.6530610000000000 0.27390800000000000 0.020622
57.7551020000000000 0.30260200000000000 0.022614
57.8571430000000000 0.26081300000000000 0.020055
57.9591840000000000 0.30045700000000000 0.022137
58.0612240000000000 0.29481800000000000 0.022125
58.1632650000000000 0.23942300000000000 0.019419
58.2653060000000000 0.25264800000000000 0.019828
58.3673470000000000 0.29153600000000000 0.022326
58.4693880000000000 0.29149500000000000 0.021965
58.5714290000000000 0.24254400000000000 0.019482
58.6734690000000000 0.24604300000000000 0.019187
58.7755100000000000 0.21547800000000000 0.018461
58.8775510000000000 0.15136000000000000 0.014915
58.9795920000000000 0.10377800000000000 0.011682
59.0816330000000000 0.07857900000000000 0.010408
59.1836730000000000 0.13148500000000000 0.014123
59.2857140000000000 0.19542500000000000 0.017011
59.3877550000000000 0.25617900000000000 0.020462
59.4897960000000000 0.26629500000000000 0.021086
59.5918370000000000 0.26005200000000000 0.020302
59.6938780000000000 0.28515400000000000 0.021829
59.7959180000000000 0.24021600000000000 0.019238
59.8979590000000000 0.27771000000000000 0.020937
60.0000000000000000 0.27493000000000000 0.021410
