55.0000000000000000 0.24836600000000000 0.019423
55.1020410000000000 0.24456000000000000 0.018986
55.2040820000000000 0.30205700000000000 0.021603
55.3061220000000000 0.26739300000000000 0.020493
55.4081630000000000 0.26169500000000000 0.020167
55.5102040000000000 0.21298600000000000 0.017618
55.6122450000000000 0.24531400000000000 0.018584
55.7142860000000000 0.23865400000000000 0.018903
55.8163270000000000 0.20442900000000000 0.017267
55.9183670000000000 0.20771800000000000 0.017108
56.0204080000000000 0.25897600000000000 0.019715
56.1224490000000000 0.27256400000000000 0.020773
56.2244900000000000 0.23775000000000000 0.018943
56.3265310000000000 0.28441000000000000 0.021341
56.4285710000000000 0.27951300000000000 0.020829
56.5306120000000000 0.28979400000000000 0.021598
56.6326530000000000 0.27841400000000000 0.020847
56.7346940000000000 0.26916700000000000 0.020798
56.8367350000000000 0.26757500000000000 0.020173
56.9387760000000000 0.27307300000000000 0.021375
57.0408160000000000 0.24682800000000000 0.019216
57.1428570000000000 0.26461500000000000 0.020298
57.2448980000000000 0.24995100000000000 0.019442
57.3469390000000000 0.25048700000000000 0.019683
57.4489800000000000 0.26192300000000000 0.020148
57.5510200000000000 0.29247600000000000 0.021597
57.6530610000000000 0.27812000000000000 0.020823
57.7551020000000000 0.30708400000000000 0.022829
57.8571430000000000 0.28730700000000000 0.021321
57.9591840000000000 0.28209100000000000 0.021262
58.0612240000000000 0.25715000000000000 0.020296
58.1632650000000000 0.26158100000000000 0.020513
58.2653060000000000 0.25156800000000000 0.019775
58.3673470000000000 0.27088500000000000 0.021313
58.4693880000000000 0.25825700000000000 0.020350
58.5714290000000000 0.27545300000000000 0.021092
58.6734690000000000 0.26167500000000000 0.019939
58.7755100000000000 0.18699100000000000 0.016975
58.8775510000000000 0.14351800000000000 0.014479
58.9795920000000000 0.09030100000000000 0.010869
59.0816330000000000 0.07422000000000000 0.010121
59.1836730000000000 0.10450900000000000 0.012503
59.2857140000000000 0.19325500000000000 0.016900
59.3877550000000000 0.23918300000000000 0.019614
59.4897960000000000 0.25941200000000000 0.020745
59.5918370000000000 0.28080300000000000 0.021307
59.6938780000000000 0.23220300000000000 0.019210
59.7959180000000000 0.28239600000000000 0.021287
59.8979590000000000 0.26489800000000000 0.020322
60.0000000000000000 0.25676000000000000 0.020513
