55.0000000000000000 0.35400700000000000 0.024395
55.1020410000000000 0.33699900000000000 0.023314
55.2040820000000000 0.36509000000000000 0.024479
55.3061220000000000 0.35111900000000000 0.024438
55.4081630000000000 0.35458300000000000 0.024539
55.5102040000000000 0.33672700000000000 0.023521
55.6122450000000000 0.32151500000000000 0.022099
55.7142860000000000 0.29119700000000000 0.021422
55.8163270000000000 0.29441300000000000 0.021647
55.9183670000000000 0.30745300000000000 0.021863
56.0204080000000000 0.32498200000000000 0.022806
56.1224490000000000 0.30702400000000000 0.022414
56.2244900000000000 0.28124700000000000 0.021043
56.3265310000000000 0.27148700000000000 0.020721
56.4285710000000000 0.27742100000000000 0.020729
56.5306120000000000 0.25641100000000000 0.019991
56.6326530000000000 0.20672900000000000 0.017348
56.7346940000000000 0.17252800000000000 0.015910
56.8367350000000000 0.15146600000000000 0.014357
56.9387760000000000 0.07435400000000000 0.010391
57.0408160000000000 0.03238000000000000 0.006809
57.1428570000000000 0.00757800000000000 0.004418
57.2448980000000000 -0.0009400000000000 0.003155
57.3469390000000000 0.00011300000000000 0.003404
57.4489800000000000 -0.0030810000000000 0.002823
57.5510200000000000 0.00117500000000000 0.003533
57.6530610000000000 0.00011000000000000 0.003336
57.7551020000000000 0.00011800000000000 0.003549
57.8571430000000000 -0.0009490000000000 0.003185
57.9591840000000000 0.00119400000000000 0.003590
58.0612240000000000 -0.0021000000000000 0.003140
58.1632650000000000 0.00011600000000000 0.003510
58.2653060000000000 0.00011300000000000 0.003419
58.3673470000000000 0.00585700000000000 0.004459
58.4693880000000000 0.00454800000000000 0.004158
58.5714290000000000 0.01327900000000000 0.005186
58.6734690000000000 0.01574100000000000 0.005261
58.7755100000000000 0.01949000000000000 0.005990
58.8775510000000000 0.00796000000000000 0.004641
58.9795920000000000 0.00321900000000000 0.003747
59.0816330000000000 -0.0031550000000000 0.002890
59.1836730000000000 0.00129600000000000 0.003898
59.2857140000000000 -0.0020560000000000 0.003075
59.3877550000000000 0.00011900000000000 0.003589
59.4897960000000000 0.00356200000000000 0.004147
59.5918370000000000 -0.0020700000000000 0.003095
59.6938780000000000 0.00124500000000000 0.003744
59.7959180000000000 -0.0020500000000000 0.003065
59.8979590000000000 0.00011200000000000 0.003382
60.0000000000000000 0.00125500000000000 0.003774
