55.0000000000000000 0.37196500000000000 0.025216
55.1020410000000000 0.31029500000000000 0.022086
55.2040820000000000 0.32340700000000000 0.022587
55.3061220000000000 0.28242100000000000 0.021214
55.4081630000000000 0.27984500000000000 0.021039
55.5102040000000000 0.24234800000000000 0.019064
55.6122450000000000 0.20525900000000000 0.016659
55.7142860000000000 0.19977300000000000 0.016971
55.8163270000000000 0.21183900000000000 0.017640
55.9183670000000000 0.18431100000000000 0.015933
56.0204080000000000 0.14965300000000000 0.014224
56.1224490000000000 0.12503100000000000 0.013158
56.2244900000000000 0.11256500000000000 0.012341
56.3265310000000000 0.09164800000000000 0.011173
56.4285710000000000 0.05557200000000000 0.008627
56.5306120000000000 0.02703500000000000 0.006481
56.6326530000000000 0.00432700000000000 0.003956
56.7346940000000000 0.00011500000000000 0.003479
56.8367350000000000 -0.0009280000000000 0.003116
56.9387760000000000 -0.0010220000000000 0.003432
57.0408160000000000 0.00010900000000000 0.003298
57.1428570000000000 -0.0041540000000000 0.002621
57.2448980000000000 0.00116000000000000 0.003488
57.3469390000000000 0.00978400000000000 0.004711
57.4489800000000000 -0.0020170000000000 0.003016
57.5510200000000000 -0.0062670000000000 0.002143
57.6530610000000000 -0.0041020000000000 0.002588
57.7551020000000000 -0.0021230000000000 0.003175
57.8571430000000000 -0.0020080000000000 0.003003
57.9591840000000000 -0.0020470000000000 0.003062
58.0612240000000000 0.00122400000000000 0.003682
58.1632650000000000 -0.0054230000000000 0.002490
58.2653060000000000 0.00443000000000000 0.004050
58.3673470000000000 0.00126800000000000 0.003813
58.4693880000000000 0.01119500000000000 0.004987
58.5714290000000000 0.00889100000000000 0.004678
58.6734690000000000 0.01157200000000000 0.004809
58.7755100000000000 0.01607200000000000 0.005635
58.8775510000000000 0.01468200000000000 0.005419
58.9795920000000000 0.00840200000000000 0.004421
59.0816330000000000 0.01537100000000000 0.005388
59.1836730000000000 0.03061800000000000 0.007171
59.2857140000000000 0.04134600000000000 0.007725
59.3877550000000000 0.06583300000000000 0.009760
59.4897960000000000 0.09534700000000000 0.011789
59.5918370000000000 0.07765900000000000 0.010360
59.6938780000000000 0.09362800000000000 0.011568
59.7959180000000000 0.08880000000000000 0.011020
59.8979590000000000 0.09300100000000000 0.011207
60.0000000000000000 0.09096600000000000 0.011448
