55.0000000000000000 0.26104300000000000 0.020036
55.1020410000000000 0.26612900000000000 0.020017
55.2040820000000000 0.25122300000000000 0.019215
55.3061220000000000 0.25880500000000000 0.020077
55.4081630000000000 0.26276200000000000 0.020219
55.5102040000000000 0.27171000000000000 0.020478
55.6122450000000000 0.23359100000000000 0.018027
55.7142860000000000 0.21973900000000000 0.017972
55.8163270000000000 0.19384200000000000 0.016730
55.9183670000000000 0.20670000000000000 0.017058
56.0204080000000000 0.25175700000000000 0.019369
56.1224490000000000 0.25641100000000000 0.019991
56.2244900000000000 0.27700300000000000 0.020841
56.3265310000000000 0.29840900000000000 0.022007
56.4285710000000000 0.26695600000000000 0.020231
56.5306120000000000 0.26933400000000000 0.020617
56.6326530000000000 0.27314300000000000 0.020596
56.7346940000000000 0.26916700000000000 0.020798
56.8367350000000000 0.25928200000000000 0.019777
56.9387760000000000 0.27535800000000000 0.021488
57.0408160000000000 0.28326400000000000 0.020956
57.1428570000000000 0.28488000000000000 0.021268
57.2448980000000000 0.28774200000000000 0.021248
57.3469390000000000 0.25908400000000000 0.020101
57.4489800000000000 0.26724500000000000 0.020404
57.5510200000000000 0.26696100000000000 0.020380
57.6530610000000000 0.24652800000000000 0.019305
57.7551020000000000 0.27795500000000000 0.021422
57.8571430000000000 0.25869400000000000 0.019952
57.9591840000000000 0.26696500000000000 0.020534
58.0612240000000000 0.28263100000000000 0.021538
58.1632650000000000 0.24496300000000000 0.019694
58.2653060000000000 0.29581600000000000 0.021906
58.3673470000000000 0.27317900000000000 0.021427
58.4693880000000000 0.27598400000000000 0.021216
58.5714290000000000 0.25899900000000000 0.020292
58.6734690000000000 0.24812800000000000 0.019288
58.7755100000000000 0.20636200000000000 0.017990
58.8775510000000000 0.15920200000000000 0.015346
58.9795920000000000 0.08511800000000000 0.010547
59.0816330000000000 0.07095100000000000 0.009902
59.1836730000000000 0.11271900000000000 0.013007
59.2857140000000000 0.18131900000000000 0.016279
59.3877550000000000 0.24371500000000000 0.019841
59.4897960000000000 0.24449700000000000 0.019999
59.5918370000000000 0.26442000000000000 0.020514
59.6938780000000000 0.27163500000000000 0.021169
59.7959180000000000 0.24670500000000000 0.019557
59.8979590000000000 0.23927300000000000 0.019075
60.0000000000000000 0.26698100000000000 0.021019
