55.0000000000000000 0.26949400000000000 0.020442
55.1020410000000000 0.22915300000000000 0.018239
55.2040820000000000 0.29392300000000000 0.021226
55.3061220000000000 0.26309900000000000 0.020285
55.4081630000000000 0.25742400000000000 0.019960
55.5102040000000000 0.28324600000000000 0.021026
55.6122450000000000 0.25703700000000000 0.019135
55.7142860000000000 0.23129800000000000 0.018542
55.8163270000000000 0.22560200000000000 0.018326
55.9183670000000000 0.21382400000000000 0.017410
56.0204080000000000 0.26619500000000000 0.020059
56.1224490000000000 0.26825700000000000 0.020565
56.2244900000000000 0.26639400000000000 0.020333
56.3265310000000000 0.27687200000000000 0.020980
56.4285710000000000 0.30672100000000000 0.022108
56.5306120000000000 0.27902500000000000 0.021083
56.6326530000000000 0.27419700000000000 0.020646
56.7346940000000000 0.27355900000000000 0.021011
56.8367350000000000 0.26031800000000000 0.019827
56.9387760000000000 0.26507900000000000 0.020981
57.0408160000000000 0.25411500000000000 0.019567
57.1428570000000000 0.26568200000000000 0.020349
57.2448980000000000 0.25520000000000000 0.019696
57.3469390000000000 0.27197800000000000 0.020724
57.4489800000000000 0.25979500000000000 0.020045
57.5510200000000000 0.27440300000000000 0.020737
57.6530610000000000 0.26969600000000000 0.020421
57.7551020000000000 0.28243700000000000 0.021640
57.8571430000000000 0.26823100000000000 0.020411
57.9591840000000000 0.28641200000000000 0.021469
58.0612240000000000 0.28373900000000000 0.021591
58.1632650000000000 0.27044400000000000 0.020946
58.2653060000000000 0.30660800000000000 0.022417
58.3673470000000000 0.29727300000000000 0.022605
58.4693880000000000 0.31254500000000000 0.022972
58.5714290000000000 0.28532600000000000 0.021568
58.6734690000000000 0.23979100000000000 0.018884
58.7755100000000000 0.23598800000000000 0.019506
58.8775510000000000 0.12671300000000000 0.013523
58.9795920000000000 0.07267700000000000 0.009750
59.0816330000000000 0.06768100000000000 0.009680
59.1836730000000000 0.09629900000000000 0.011988
59.2857140000000000 0.17589400000000000 0.015995
59.3877550000000000 0.27883900000000000 0.021578
59.4897960000000000 0.21466700000000000 0.018480
59.5918370000000000 0.24585300000000000 0.019605
59.6938780000000000 0.25924200000000000 0.020560
59.7959180000000000 0.26509100000000000 0.020453
59.8979590000000000 0.28198100000000000 0.021141
60.0000000000000000 0.24994700000000000 0.020174
