55.0000000000000000 0.27477600000000000 0.020694
55.1020410000000000 0.27742700000000000 0.020552
55.2040820000000000 0.29900700000000000 0.021462
55.3061220000000000 0.25021800000000000 0.019660
55.4081630000000000 0.22966400000000000 0.018601
55.5102040000000000 0.21822900000000000 0.017879
55.6122450000000000 0.20721300000000000 0.016755
55.7142860000000000 0.14302600000000000 0.013996
55.8163270000000000 0.12503100000000000 0.013045
55.9183670000000000 0.12833700000000000 0.012971
56.0204080000000000 0.10943100000000000 0.011982
56.1224490000000000 0.10995500000000000 0.012283
56.2244900000000000 0.05952100000000000 0.008975
56.3265310000000000 0.04318800000000000 0.007836
56.4285710000000000 0.02731800000000000 0.006390
56.5306120000000000 0.02595800000000000 0.006383
56.6326530000000000 0.00643600000000000 0.004234
56.7346940000000000 0.00450800000000000 0.004121
56.8367350000000000 -0.0030010000000000 0.002750
56.9387760000000000 -0.0033060000000000 0.003029
57.0408160000000000 -0.0009320000000000 0.003129
57.1428570000000000 -0.0052210000000000 0.002397
57.2448980000000000 0.00221000000000000 0.003644
57.3469390000000000 0.00011300000000000 0.003404
57.4489800000000000 0.00117600000000000 0.003537
57.5510200000000000 -0.0020150000000000 0.003013
57.6530610000000000 0.00011000000000000 0.003336
57.7551020000000000 0.00011800000000000 0.003549
57.8571430000000000 -0.0009490000000000 0.003185
57.9591840000000000 0.00227400000000000 0.003751
58.0612240000000000 0.00011600000000000 0.003510
58.1632650000000000 0.00011600000000000 0.003510
58.2653060000000000 -0.0042040000000000 0.002652
58.3673470000000000 0.00126800000000000 0.003813
58.4693880000000000 0.00233200000000000 0.003846
58.5714290000000000 -0.0020790000000000 0.003109
58.6734690000000000 -0.0019750000000000 0.002953
58.7755100000000000 -0.0021590000000000 0.003229
58.8775510000000000 0.00347800000000000 0.004050
58.9795920000000000 0.00114500000000000 0.003445
59.0816330000000000 -0.0009750000000000 0.003275
59.1836730000000000 0.00246900000000000 0.004072
59.2857140000000000 0.00662400000000000 0.004358
59.3877550000000000 -0.0021470000000000 0.003211
59.4897960000000000 0.00471000000000000 0.004306
59.5918370000000000 0.00885200000000000 0.004658
59.6938780000000000 0.01927100000000000 0.005922
59.7959180000000000 0.02607000000000000 0.006411
59.8979590000000000 0.01826300000000000 0.005610
60.0000000000000000 0.04100000000000000 0.007908
