55.0000000000000000 0.29379100000000000 0.021596
55.1020410000000000 0.27948100000000000 0.020649
55.2040820000000000 0.27562300000000000 0.020371
55.3061220000000000 0.28027400000000000 0.021111
55.4081630000000000 0.26276200000000000 0.020219
55.5102040000000000 0.23815400000000000 0.018860
55.6122450000000000 0.21600600000000000 0.017182
55.7142860000000000 0.21238300000000000 0.017605
55.8163270000000000 0.15996600000000000 0.014963
55.9183670000000000 0.17922200000000000 0.015674
56.0204080000000000 0.15790400000000000 0.014663
56.1224490000000000 0.09487900000000000 0.011373
56.2244900000000000 0.08922600000000000 0.010935
56.3265310000000000 0.04857300000000000 0.008250
56.4285710000000000 0.00743500000000000 0.004334
56.5306120000000000 0.00334400000000000 0.003893
56.6326530000000000 0.00116500000000000 0.003503
56.7346940000000000 0.00011500000000000 0.003479
56.8367350000000000 0.00529200000000000 0.004029
56.9387760000000000 0.00583000000000000 0.004439
57.0408160000000000 0.00323200000000000 0.003763
57.1428570000000000 0.00331200000000000 0.003855
57.2448980000000000 -0.0061880000000000 0.002116
57.3469390000000000 -0.0020360000000000 0.003045
57.4489800000000000 0.00224000000000000 0.003695
57.5510200000000000 -0.0020150000000000 0.003013
57.6530610000000000 0.00011000000000000 0.003336
57.7551020000000000 0.00347800000000000 0.004050
57.8571430000000000 0.00435000000000000 0.003977
57.9591840000000000 0.01199700000000000 0.004986
58.0612240000000000 0.02781400000000000 0.006670
58.1632650000000000 0.02005800000000000 0.005934
58.2653060000000000 0.04004400000000000 0.007596
58.3673470000000000 0.05404400000000000 0.008973
58.4693880000000000 0.06437500000000000 0.009538
58.5714290000000000 0.08238700000000000 0.010693
58.6734690000000000 0.05950900000000000 0.008885
58.7755100000000000 0.09925300000000000 0.011991
58.8775510000000000 0.04717100000000000 0.008332
58.9795920000000000 0.01669600000000000 0.005341
59.0816330000000000 0.00992200000000000 0.004778
59.1836730000000000 0.00012300000000000 0.003716
59.2857140000000000 0.00011400000000000 0.003437
59.3877550000000000 -0.0021470000000000 0.003211
59.4897960000000000 0.00815200000000000 0.004753
59.5918370000000000 0.00120700000000000 0.003629
59.6938780000000000 -0.0043880000000000 0.002769
59.7959180000000000 0.01850000000000000 0.005684
59.8979590000000000 0.05990200000000000 0.009033
60.0000000000000000 0.08983000000000000 0.011375
