55.0000000000000000 0.31808900000000000 0.022735
55.1020410000000000 0.24250500000000000 0.018887
55.2040820000000000 0.25325700000000000 0.019312
55.3061220000000000 0.25343800000000000 0.019817
55.4081630000000000 0.21898700000000000 0.018070
55.5102040000000000 0.21088900000000000 0.017513
55.6122450000000000 0.17985900000000000 0.015400
55.7142860000000000 0.14092500000000000 0.013881
55.8163270000000000 0.14196900000000000 0.013990
55.9183670000000000 0.13546100000000000 0.013364
56.0204080000000000 0.10633700000000000 0.011802
56.1224490000000000 0.09918600000000000 0.011637
56.2244900000000000 0.06482500000000000 0.009343
56.3265310000000000 0.03995800000000000 0.007580
56.4285710000000000 0.02103900000000000 0.005808
56.5306120000000000 0.00334400000000000 0.003893
56.6326530000000000 0.00221900000000000 0.003660
56.7346940000000000 0.00011500000000000 0.003479
56.8367350000000000 -0.0019650000000000 0.002938
56.9387760000000000 0.00126200000000000 0.003795
57.0408160000000000 -0.0019730000000000 0.002950
57.1428570000000000 -0.0041540000000000 0.002621
57.2448980000000000 0.00116000000000000 0.003488
57.3469390000000000 0.00011300000000000 0.003404
57.4489800000000000 -0.0084030000000000 0.001542
57.5510200000000000 0.00223800000000000 0.003691
57.6530610000000000 -0.0009430000000000 0.003165
57.7551020000000000 0.00796000000000000 0.004641
57.8571430000000000 0.00011100000000000 0.003357
57.9591840000000000 -0.0031280000000000 0.002865
58.0612240000000000 0.00565600000000000 0.004306
58.1632650000000000 -0.0009920000000000 0.003330
58.2653060000000000 0.00011300000000000 0.003419
58.3673470000000000 0.00126800000000000 0.003813
58.4693880000000000 0.00011600000000000 0.003510
58.5714290000000000 0.00340600000000000 0.003965
58.6734690000000000 0.00219400000000000 0.003618
58.7755100000000000 0.00581700000000000 0.004429
58.8775510000000000 0.01692200000000000 0.005658
58.9795920000000000 0.00840200000000000 0.004421
59.0816330000000000 0.00556300000000000 0.004236
59.1836730000000000 0.01419800000000000 0.005546
59.2857140000000000 0.02507000000000000 0.006332
59.3877550000000000 0.03071000000000000 0.007026
59.4897960000000000 0.05060200000000000 0.008713
59.5918370000000000 0.05253900000000000 0.008614
59.6938780000000000 0.04631000000000000 0.008292
59.7959180000000000 0.05310900000000000 0.008608
59.8979590000000000 0.07057900000000000 0.009767
60.0000000000000000 0.07847400000000000 0.010635
