55.0000000000000000 0.31492000000000000 0.022587
55.1020410000000000 0.29488800000000000 0.021371
55.2040820000000000 0.29900700000000000 0.021462
55.3061220000000000 0.29637500000000000 0.021878
55.4081630000000000 0.26596500000000000 0.020373
55.5102040000000000 0.23605600000000000 0.018757
55.6122450000000000 0.21991300000000000 0.017371
55.7142860000000000 0.18926400000000000 0.016437
55.8163270000000000 0.16208300000000000 0.015076
55.9183670000000000 0.18838100000000000 0.016140
56.0204080000000000 0.16615500000000000 0.015098
56.1224490000000000 0.12180100000000000 0.012973
56.2244900000000000 0.10832200000000000 0.012092
56.3265310000000000 0.06903300000000000 0.009708
56.4285710000000000 0.02941100000000000 0.006575
56.5306120000000000 -0.0009640000000000 0.003236
56.6326530000000000 0.00538100000000000 0.004097
56.7346940000000000 0.00121300000000000 0.003649
56.8367350000000000 -0.0050750000000000 0.002330
56.9387760000000000 0.00240400000000000 0.003965
57.0408160000000000 0.00323200000000000 0.003763
57.1428570000000000 0.00437800000000000 0.004003
57.2448980000000000 0.00011000000000000 0.003326
57.3469390000000000 0.00441100000000000 0.004033
57.4489800000000000 0.00224000000000000 0.003695
57.5510200000000000 0.00649000000000000 0.004270
57.6530610000000000 0.00537600000000000 0.004093
57.7551020000000000 0.02364400000000000 0.006329
57.8571430000000000 0.03614300000000000 0.007199
57.9591840000000000 0.05521200000000000 0.008757
58.0612240000000000 0.06326700000000000 0.009460
58.1632650000000000 0.09539600000000000 0.011577
58.2653060000000000 0.10263800000000000 0.011859
58.3673470000000000 0.11485100000000000 0.012987
58.4693880000000000 0.13195700000000000 0.013747
58.5714290000000000 0.13723600000000000 0.013976
58.6734690000000000 0.16684400000000000 0.015211
58.7755100000000000 0.11862400000000000 0.013166
58.8775510000000000 0.07966000000000000 0.010636
58.9795920000000000 0.05505300000000000 0.008544
59.0816330000000000 0.04915500000000000 0.008351
59.1836730000000000 0.08105100000000000 0.010996
59.2857140000000000 0.12598100000000000 0.013263
59.3877550000000000 0.16553800000000000 0.015778
59.4897960000000000 0.15615400000000000 0.015360
59.5918370000000000 0.21308800000000000 0.017968
59.6938780000000000 0.19615100000000000 0.017362
59.7959180000000000 0.19587200000000000 0.017008
59.8979590000000000 0.20510700000000000 0.017372
60.0000000000000000 0.19430300000000000 0.017332
