55.0000000000000000 0.30646800000000000 0.022192
55.1020410000000000 0.33083700000000000 0.023032
55.2040820000000000 0.32442300000000000 0.022633
55.3061220000000000 0.33609100000000000 0.023742
55.4081630000000000 0.27450700000000000 0.020783
55.5102040000000000 0.31051100000000000 0.022306
55.6122450000000000 0.25801400000000000 0.019181
55.7142860000000000 0.25862000000000000 0.019870
55.8163270000000000 0.22242600000000000 0.018168
55.9183670000000000 0.27997500000000000 0.020584
56.0204080000000000 0.26413300000000000 0.019961
56.1224490000000000 0.27256400000000000 0.020773
56.2244900000000000 0.28867300000000000 0.021396
56.3265310000000000 0.26825700000000000 0.020565
56.4285710000000000 0.24184100000000000 0.019021
56.5306120000000000 0.22302800000000000 0.018346
56.6326530000000000 0.21410900000000000 0.017718
56.7346940000000000 0.22524000000000000 0.018629
56.8367350000000000 0.19915400000000000 0.016830
56.9387760000000000 0.16686100000000000 0.015913
57.0408160000000000 0.13231700000000000 0.013342
57.1428570000000000 0.10783300000000000 0.012096
57.2448980000000000 0.07884100000000000 0.010218
57.3469390000000000 0.04846800000000000 0.008232
57.4489800000000000 0.02352600000000000 0.006110
57.5510200000000000 0.01180600000000000 0.004906
57.6530610000000000 -0.0019960000000000 0.002984
57.7551020000000000 -0.0032430000000000 0.002971
57.8571430000000000 -0.0030680000000000 0.002811
57.9591840000000000 -0.0063690000000000 0.002178
58.0612240000000000 0.00233200000000000 0.003846
58.1632650000000000 -0.0065310000000000 0.002234
58.2653060000000000 -0.0031240000000000 0.002862
58.3673470000000000 -0.0033220000000000 0.003043
58.4693880000000000 -0.0021000000000000 0.003140
58.5714290000000000 -0.0042730000000000 0.002696
58.6734690000000000 -0.0019750000000000 0.002953
58.7755100000000000 0.00012000000000000 0.003610
58.8775510000000000 0.00571900000000000 0.004354
58.9795920000000000 0.00529200000000000 0.004029
59.0816330000000000 -0.0009750000000000 0.003275
59.1836730000000000 -0.0010500000000000 0.003525
59.2857140000000000 -0.0009710000000000 0.003261
59.3877550000000000 0.00578400000000000 0.004404
59.4897960000000000 0.00241500000000000 0.003983
59.5918370000000000 0.01322100000000000 0.005163
59.6938780000000000 0.02265100000000000 0.006256
59.7959180000000000 0.02823400000000000 0.006607
59.8979590000000000 0.03107500000000000 0.006803
60.0000000000000000 0.04554200000000000 0.008270
