55.0000000000000000 0.33921700000000000 0.023715
55.1020410000000000 0.32467400000000000 0.022750
55.2040820000000000 0.28782300000000000 0.020942
55.3061220000000000 0.31784300000000000 0.022890
55.4081630000000000 0.27984500000000000 0.021039
55.5102040000000000 0.32414300000000000 0.022940
55.6122450000000000 0.26192200000000000 0.019364
55.7142860000000000 0.23550200000000000 0.018748
55.8163270000000000 0.25947800000000000 0.019980
55.9183670000000000 0.25249700000000000 0.019285
56.0204080000000000 0.27238400000000000 0.020352
56.1224490000000000 0.25641100000000000 0.019991
56.2244900000000000 0.26533300000000000 0.020282
56.3265310000000000 0.25748800000000000 0.020044
56.4285710000000000 0.23346900000000000 0.018612
56.5306120000000000 0.25641100000000000 0.019991
56.6326530000000000 0.20567500000000000 0.017295
56.7346940000000000 0.19449100000000000 0.017062
56.8367350000000000 0.18360300000000000 0.016040
56.9387760000000000 0.14287800000000000 0.014584
57.0408160000000000 0.12398900000000000 0.012876
57.1428570000000000 0.08756900000000000 0.010862
57.2448980000000000 0.03055300000000000 0.006687
57.3469390000000000 0.02697700000000000 0.006467
57.4489800000000000 0.00649700000000000 0.004274
57.5510200000000000 -0.0041410000000000 0.002613
57.6530610000000000 0.00011000000000000 0.003336
57.7551020000000000 -0.0021230000000000 0.003175
57.8571430000000000 -0.0041280000000000 0.002605
57.9591840000000000 -0.0020470000000000 0.003062
58.0612240000000000 0.00122400000000000 0.003682
58.1632650000000000 0.00122400000000000 0.003682
58.2653060000000000 0.00119200000000000 0.003586
58.3673470000000000 -0.0021740000000000 0.003252
58.4693880000000000 0.00011600000000000 0.003510
58.5714290000000000 -0.0031760000000000 0.002909
58.6734690000000000 0.00010900000000000 0.003301
58.7755100000000000 0.00695600000000000 0.004576
58.8775510000000000 0.00011800000000000 0.003549
58.9795920000000000 0.00632900000000000 0.004163
59.0816330000000000 -0.0042450000000000 0.002679
59.1836730000000000 0.00833300000000000 0.004859
59.2857140000000000 0.02181500000000000 0.006024
59.3877550000000000 0.03637500000000000 0.007515
59.4897960000000000 0.03454000000000000 0.007416
59.5918370000000000 0.06346100000000000 0.009399
59.6938780000000000 0.06433600000000000 0.009625
59.7959180000000000 0.05743500000000000 0.008923
59.8979590000000000 0.08659400000000000 0.010807
60.0000000000000000 0.08642300000000000 0.011156
