55.0000000000000000 0.27477600000000000 0.020694
55.1020410000000000 0.25791200000000000 0.019626
55.2040820000000000 0.27664000000000000 0.020418
55.3061220000000000 0.28242100000000000 0.021214
55.4081630000000000 0.26489800000000000 0.020322
55.5102040000000000 0.25388300000000000 0.019623
55.6122450000000000 0.24336000000000000 0.018491
55.7142860000000000 0.23760300000000000 0.018851
55.8163270000000000 0.22771900000000000 0.018430
55.9183670000000000 0.23316000000000000 0.018355
56.0204080000000000 0.23938000000000000 0.018772
56.1224490000000000 0.26825700000000000 0.020565
56.2244900000000000 0.24517600000000000 0.019306
56.3265310000000000 0.24456500000000000 0.019413
56.4285710000000000 0.25439900000000000 0.019628
56.5306120000000000 0.28548700000000000 0.021392
56.6326530000000000 0.28473900000000000 0.021147
56.7346940000000000 0.26257800000000000 0.020477
56.8367350000000000 0.28105200000000000 0.020811
56.9387760000000000 0.27193100000000000 0.021319
57.0408160000000000 0.28534600000000000 0.021054
57.1428570000000000 0.26674800000000000 0.020401
57.2448980000000000 0.26989600000000000 0.020401
57.3469390000000000 0.27842600000000000 0.021033
57.4489800000000000 0.29065900000000000 0.021522
57.5510200000000000 0.28290800000000000 0.021143
57.6530610000000000 0.27390800000000000 0.020622
57.7551020000000000 0.24098500000000000 0.019599
57.8571430000000000 0.28200800000000000 0.021069
57.9591840000000000 0.24643800000000000 0.019534
58.0612240000000000 0.23831500000000000 0.019363
58.1632650000000000 0.24385500000000000 0.019639
58.2653060000000000 0.27639000000000000 0.020978
58.3673470000000000 0.24334900000000000 0.019941
58.4693880000000000 0.25271800000000000 0.020077
58.5714290000000000 0.26887100000000000 0.020773
58.6734690000000000 0.27418000000000000 0.020536
58.7755100000000000 0.21661700000000000 0.018519
58.8775510000000000 0.14463800000000000 0.014542
58.9795920000000000 0.07682400000000000 0.010020
59.0816330000000000 0.06877100000000000 0.009754
59.1836730000000000 0.12210200000000000 0.013571
59.2857140000000000 0.22255100000000000 0.018389
59.3877550000000000 0.22898600000000000 0.019099
59.4897960000000000 0.26629500000000000 0.021086
59.5918370000000000 0.25131400000000000 0.019874
59.6938780000000000 0.26600200000000000 0.020893
59.7959180000000000 0.28347700000000000 0.021339
59.8979590000000000 0.27877800000000000 0.020988
60.0000000000000000 0.29650600000000000 0.022461
