55.0000000000000000 0.33076600000000000 0.023324
55.1020410000000000 0.32878300000000000 0.022938
55.2040820000000000 0.31222300000000000 0.022073
55.3061220000000000 0.30818300000000000 0.022436
55.4081630000000000 0.28518400000000000 0.021293
55.5102040000000000 0.28010000000000000 0.020877
55.6122450000000000 0.27266800000000000 0.019864
55.7142860000000000 0.26072200000000000 0.019971
55.8163270000000000 0.24995100000000000 0.019519
55.9183670000000000 0.25147900000000000 0.019236
56.0204080000000000 0.25588200000000000 0.019567
56.1224490000000000 0.23918100000000000 0.019148
56.2244900000000000 0.23562800000000000 0.018839
56.3265310000000000 0.22625800000000000 0.018508
56.4285710000000000 0.20835400000000000 0.017369
56.5306120000000000 0.18749000000000000 0.016540
56.6326530000000000 0.14875000000000000 0.014330
56.7346940000000000 0.09785200000000000 0.011675
56.8367350000000000 0.06334700000000000 0.009125
56.9387760000000000 0.02181900000000000 0.006231
57.0408160000000000 0.01051900000000000 0.004685
57.1428570000000000 0.00331200000000000 0.003855
57.2448980000000000 0.00116000000000000 0.003488
57.3469390000000000 0.00333600000000000 0.003884
57.4489800000000000 0.00330400000000000 0.003847
57.5510200000000000 -0.0030780000000000 0.002820
57.6530610000000000 -0.0009430000000000 0.003165
57.7551020000000000 -0.0010030000000000 0.003367
57.8571430000000000 -0.0051880000000000 0.002382
57.9591840000000000 -0.0063690000000000 0.002178
58.0612240000000000 -0.0032070000000000 0.002939
58.1632650000000000 0.00454800000000000 0.004158
58.2653060000000000 0.00119200000000000 0.003586
58.3673470000000000 0.00126800000000000 0.003813
58.4693880000000000 -0.0009920000000000 0.003330
58.5714290000000000 0.01108500000000000 0.004938
58.6734690000000000 0.01469900000000000 0.005151
58.7755100000000000 0.02404800000000000 0.006438
58.8775510000000000 0.03372700000000000 0.007239
58.9795920000000000 0.01462200000000000 0.005124
59.0816330000000000 0.01864100000000000 0.005727
59.1836730000000000 0.02475300000000000 0.006628
59.2857140000000000 0.04568600000000000 0.008065
59.3877550000000000 0.08962600000000000 0.011349
59.4897960000000000 0.10452500000000000 0.012361
59.5918370000000000 0.13117500000000000 0.013604
59.6938780000000000 0.10151400000000000 0.012059
59.7959180000000000 0.12232800000000000 0.013032
59.8979590000000000 0.11008300000000000 0.012236
60.0000000000000000 0.13866000000000000 0.014303
