55.0000000000000000 0.34133000000000000 0.023812
55.1020410000000000 0.31851200000000000 0.022466
55.2040820000000000 0.26749000000000000 0.019987
55.3061220000000000 0.29744800000000000 0.021929
55.4081630000000000 0.26596500000000000 0.020373
55.5102040000000000 0.25702900000000000 0.019774
55.6122450000000000 0.24531400000000000 0.018584
55.7142860000000000 0.18506100000000000 0.016221
55.8163270000000000 0.17055200000000000 0.015524
55.9183670000000000 0.16497400000000000 0.014938
56.0204080000000000 0.11871300000000000 0.012516
56.1224490000000000 0.10887800000000000 0.012219
56.2244900000000000 0.05209500000000000 0.008441
56.3265310000000000 0.02595800000000000 0.006383
56.4285710000000000 0.00429600000000000 0.003927
56.5306120000000000 0.00011300000000000 0.003411
56.6326530000000000 0.00011100000000000 0.003340
56.7346940000000000 -0.0064740000000000 0.002214
56.8367350000000000 0.00943900000000000 0.004545
56.9387760000000000 -0.0010220000000000 0.003432
57.0408160000000000 -0.0019730000000000 0.002950
57.1428570000000000 0.00437800000000000 0.004003
57.2448980000000000 0.00221000000000000 0.003644
57.3469390000000000 -0.0020360000000000 0.003045
57.4489800000000000 0.00330400000000000 0.003847
57.5510200000000000 -0.0062670000000000 0.002143
57.6530610000000000 0.00853500000000000 0.004491
57.7551020000000000 0.01356100000000000 0.005296
57.8571430000000000 0.01918700000000000 0.005675
57.9591840000000000 0.03792600000000000 0.007430
58.0612240000000000 0.05551100000000000 0.008904
58.1632650000000000 0.06659000000000000 0.009692
58.2653060000000000 0.07997500000000000 0.010445
58.3673470000000000 0.10223100000000000 0.012219
58.4693880000000000 0.10647500000000000 0.012255
58.5714290000000000 0.10871500000000000 0.012326
58.6734690000000000 0.11682400000000000 0.012474
58.7755100000000000 0.11862400000000000 0.013166
58.8775510000000000 0.07629900000000000 0.010413
58.9795920000000000 0.05609000000000000 0.008618
59.0816330000000000 0.04588600000000000 0.008101
59.1836730000000000 0.06815000000000000 0.010113
59.2857140000000000 0.10319500000000000 0.011926
59.3877550000000000 0.14741000000000000 0.014780
59.4897960000000000 0.17680600000000000 0.016487
59.5918370000000000 0.16830900000000000 0.015643
59.6938780000000000 0.18826500000000000 0.016948
59.7959180000000000 0.18613900000000000 0.016505
59.8979590000000000 0.19656600000000000 0.016938
60.0000000000000000 0.20111700000000000 0.017688
