55.0000000000000000 0.28005800000000000 0.020946
55.1020410000000000 0.31234900000000000 0.022181
55.2040820000000000 0.29595700000000000 0.021321
55.3061220000000000 0.31247600000000000 0.022638
55.4081630000000000 0.26810100000000000 0.020476
55.5102040000000000 0.31051100000000000 0.022306
55.6122450000000000 0.25508300000000000 0.019044
55.7142860000000000 0.25021400000000000 0.019465
55.8163270000000000 0.23936400000000000 0.019003
55.9183670000000000 0.19957600000000000 0.016703
56.0204080000000000 0.23525500000000000 0.018572
56.1224490000000000 0.21118200000000000 0.017752
56.2244900000000000 0.19319300000000000 0.016714
56.3265310000000000 0.14549200000000000 0.014304
56.4285710000000000 0.13301000000000000 0.013415
56.5306120000000000 0.07872500000000000 0.010351
56.6326530000000000 0.05387400000000000 0.008540
56.7346940000000000 0.01549000000000000 0.005430
56.8367350000000000 -0.0019650000000000 0.002938
56.9387760000000000 -0.0021640000000000 0.003237
57.0408160000000000 -0.0030140000000000 0.002761
57.1428570000000000 -0.0009550000000000 0.003205
57.2448980000000000 -0.0019890000000000 0.002975
57.3469390000000000 0.00333600000000000 0.003884
57.4489800000000000 0.00862600000000000 0.004539
57.5510200000000000 -0.0041410000000000 0.002613
57.6530610000000000 -0.0030490000000000 0.002793
57.7551020000000000 0.00011800000000000 0.003549
57.8571430000000000 0.00435000000000000 0.003977
57.9591840000000000 0.00875600000000000 0.004607
58.0612240000000000 0.01341100000000000 0.005237
58.1632650000000000 0.01451900000000000 0.005359
58.2653060000000000 0.03464800000000000 0.007153
58.3673470000000000 0.06551700000000000 0.009806
58.4693880000000000 0.05218800000000000 0.008659
58.5714290000000000 0.08896900000000000 0.011114
58.6734690000000000 0.07722400000000000 0.010074
58.7755100000000000 0.08216100000000000 0.010899
58.8775510000000000 0.05725400000000000 0.009088
58.9795920000000000 0.04779700000000000 0.008014
59.0816330000000000 0.04043700000000000 0.007672
59.1836730000000000 0.06932300000000000 0.010195
59.2857140000000000 0.10428000000000000 0.011992
59.3877550000000000 0.12928200000000000 0.013750
59.4897960000000000 0.16303800000000000 0.015740
59.5918370000000000 0.16066400000000000 0.015233
59.6938780000000000 0.15333900000000000 0.015067
59.7959180000000000 0.15369200000000000 0.014783
59.8979590000000000 0.17521200000000000 0.015833
60.0000000000000000 0.17840500000000000 0.016490
