55.0000000000000000 0.32865300000000000 0.023226
55.1020410000000000 0.32364700000000000 0.022702
55.2040820000000000 0.31324000000000000 0.022120
55.3061220000000000 0.29744800000000000 0.021929
55.4081630000000000 0.27237100000000000 0.020681
55.5102040000000000 0.28639200000000000 0.021174
55.6122450000000000 0.24140600000000000 0.018399
55.7142860000000000 0.18190800000000000 0.016058
55.8163270000000000 0.20019400000000000 0.017053
55.9183670000000000 0.19957600000000000 0.016703
56.0204080000000000 0.18162500000000000 0.015899
56.1224490000000000 0.16487600000000000 0.015353
56.2244900000000000 0.12635700000000000 0.013134
56.3265310000000000 0.11641600000000000 0.012662
56.4285710000000000 0.07231500000000000 0.009776
56.5306120000000000 0.01626600000000000 0.005438
56.6326530000000000 0.00749000000000000 0.004366
56.7346940000000000 0.00341000000000000 0.003970
56.8367350000000000 0.00010900000000000 0.003284
56.9387760000000000 -0.0010220000000000 0.003432
57.0408160000000000 -0.0009320000000000 0.003129
57.1428570000000000 -0.0009550000000000 0.003205
57.2448980000000000 0.00116000000000000 0.003488
57.3469390000000000 0.00118700000000000 0.003571
57.4489800000000000 0.00330400000000000 0.003847
57.5510200000000000 -0.0020150000000000 0.003013
57.6530610000000000 -0.0072610000000000 0.001848
57.7551020000000000 -0.0021230000000000 0.003175
57.8571430000000000 0.00647000000000000 0.004256
57.9591840000000000 0.00659600000000000 0.004339
58.0612240000000000 0.00011600000000000 0.003510
58.1632650000000000 0.02227400000000000 0.006152
58.2653060000000000 0.02817300000000000 0.006592
58.3673470000000000 0.03339200000000000 0.007317
58.4693880000000000 0.04110900000000000 0.007801
58.5714290000000000 0.06264200000000000 0.009365
58.6734690000000000 0.05846700000000000 0.008812
58.7755100000000000 0.06734800000000000 0.009897
58.8775510000000000 0.04493000000000000 0.008157
58.9795920000000000 0.02706300000000000 0.006330
59.0816330000000000 0.02082000000000000 0.005944
59.1836730000000000 0.04938400000000000 0.008730
59.2857140000000000 0.06521800000000000 0.009487
59.3877550000000000 0.11228700000000000 0.012750
59.4897960000000000 0.12976600000000000 0.013866
59.5918370000000000 0.14537300000000000 0.014398
59.6938780000000000 0.12742700000000000 0.013603
59.7959180000000000 0.12124600000000000 0.012970
59.8979590000000000 0.14104600000000000 0.013998
60.0000000000000000 0.13638900000000000 0.014174
