55.0000000000000000 0.17547400000000000 0.015765
55.1020410000000000 0.14903900000000000 0.014162
55.2040820000000000 0.11397300000000000 0.012156
55.3061220000000000 0.09135300000000000 0.011136
55.4081630000000000 0.06097000000000000 0.009109
55.5102040000000000 0.04729900000000000 0.008029
55.6122450000000000 0.01768700000000000 0.005229
55.7142860000000000 0.00746600000000000 0.004352
55.8163270000000000 0.00752200000000000 0.004385
55.9183670000000000 -0.0019290000000000 0.002884
56.0204080000000000 -0.0009230000000000 0.003100
56.1224490000000000 0.00334400000000000 0.003893
56.2244900000000000 -0.0030710000000000 0.002814
56.3265310000000000 0.00226700000000000 0.003739
56.4285710000000000 -0.0051220000000000 0.002352
56.5306120000000000 -0.0020410000000000 0.003052
56.6326530000000000 0.00221900000000000 0.003660
56.7346940000000000 0.00011500000000000 0.003479
56.8367350000000000 -0.0040380000000000 0.002548
56.9387760000000000 -0.0067330000000000 0.002303
57.0408160000000000 0.00219100000000000 0.003614
57.1428570000000000 -0.0041540000000000 0.002621
57.2448980000000000 -0.0040890000000000 0.002580
57.3469390000000000 0.00118700000000000 0.003571
57.4489800000000000 -0.0020170000000000 0.003016
57.5510200000000000 -0.0020150000000000 0.003013
57.6530610000000000 0.00011000000000000 0.003336
57.7551020000000000 0.00011800000000000 0.003549
57.8571430000000000 0.00117100000000000 0.003522
57.9591840000000000 0.00335400000000000 0.003905
58.0612240000000000 0.01008700000000000 0.004858
58.1632650000000000 0.00897900000000000 0.004725
58.2653060000000000 0.01630100000000000 0.005449
58.3673470000000000 0.02765600000000000 0.006805
58.4693880000000000 0.03224500000000000 0.007062
58.5714290000000000 0.03192700000000000 0.006992
58.6734690000000000 0.02512000000000000 0.006175
58.7755100000000000 0.03886100000000000 0.007748
58.8775510000000000 0.02476400000000000 0.006435
58.9795920000000000 0.02084300000000000 0.005753
59.0816330000000000 0.01755100000000000 0.005616
59.1836730000000000 0.03530900000000000 0.007583
59.2857140000000000 0.04134600000000000 0.007725
59.3877550000000000 0.05790200000000000 0.009193
59.4897960000000000 0.07928500000000000 0.010749
59.5918370000000000 0.07656700000000000 0.010288
59.6938780000000000 0.06771600000000000 0.009861
59.7959180000000000 0.11800100000000000 0.012782
59.8979590000000000 0.09300100000000000 0.011207
60.0000000000000000 0.10232100000000000 0.012159
