55.0000000000000000 0.30858100000000000 0.022291
55.1020410000000000 0.29386100000000000 0.021323
55.2040820000000000 0.29087300000000000 0.021084
55.3061220000000000 0.25129200000000000 0.019712
55.4081630000000000 0.25208500000000000 0.019701
55.5102040000000000 0.25702900000000000 0.019774
55.6122450000000000 0.21893700000000000 0.017324
55.7142860000000000 0.17245000000000000 0.015567
55.8163270000000000 0.12820700000000000 0.013224
55.9183670000000000 0.12223100000000000 0.012630
56.0204080000000000 0.10943100000000000 0.011982
56.1224490000000000 0.08626400000000000 0.010835
56.2244900000000000 0.05421700000000000 0.008595
56.3265310000000000 0.03672700000000000 0.007317
56.4285710000000000 0.01057400000000000 0.004710
56.5306120000000000 0.00334400000000000 0.003893
56.6326530000000000 0.00116500000000000 0.003503
56.7346940000000000 0.00011500000000000 0.003479
56.8367350000000000 0.00218200000000000 0.003599
56.9387760000000000 -0.0033060000000000 0.003029
57.0408160000000000 0.00843700000000000 0.004439
57.1428570000000000 -0.0009550000000000 0.003205
57.2448980000000000 0.00116000000000000 0.003488
57.3469390000000000 0.00548600000000000 0.004176
57.4489800000000000 -0.0052100000000000 0.002392
57.5510200000000000 0.00649000000000000 0.004270
57.6530610000000000 0.00221700000000000 0.003656
57.7551020000000000 -0.0043640000000000 0.002754
57.8571430000000000 0.00753000000000000 0.004389
57.9591840000000000 -0.0031280000000000 0.002865
58.0612240000000000 0.00122400000000000 0.003682
58.1632650000000000 0.00122400000000000 0.003682
58.2653060000000000 -0.0009660000000000 0.003243
58.3673470000000000 0.00241500000000000 0.003983
58.4693880000000000 0.00344000000000000 0.004005
58.5714290000000000 0.00011500000000000 0.003475
58.6734690000000000 0.01365700000000000 0.005039
58.7755100000000000 0.01493300000000000 0.005512
58.8775510000000000 0.00908000000000000 0.004778
58.9795920000000000 0.00632900000000000 0.004163
59.0816330000000000 0.00665300000000000 0.004377
59.1836730000000000 0.00246900000000000 0.004072
59.2857140000000000 0.01530500000000000 0.005365
59.3877550000000000 0.00465100000000000 0.004252
59.4897960000000000 0.00471000000000000 0.004306
59.5918370000000000 0.00120700000000000 0.003629
59.6938780000000000 0.00575100000000000 0.004379
59.7959180000000000 0.00119500000000000 0.003594
59.8979590000000000 -0.0041590000000000 0.002624
60.0000000000000000 0.00466100000000000 0.004262
