55.0000000000000000 0.31175000000000000 0.022439
55.1020410000000000 0.30926800000000000 0.022039
55.2040820000000000 0.31120700000000000 0.022026
55.3061220000000000 0.30710900000000000 0.022385
55.4081630000000000 0.31935000000000000 0.022904
55.5102040000000000 0.28114800000000000 0.020926
55.6122450000000000 0.27950700000000000 0.020181
55.7142860000000000 0.19872200000000000 0.016918
55.8163270000000000 0.21078100000000000 0.017587
55.9183670000000000 0.19041700000000000 0.016243
56.0204080000000000 0.21978500000000000 0.017815
56.1224490000000000 0.19610600000000000 0.016984
56.2244900000000000 0.18788800000000000 0.016441
56.3265310000000000 0.17241400000000000 0.015752
56.4285710000000000 0.15289200000000000 0.014501
56.5306120000000000 0.13364600000000000 0.013646
56.6326530000000000 0.08866200000000000 0.010863
56.7346940000000000 0.06490700000000000 0.009529
56.8367350000000000 0.03432000000000000 0.006954
56.9387760000000000 0.02296100000000000 0.006343
57.0408160000000000 0.00843700000000000 0.004439
57.1428570000000000 -0.0009550000000000 0.003205
57.2448980000000000 0.00221000000000000 0.003644
57.3469390000000000 0.00441100000000000 0.004033
57.4489800000000000 -0.0020170000000000 0.003016
57.5510200000000000 -0.0062670000000000 0.002143
57.6530610000000000 -0.0030490000000000 0.002793
57.7551020000000000 -0.0021230000000000 0.003175
57.8571430000000000 0.00011100000000000 0.003357
57.9591840000000000 0.00443500000000000 0.004055
58.0612240000000000 0.00011600000000000 0.003510
58.1632650000000000 -0.0032070000000000 0.002939
58.2653060000000000 -0.0042040000000000 0.002652
58.3673470000000000 0.00012000000000000 0.003635
58.4693880000000000 0.00122400000000000 0.003682
58.5714290000000000 0.00340600000000000 0.003965
58.6734690000000000 -0.0051010000000000 0.002342
58.7755100000000000 0.00012000000000000 0.003610
58.8775510000000000 0.00235800000000000 0.003890
58.9795920000000000 0.00425600000000000 0.003890
59.0816330000000000 0.00011400000000000 0.003452
59.1836730000000000 0.00129600000000000 0.003898
59.2857140000000000 0.00119900000000000 0.003606
59.3877550000000000 0.00465100000000000 0.004252
59.4897960000000000 0.00356200000000000 0.004147
59.5918370000000000 0.02632700000000000 0.006475
59.6938780000000000 0.02265100000000000 0.006256
59.7959180000000000 0.03256000000000000 0.006986
59.8979590000000000 0.03427800000000000 0.007076
60.0000000000000000 0.04667800000000000 0.008359
