55.0000000000000000 0.30329900000000000 0.022044
55.1020410000000000 0.30105100000000000 0.021658
55.2040820000000000 0.31934000000000000 0.022400
55.3061220000000000 0.28778800000000000 0.021470
55.4081630000000000 0.28304800000000000 0.021191
55.5102040000000000 0.24759200000000000 0.019319
55.6122450000000000 0.24140600000000000 0.018399
55.7142860000000000 0.19977300000000000 0.016971
55.8163270000000000 0.17796300000000000 0.015911
55.9183670000000000 0.16904500000000000 0.015150
56.0204080000000000 0.15996700000000000 0.014772
56.1224490000000000 0.14441500000000000 0.014245
56.2244900000000000 0.11044400000000000 0.012217
56.3265310000000000 0.06903300000000000 0.009708
56.4285710000000000 0.06394400000000000 0.009213
56.5306120000000000 0.04534200000000000 0.008003
56.6326530000000000 0.03700700000000000 0.007247
56.7346940000000000 0.01549000000000000 0.005430
56.8367350000000000 0.00736600000000000 0.004294
56.9387760000000000 -0.0021640000000000 0.003237
57.0408160000000000 -0.0050960000000000 0.002339
57.1428570000000000 0.00224500000000000 0.003703
57.2448980000000000 0.00221000000000000 0.003644
57.3469390000000000 0.00656000000000000 0.004316
57.4489800000000000 0.00117600000000000 0.003537
57.5510200000000000 0.00223800000000000 0.003691
57.6530610000000000 -0.0051550000000000 0.002366
57.7551020000000000 0.00347800000000000 0.004050
57.8571430000000000 -0.0073070000000000 0.001860
57.9591840000000000 -0.0031280000000000 0.002865
58.0612240000000000 0.00011600000000000 0.003510
58.1632650000000000 -0.0009920000000000 0.003330
58.2653060000000000 -0.0009660000000000 0.003243
58.3673470000000000 -0.0033220000000000 0.003043
58.4693880000000000 0.00122400000000000 0.003682
58.5714290000000000 -0.0053700000000000 0.002465
58.6734690000000000 -0.0040590000000000 0.002561
58.7755100000000000 -0.0044380000000000 0.002801
58.8775510000000000 -0.0010030000000000 0.003367
58.9795920000000000 -0.0009280000000000 0.003116
59.0816330000000000 0.00229400000000000 0.003784
59.1836730000000000 0.00129600000000000 0.003898
59.2857140000000000 0.00987900000000000 0.004757
59.3877550000000000 0.01711400000000000 0.005722
59.4897960000000000 0.02077200000000000 0.006147
59.5918370000000000 0.01431300000000000 0.005282
59.6938780000000000 0.02377700000000000 0.006365
59.7959180000000000 0.03256000000000000 0.006986
59.8979590000000000 0.03854900000000000 0.007428
60.0000000000000000 0.04667800000000000 0.008359
