55.0000000000000000 0.30118600000000000 0.021944
55.1020410000000000 0.26612900000000000 0.020017
55.2040820000000000 0.27155700000000000 0.020179
55.3061220000000000 0.27490700000000000 0.020854
55.4081630000000000 0.27664200000000000 0.020886
55.5102040000000000 0.24864000000000000 0.019369
55.6122450000000000 0.24238300000000000 0.018445
55.7142860000000000 0.22079000000000000 0.018024
55.8163270000000000 0.22242600000000000 0.018168
55.9183670000000000 0.22603600000000000 0.018009
56.0204080000000000 0.25072500000000000 0.019320
56.1224490000000000 0.23918100000000000 0.019148
56.2244900000000000 0.25472400000000000 0.019770
56.3265310000000000 0.30271700000000000 0.022211
56.4285710000000000 0.28056000000000000 0.020878
56.5306120000000000 0.25425700000000000 0.019886
56.6326530000000000 0.28052200000000000 0.020947
56.7346940000000000 0.28673700000000000 0.021647
56.8367350000000000 0.25720800000000000 0.019678
56.9387760000000000 0.29934100000000000 0.022658
57.0408160000000000 0.25203300000000000 0.019467
57.1428570000000000 0.29554500000000000 0.021774
57.2448980000000000 0.26989600000000000 0.020401
57.3469390000000000 0.22254800000000000 0.018304
57.4489800000000000 0.26085900000000000 0.020097
57.5510200000000000 0.24250800000000000 0.019195
57.6530610000000000 0.28549200000000000 0.021173
57.7551020000000000 0.28243700000000000 0.021640
57.8571430000000000 0.28624700000000000 0.021271
57.9591840000000000 0.23887600000000000 0.019162
58.0612240000000000 0.25936500000000000 0.020404
58.1632650000000000 0.24385500000000000 0.019639
58.2653060000000000 0.25696400000000000 0.020038
58.3673470000000000 0.29842000000000000 0.022661
58.4693880000000000 0.24385500000000000 0.019639
58.5714290000000000 0.28861700000000000 0.021726
58.6734690000000000 0.26063300000000000 0.019890
58.7755100000000000 0.22345400000000000 0.018869
58.8775510000000000 0.12223200000000000 0.013263
58.9795920000000000 0.08511800000000000 0.010547
59.0816330000000000 0.08075900000000000 0.010550
59.1836730000000000 0.11037300000000000 0.012864
59.2857140000000000 0.17914900000000000 0.016166
59.3877550000000000 0.24711500000000000 0.020011
59.4897960000000000 0.22614000000000000 0.019069
59.5918370000000000 0.26878900000000000 0.020727
59.6938780000000000 0.26825500000000000 0.021003
59.7959180000000000 0.29645600000000000 0.021958
59.8979590000000000 0.29586100000000000 0.021800
60.0000000000000000 0.26130300000000000 0.020738
