55.0000000000000000 0.30013000000000000 0.021895
55.1020410000000000 0.26099300000000000 0.019773
55.2040820000000000 0.26850700000000000 0.020035
55.3061220000000000 0.27276000000000000 0.020751
55.4081630000000000 0.27557500000000000 0.020834
55.5102040000000000 0.25912700000000000 0.019875
55.6122450000000000 0.23456800000000000 0.018074
55.7142860000000000 0.23550200000000000 0.018748
55.8163270000000000 0.20337000000000000 0.017214
55.9183670000000000 0.22705400000000000 0.018058
56.0204080000000000 0.23216100000000000 0.018421
56.1224490000000000 0.27364100000000000 0.020825
56.2244900000000000 0.25260300000000000 0.019667
56.3265310000000000 0.28656400000000000 0.021444
56.4285710000000000 0.26591000000000000 0.020181
56.5306120000000000 0.30164000000000000 0.022160
56.6326530000000000 0.25838400000000000 0.019888
56.7346940000000000 0.27136300000000000 0.020905
56.8367350000000000 0.29245600000000000 0.021348
56.9387760000000000 0.27307300000000000 0.021375
57.0408160000000000 0.26036100000000000 0.019867
57.1428570000000000 0.26034900000000000 0.020092
57.2448980000000000 0.28144300000000000 0.020950
57.3469390000000000 0.29347000000000000 0.021751
57.4489800000000000 0.24063800000000000 0.019113
57.5510200000000000 0.29566500000000000 0.021748
57.6530610000000000 0.30760600000000000 0.022213
57.7551020000000000 0.26115100000000000 0.020599
57.8571430000000000 0.26929100000000000 0.020462
57.9591840000000000 0.27668900000000000 0.021003
58.0612240000000000 0.25050200000000000 0.019968
58.1632650000000000 0.25715000000000000 0.020296
58.2653060000000000 0.26559800000000000 0.020457
58.3673470000000000 0.27547400000000000 0.021540
58.4693880000000000 0.25715000000000000 0.020296
58.5714290000000000 0.25899900000000000 0.020292
58.6734690000000000 0.27730600000000000 0.020684
58.7755100000000000 0.22231500000000000 0.018811
58.8775510000000000 0.15808200000000000 0.015285
58.9795920000000000 0.08408100000000000 0.010482
59.0816330000000000 0.08184900000000000 0.010621
59.1836730000000000 0.10568200000000000 0.012576
59.2857140000000000 0.19868000000000000 0.017179
59.3877550000000000 0.24144900000000000 0.019728
59.4897960000000000 0.26629500000000000 0.021086
59.5918370000000000 0.26769700000000000 0.020674
59.6938780000000000 0.26036900000000000 0.020615
59.7959180000000000 0.25968300000000000 0.020191
59.8979590000000000 0.28091300000000000 0.021090
60.0000000000000000 0.26925200000000000 0.021131
