55.0000000000000000 0.26209900000000000 0.020087
55.1020410000000000 0.25380400000000000 0.019430
55.2040820000000000 0.28680700000000000 0.020894
55.3061220000000000 0.26417300000000000 0.020337
55.4081630000000000 0.24888200000000000 0.019545
55.5102040000000000 0.24654300000000000 0.019268
55.6122450000000000 0.24336000000000000 0.018491
55.7142860000000000 0.17665400000000000 0.015786
55.8163270000000000 0.16314200000000000 0.015132
55.9183670000000000 0.16293900000000000 0.014832
56.0204080000000000 0.14655900000000000 0.014057
56.1224490000000000 0.06041800000000000 0.009113
56.2244900000000000 0.00329400000000000 0.003835
56.3265310000000000 -0.0063480000000000 0.002171
56.4285710000000000 0.00011000000000000 0.003315
56.5306120000000000 -0.0041950000000000 0.002647
56.6326530000000000 0.00854400000000000 0.004495
56.7346940000000000 0.00121300000000000 0.003649
56.8367350000000000 0.00114500000000000 0.003445
56.9387760000000000 -0.0033060000000000 0.003029
57.0408160000000000 0.03446300000000000 0.006984
57.1428570000000000 0.06517100000000000 0.009394
57.2448980000000000 0.10088600000000000 0.011585
57.3469390000000000 0.13443400000000000 0.013675
57.4489800000000000 0.14272500000000000 0.014068
57.5510200000000000 0.16489900000000000 0.015257
57.6530610000000000 0.19282200000000000 0.016635
57.7551020000000000 0.21297700000000000 0.018183
57.8571430000000000 0.18451000000000000 0.016259
57.9591840000000000 0.21078600000000000 0.017759
58.0612240000000000 0.20175400000000000 0.017511
58.1632650000000000 0.21283300000000000 0.018079
58.2653060000000000 0.20300400000000000 0.017355
58.3673470000000000 0.22499200000000000 0.019010
58.4693880000000000 0.21394100000000000 0.018135
58.5714290000000000 0.21621700000000000 0.018165
58.6734690000000000 0.19706500000000000 0.016767
58.7755100000000000 0.21092000000000000 0.018226
58.8775510000000000 0.12223200000000000 0.013263
58.9795920000000000 0.08097100000000000 0.010286
59.0816330000000000 0.06550200000000000 0.009530
59.1836730000000000 0.11037300000000000 0.012864
59.2857140000000000 0.17914900000000000 0.016166
59.3877550000000000 0.20519300000000000 0.017880
59.4897960000000000 0.24449700000000000 0.019999
59.5918370000000000 0.22073300000000000 0.018355
59.6938780000000000 0.23896300000000000 0.019550
59.7959180000000000 0.26833600000000000 0.020610
59.8979590000000000 0.27557500000000000 0.020834
60.0000000000000000 0.22950600000000000 0.019146
