55.0000000000000000 0.28428400000000000 0.021146
55.1020410000000000 0.27434600000000000 0.020406
55.2040820000000000 0.26342300000000000 0.019795
55.3061220000000000 0.28778800000000000 0.021470
55.4081630000000000 0.27557500000000000 0.020834
55.5102040000000000 0.26332100000000000 0.020077
55.6122450000000000 0.24336000000000000 0.018491
55.7142860000000000 0.22289100000000000 0.018128
55.8163270000000000 0.19490100000000000 0.016784
55.9183670000000000 0.21585900000000000 0.017510
56.0204080000000000 0.23216100000000000 0.018421
56.1224490000000000 0.25856500000000000 0.020096
56.2244900000000000 0.27700300000000000 0.020841
56.3265310000000000 0.24779600000000000 0.019571
56.4285710000000000 0.27218800000000000 0.020481
56.5306120000000000 0.27256400000000000 0.020773
56.6326530000000000 0.26576300000000000 0.020243
56.7346940000000000 0.25049800000000000 0.019885
56.8367350000000000 0.29763900000000000 0.021590
56.9387760000000000 0.26964700000000000 0.021207
57.0408160000000000 0.26660700000000000 0.020165
57.1428570000000000 0.26034900000000000 0.020092
57.2448980000000000 0.29194100000000000 0.021446
57.3469390000000000 0.27627700000000000 0.020930
57.4489800000000000 0.27469500000000000 0.020762
57.5510200000000000 0.26802400000000000 0.020432
57.6530610000000000 0.24968800000000000 0.019458
57.7551020000000000 0.29027900000000000 0.022020
57.8571430000000000 0.27353000000000000 0.020665
57.9591840000000000 0.29613500000000000 0.021932
58.0612240000000000 0.27930800000000000 0.021377
58.1632650000000000 0.26047300000000000 0.020459
58.2653060000000000 0.26236000000000000 0.020301
58.3673470000000000 0.26514800000000000 0.021030
58.4693880000000000 0.28817100000000000 0.021805
58.5714290000000000 0.29410200000000000 0.021989
58.6734690000000000 0.23145400000000000 0.018477
58.7755100000000000 0.22915200000000000 0.019159
58.8775510000000000 0.13455500000000000 0.013973
58.9795920000000000 0.09341100000000000 0.011060
59.0816330000000000 0.05242400000000000 0.008595
59.1836730000000000 0.09278000000000000 0.011763
59.2857140000000000 0.20519000000000000 0.017512
59.3877550000000000 0.22898600000000000 0.019099
59.4897960000000000 0.25597000000000000 0.020573
59.5918370000000000 0.25240600000000000 0.019928
59.6938780000000000 0.28402800000000000 0.021774
59.7959180000000000 0.25319400000000000 0.019875
59.8979590000000000 0.26810100000000000 0.020476
60.0000000000000000 0.28742100000000000 0.022020
