55.0000000000000000 0.27372000000000000 0.020644
55.1020410000000000 0.26612900000000000 0.020017
55.2040820000000000 0.27359000000000000 0.020275
55.3061220000000000 0.28242100000000000 0.021214
55.4081630000000000 0.28304800000000000 0.021191
55.5102040000000000 0.28639200000000000 0.021174
55.6122450000000000 0.20819000000000000 0.016802
55.7142860000000000 0.24495900000000000 0.019210
55.8163270000000000 0.19807700000000000 0.016945
55.9183670000000000 0.23112500000000000 0.018256
56.0204080000000000 0.23731800000000000 0.018672
56.1224490000000000 0.28225600000000000 0.021238
56.2244900000000000 0.25260300000000000 0.019667
56.3265310000000000 0.29087100000000000 0.021649
56.4285710000000000 0.24916600000000000 0.019376
56.5306120000000000 0.28333300000000000 0.021289
56.6326530000000000 0.27103400000000000 0.020495
56.7346940000000000 0.24281100000000000 0.019506
56.8367350000000000 0.27275900000000000 0.020419
56.9387760000000000 0.27307300000000000 0.021375
57.0408160000000000 0.29055100000000000 0.021299
57.1428570000000000 0.22941900000000000 0.018580
57.2448980000000000 0.28144300000000000 0.020950
57.3469390000000000 0.24618900000000000 0.019472
57.4489800000000000 0.25873100000000000 0.019994
57.5510200000000000 0.28397100000000000 0.021194
57.6530610000000000 0.24336900000000000 0.019151
57.7551020000000000 0.26339100000000000 0.020710
57.8571430000000000 0.25551400000000000 0.019799
57.9591840000000000 0.25076000000000000 0.019746
58.0612240000000000 0.25382600000000000 0.020132
58.1632650000000000 0.25825700000000000 0.020350
58.2653060000000000 0.26128100000000000 0.020248
58.3673470000000000 0.26973700000000000 0.021257
58.4693880000000000 0.26822900000000000 0.020838
58.5714290000000000 0.23376800000000000 0.019046
58.6734690000000000 0.22832800000000000 0.018324
58.7755100000000000 0.20180400000000000 0.017753
58.8775510000000000 0.16144300000000000 0.015468
58.9795920000000000 0.07475100000000000 0.009886
59.0816330000000000 0.06659200000000000 0.009605
59.1836730000000000 0.10685500000000000 0.012648
59.2857140000000000 0.19325500000000000 0.016900
59.3877550000000000 0.23238500000000000 0.019271
59.4897960000000000 0.26973700000000000 0.021257
59.5918370000000000 0.27097300000000000 0.020832
59.6938780000000000 0.28515400000000000 0.021829
59.7959180000000000 0.27698800000000000 0.021027
59.8979590000000000 0.25742400000000000 0.019960
60.0000000000000000 0.22837100000000000 0.019089
