55.0000000000000000 0.28428400000000000 0.021146
55.1020410000000000 0.25996600000000000 0.019724
55.2040820000000000 0.25834000000000000 0.019554
55.3061220000000000 0.27383300000000000 0.020803
55.4081630000000000 0.27343900000000000 0.020732
55.5102040000000000 0.27800200000000000 0.020777
55.6122450000000000 0.25996800000000000 0.019273
55.7142860000000000 0.21868800000000000 0.017919
55.8163270000000000 0.23513000000000000 0.018796
55.9183670000000000 0.23417800000000000 0.018404
56.0204080000000000 0.25485100000000000 0.019518
56.1224490000000000 0.27364100000000000 0.020825
56.2244900000000000 0.27700300000000000 0.020841
56.3265310000000000 0.30056300000000000 0.022109
56.4285710000000000 0.26800200000000000 0.020281
56.5306120000000000 0.23379600000000000 0.018882
56.6326530000000000 0.29422600000000000 0.021596
56.7346940000000000 0.25598900000000000 0.020155
56.8367350000000000 0.25617200000000000 0.019628
56.9387760000000000 0.27535800000000000 0.021488
57.0408160000000000 0.29471500000000000 0.021494
57.1428570000000000 0.26568200000000000 0.020349
57.2448980000000000 0.26044800000000000 0.019949
57.3469390000000000 0.28487300000000000 0.021342
57.4489800000000000 0.25234500000000000 0.019684
57.5510200000000000 0.27121300000000000 0.020585
57.6530610000000000 0.25074100000000000 0.019509
57.7551020000000000 0.25891000000000000 0.020489
57.8571430000000000 0.29048600000000000 0.021471
57.9591840000000000 0.24967900000000000 0.019693
58.0612240000000000 0.29481800000000000 0.022125
58.1632650000000000 0.30146600000000000 0.022443
58.2653060000000000 0.28826100000000000 0.021546
58.3673470000000000 0.28465200000000000 0.021990
58.4693880000000000 0.29371000000000000 0.022072
58.5714290000000000 0.23267200000000000 0.018992
58.6734690000000000 0.28564300000000000 0.021078
58.7755100000000000 0.20978100000000000 0.018167
58.8775510000000000 0.14911900000000000 0.014791
58.9795920000000000 0.09237400000000000 0.010996
59.0816330000000000 0.06986100000000000 0.009828
59.1836730000000000 0.11271900000000000 0.013007
59.2857140000000000 0.16721300000000000 0.015535
59.3877550000000000 0.22105500000000000 0.018696
59.4897960000000000 0.22499200000000000 0.019010
59.5918370000000000 0.24257700000000000 0.019444
59.6938780000000000 0.23783600000000000 0.019494
59.7959180000000000 0.25427600000000000 0.019928
59.8979590000000000 0.27343900000000000 0.020732
60.0000000000000000 0.27947200000000000 0.021632
