55.0000000000000000 0.30329900000000000 0.022044
55.1020410000000000 0.29796900000000000 0.021514
55.2040820000000000 0.24207300000000000 0.018776
55.3061220000000000 0.28027400000000000 0.021111
55.4081630000000000 0.28411600000000000 0.021242
55.5102040000000000 0.28010000000000000 0.020877
55.6122450000000000 0.24629100000000000 0.018630
55.7142860000000000 0.25862000000000000 0.019870
55.8163270000000000 0.18749100000000000 0.016404
55.9183670000000000 0.22400100000000000 0.017909
56.0204080000000000 0.23113000000000000 0.018371
56.1224490000000000 0.28010200000000000 0.021135
56.2244900000000000 0.26427200000000000 0.020231
56.3265310000000000 0.25641100000000000 0.019991
56.4285710000000000 0.27009500000000000 0.020381
56.5306120000000000 0.26287200000000000 0.020305
56.6326530000000000 0.25416700000000000 0.019685
56.7346940000000000 0.27575600000000000 0.021118
56.8367350000000000 0.26342900000000000 0.019975
56.9387760000000000 0.25480000000000000 0.020471
57.0408160000000000 0.27285400000000000 0.020463
57.1428570000000000 0.24435100000000000 0.019314
57.2448980000000000 0.27199600000000000 0.020501
57.3469390000000000 0.25263600000000000 0.019787
57.4489800000000000 0.25873100000000000 0.019994
57.5510200000000000 0.31161300000000000 0.022498
57.6530610000000000 0.26127100000000000 0.020017
57.7551020000000000 0.26563200000000000 0.020820
57.8571430000000000 0.26823100000000000 0.020411
57.9591840000000000 0.28101000000000000 0.021210
58.0612240000000000 0.28706300000000000 0.021752
58.1632650000000000 0.27820000000000000 0.021323
58.2653060000000000 0.29365700000000000 0.021803
58.3673470000000000 0.27432700000000000 0.021483
58.4693880000000000 0.26047300000000000 0.020459
58.5714290000000000 0.27545300000000000 0.021092
58.6734690000000000 0.24812800000000000 0.019288
58.7755100000000000 0.22003600000000000 0.018695
58.8775510000000000 0.14351800000000000 0.014479
58.9795920000000000 0.08822800000000000 0.010741
59.0816330000000000 0.07422000000000000 0.010121
59.1836730000000000 0.10099000000000000 0.012284
59.2857140000000000 0.18565900000000000 0.016506
59.3877550000000000 0.25391300000000000 0.020350
59.4897960000000000 0.23417100000000000 0.019477
59.5918370000000000 0.27206500000000000 0.020885
59.6938780000000000 0.24797600000000000 0.020001
59.7959180000000000 0.25103100000000000 0.019769
59.8979590000000000 0.24354400000000000 0.019284
60.0000000000000000 0.26130300000000000 0.020738
