55.0000000000000000 0.28217100000000000 0.021046
55.1020410000000000 0.28872500000000000 0.021083
55.2040820000000000 0.26850700000000000 0.020035
55.3061220000000000 0.30174200000000000 0.022132
55.4081630000000000 0.23286700000000000 0.018760
55.5102040000000000 0.24025100000000000 0.018962
55.6122450000000000 0.22577500000000000 0.017653
55.7142860000000000 0.21133200000000000 0.017553
55.8163270000000000 0.20760500000000000 0.017427
55.9183670000000000 0.25249700000000000 0.019285
56.0204080000000000 0.22597300000000000 0.018119
56.1224490000000000 0.28656400000000000 0.021444
56.2244900000000000 0.30140300000000000 0.021997
56.3265310000000000 0.27148700000000000 0.020721
56.4285710000000000 0.30253500000000000 0.021913
56.5306120000000000 0.27471800000000000 0.020876
56.6326530000000000 0.26787200000000000 0.020344
56.7346940000000000 0.27246100000000000 0.020958
56.8367350000000000 0.28623600000000000 0.021056
56.9387760000000000 0.25594200000000000 0.020528
57.0408160000000000 0.26556600000000000 0.020116
57.1428570000000000 0.27848000000000000 0.020963
57.2448980000000000 0.26674700000000000 0.020251
57.3469390000000000 0.26445600000000000 0.020361
57.4489800000000000 0.26724500000000000 0.020404
57.5510200000000000 0.26908700000000000 0.020483
57.6530610000000000 0.31287200000000000 0.022459
57.7551020000000000 0.26563200000000000 0.020820
57.8571430000000000 0.28624700000000000 0.021271
57.9591840000000000 0.26156400000000000 0.020272
58.0612240000000000 0.24717800000000000 0.019804
58.1632650000000000 0.25825700000000000 0.020350
58.2653060000000000 0.28070700000000000 0.021185
58.3673470000000000 0.27088500000000000 0.021313
58.4693880000000000 0.25161000000000000 0.020023
58.5714290000000000 0.25680500000000000 0.020184
58.6734690000000000 0.26584300000000000 0.020139
58.7755100000000000 0.21889600000000000 0.018636
58.8775510000000000 0.12559300000000000 0.013458
58.9795920000000000 0.08719100000000000 0.010677
59.0816330000000000 0.07640000000000000 0.010265
59.1836730000000000 0.12796600000000000 0.013917
59.2857140000000000 0.19217000000000000 0.016844
59.3877550000000000 0.21878900000000000 0.018580
59.4897960000000000 0.28694700000000000 0.022102
59.5918370000000000 0.26114400000000000 0.020355
59.6938780000000000 0.24234300000000000 0.019720
59.7959180000000000 0.29429300000000000 0.021855
59.8979590000000000 0.27343900000000000 0.020732
60.0000000000000000 0.27833600000000000 0.021576
