55.0000000000000000 0.21984300000000000 0.018022
55.1020410000000000 0.19012300000000000 0.016300
55.2040820000000000 0.16989000000000000 0.015186
55.3061220000000000 0.16219800000000000 0.015185
55.4081630000000000 0.14211400000000000 0.014057
55.5102040000000000 0.10917000000000000 0.012070
55.6122450000000000 0.10365800000000000 0.011323
55.7142860000000000 0.07367000000000000 0.009887
55.8163270000000000 0.05727800000000000 0.008805
55.9183670000000000 0.04692100000000000 0.007864
56.0204080000000000 0.02073500000000000 0.005724
56.1224490000000000 0.02272800000000000 0.006081
56.2244900000000000 0.01072000000000000 0.004775
56.3265310000000000 0.00657400000000000 0.004325
56.4285710000000000 0.00115600000000000 0.003477
56.5306120000000000 0.00011300000000000 0.003411
56.6326530000000000 0.00011100000000000 0.003340
56.7346940000000000 -0.0042770000000000 0.002699
56.8367350000000000 0.00114500000000000 0.003445
56.9387760000000000 0.00012000000000000 0.003618
57.0408160000000000 0.00531400000000000 0.004046
57.1428570000000000 0.00331200000000000 0.003855
57.2448980000000000 -0.0019890000000000 0.002975
57.3469390000000000 0.00226200000000000 0.003731
57.4489800000000000 0.00117600000000000 0.003537
57.5510200000000000 -0.0020150000000000 0.003013
57.6530610000000000 0.00011000000000000 0.003336
57.7551020000000000 -0.0066040000000000 0.002259
57.8571430000000000 -0.0020080000000000 0.003003
57.9591840000000000 0.00551500000000000 0.004199
58.0612240000000000 -0.0065310000000000 0.002234
58.1632650000000000 -0.0009920000000000 0.003330
58.2653060000000000 0.00443000000000000 0.004050
58.3673470000000000 -0.0044690000000000 0.002820
58.4693880000000000 0.00122400000000000 0.003682
58.5714290000000000 0.00560000000000000 0.004263
58.6734690000000000 -0.0030170000000000 0.002764
58.7755100000000000 -0.0010200000000000 0.003424
58.8775510000000000 -0.0021230000000000 0.003175
58.9795920000000000 -0.0009280000000000 0.003116
59.0816330000000000 -0.0009750000000000 0.003275
59.1836730000000000 -0.0022230000000000 0.003324
59.2857140000000000 -0.0020560000000000 0.003075
59.3877550000000000 0.00011900000000000 0.003589
59.4897960000000000 -0.0021740000000000 0.003252
59.5918370000000000 0.01212800000000000 0.005041
59.6938780000000000 0.00575100000000000 0.004379
59.7959180000000000 0.00552100000000000 0.004203
59.8979590000000000 0.01826300000000000 0.005610
60.0000000000000000 0.01715300000000000 0.005735
