55.0000000000000000 0.26843800000000000 0.020391
55.1020410000000000 0.28667100000000000 0.020986
55.2040820000000000 0.26850700000000000 0.020035
55.3061220000000000 0.28886100000000000 0.021521
55.4081630000000000 0.24781500000000000 0.019493
55.5102040000000000 0.23815400000000000 0.018860
55.6122450000000000 0.23163700000000000 0.017934
55.7142860000000000 0.21763700000000000 0.017867
55.8163270000000000 0.24465700000000000 0.019262
55.9183670000000000 0.21077100000000000 0.017259
56.0204080000000000 0.25381900000000000 0.019468
56.1224490000000000 0.27041000000000000 0.020669
56.2244900000000000 0.24305500000000000 0.019203
56.3265310000000000 0.28441000000000000 0.021341
56.4285710000000000 0.26695600000000000 0.020231
56.5306120000000000 0.26825700000000000 0.020565
56.6326530000000000 0.29528000000000000 0.021645
56.7346940000000000 0.29442500000000000 0.022016
56.8367350000000000 0.28001600000000000 0.020762
56.9387760000000000 0.24794800000000000 0.020128
57.0408160000000000 0.28846900000000000 0.021201
57.1428570000000000 0.27634700000000000 0.020861
57.2448980000000000 0.28249300000000000 0.021000
57.3469390000000000 0.25263600000000000 0.019787
57.4489800000000000 0.26405200000000000 0.020251
57.5510200000000000 0.26908700000000000 0.020483
57.6530610000000000 0.26232400000000000 0.020068
57.7551020000000000 0.21297700000000000 0.018183
57.8571430000000000 0.24491700000000000 0.019284
57.9591840000000000 0.27668900000000000 0.021003
58.0612240000000000 0.26933600000000000 0.020892
58.1632650000000000 0.28706300000000000 0.021752
58.2653060000000000 0.26236000000000000 0.020301
58.3673470000000000 0.26285400000000000 0.020916
58.4693880000000000 0.27376800000000000 0.021108
58.5714290000000000 0.28971400000000000 0.021779
58.6734690000000000 0.28460100000000000 0.021029
58.7755100000000000 0.23940700000000000 0.019678
58.8775510000000000 0.13119400000000000 0.013781
58.9795920000000000 0.09030100000000000 0.010869
59.0816330000000000 0.08620800000000000 0.010901
59.1836730000000000 0.09512600000000000 0.011913
59.2857140000000000 0.15744800000000000 0.015010
59.3877550000000000 0.24144900000000000 0.019728
59.4897960000000000 0.27662100000000000 0.021596
59.5918370000000000 0.27861800000000000 0.021202
59.6938780000000000 0.25698900000000000 0.020448
59.7959180000000000 0.25535700000000000 0.019980
59.8979590000000000 0.28731900000000000 0.021395
60.0000000000000000 0.25221800000000000 0.020287
