55.0000000000000000 0.26315600000000000 0.020138
55.1020410000000000 0.26715600000000000 0.020066
55.2040820000000000 0.27460700000000000 0.020323
55.3061220000000000 0.27920000000000000 0.021060
55.4081630000000000 0.26596500000000000 0.020373
55.5102040000000000 0.24025100000000000 0.018962
55.6122450000000000 0.25215200000000000 0.018906
55.7142860000000000 0.21448500000000000 0.017710
55.8163270000000000 0.21289800000000000 0.017693
55.9183670000000000 0.20670000000000000 0.017058
56.0204080000000000 0.21256500000000000 0.017458
56.1224490000000000 0.26179500000000000 0.020253
56.2244900000000000 0.28442900000000000 0.021195
56.3265310000000000 0.25425700000000000 0.019886
56.4285710000000000 0.27218800000000000 0.020481
56.5306120000000000 0.26394900000000000 0.020357
56.6326530000000000 0.27841400000000000 0.020847
56.7346940000000000 0.27246100000000000 0.020958
56.8367350000000000 0.29452900000000000 0.021445
56.9387760000000000 0.26165300000000000 0.020811
57.0408160000000000 0.28430500000000000 0.021005
57.1428570000000000 0.27421400000000000 0.020759
57.2448980000000000 0.25520000000000000 0.019696
57.3469390000000000 0.27842600000000000 0.021033
57.4489800000000000 0.26405200000000000 0.020251
57.5510200000000000 0.26483400000000000 0.020278
57.6530610000000000 0.31708400000000000 0.022656
57.7551020000000000 0.24658700000000000 0.019879
57.8571430000000000 0.26929100000000000 0.020462
57.9591840000000000 0.22807200000000000 0.018626
58.0612240000000000 0.28373900000000000 0.021591
58.1632650000000000 0.26379700000000000 0.020622
58.2653060000000000 0.27423200000000000 0.020874
58.3673470000000000 0.26400100000000000 0.020973
58.4693880000000000 0.28152300000000000 0.021484
58.5714290000000000 0.25461100000000000 0.020077
58.6734690000000000 0.23249600000000000 0.018528
58.7755100000000000 0.21433900000000000 0.018402
58.8775510000000000 0.17152600000000000 0.016013
58.9795920000000000 0.08615400000000000 0.010612
59.0816330000000000 0.07422000000000000 0.010121
59.1836730000000000 0.10568200000000000 0.012576
59.2857140000000000 0.19434000000000000 0.016956
59.3877550000000000 0.25051400000000000 0.020181
59.4897960000000000 0.26055900000000000 0.020802
59.5918370000000000 0.26988100000000000 0.020780
59.6938780000000000 0.24459600000000000 0.019832
59.7959180000000000 0.26509100000000000 0.020453
59.8979590000000000 0.27450700000000000 0.020783
60.0000000000000000 0.23859100000000000 0.019605
