55.0000000000000000 0.25576100000000000 0.019781
55.1020410000000000 0.26407500000000000 0.019920
55.2040820000000000 0.29697300000000000 0.021368
55.3061220000000000 0.26309900000000000 0.020285
55.4081630000000000 0.24034100000000000 0.019127
55.5102040000000000 0.25598100000000000 0.019724
55.6122450000000000 0.24433700000000000 0.018538
55.7142860000000000 0.21238300000000000 0.017605
55.8163270000000000 0.20548800000000000 0.017321
55.9183670000000000 0.23417800000000000 0.018404
56.0204080000000000 0.24763100000000000 0.019171
56.1224490000000000 0.24779600000000000 0.019571
56.2244900000000000 0.28018600000000000 0.020993
56.3265310000000000 0.25318000000000000 0.019834
56.4285710000000000 0.30044300000000000 0.021815
56.5306120000000000 0.31133200000000000 0.022618
56.6326530000000000 0.27314300000000000 0.020596
56.7346940000000000 0.26697000000000000 0.020691
56.8367350000000000 0.24684100000000000 0.019179
56.9387760000000000 0.29363100000000000 0.022381
57.0408160000000000 0.26868900000000000 0.020265
57.1428570000000000 0.29341200000000000 0.021673
57.2448980000000000 0.25310000000000000 0.019595
57.3469390000000000 0.27842600000000000 0.021033
57.4489800000000000 0.27469500000000000 0.020762
57.5510200000000000 0.27015000000000000 0.020534
57.6530610000000000 0.26232400000000000 0.020068
57.7551020000000000 0.27683500000000000 0.021368
57.8571430000000000 0.30320400000000000 0.022071
57.9591840000000000 0.27344800000000000 0.020847
58.0612240000000000 0.26490500000000000 0.020676
58.1632650000000000 0.29481800000000000 0.022125
58.2653060000000000 0.25372700000000000 0.019881
58.3673470000000000 0.25023300000000000 0.020287
58.4693880000000000 0.26933700000000000 0.020892
58.5714290000000000 0.26448300000000000 0.020560
58.6734690000000000 0.28147500000000000 0.020881
58.7755100000000000 0.22345400000000000 0.018869
58.8775510000000000 0.13231500000000000 0.013845
58.9795920000000000 0.08408100000000000 0.010482
59.0816330000000000 0.09383600000000000 0.011380
59.1836730000000000 0.09864400000000000 0.012136
59.2857140000000000 0.18457400000000000 0.016449
59.3877550000000000 0.20972500000000000 0.018115
59.4897960000000000 0.24105500000000000 0.019825
59.5918370000000000 0.26988100000000000 0.020780
59.6938780000000000 0.25586200000000000 0.020392
59.7959180000000000 0.25860200000000000 0.020138
59.8979590000000000 0.25635600000000000 0.019909
60.0000000000000000 0.28287900000000000 0.021798
