55.0000000000000000 0.32231400000000000 0.022932
55.1020410000000000 0.29386100000000000 0.021323
55.2040820000000000 0.26952300000000000 0.020083
55.3061220000000000 0.30818300000000000 0.022436
55.4081630000000000 0.30547000000000000 0.022253
55.5102040000000000 0.25598100000000000 0.019724
55.6122450000000000 0.26289900000000000 0.019410
55.7142860000000000 0.23445100000000000 0.018697
55.8163270000000000 0.22983600000000000 0.018535
55.9183670000000000 0.25555000000000000 0.019430
56.0204080000000000 0.26413300000000000 0.019961
56.1224490000000000 0.25964200000000000 0.020148
56.2244900000000000 0.30883000000000000 0.022346
56.3265310000000000 0.25748800000000000 0.020044
56.4285710000000000 0.27323500000000000 0.020530
56.5306120000000000 0.23379600000000000 0.018882
56.6326530000000000 0.21516300000000000 0.017771
56.7346940000000000 0.22633800000000000 0.018685
56.8367350000000000 0.16909000000000000 0.015289
56.9387760000000000 0.14287800000000000 0.014584
57.0408160000000000 0.08234900000000000 0.010396
57.1428570000000000 0.06197200000000000 0.009173
57.2448980000000000 0.00640900000000000 0.004216
57.3469390000000000 0.00011300000000000 0.003404
57.4489800000000000 -0.0009530000000000 0.003198
57.5510200000000000 -0.0020150000000000 0.003013
57.6530610000000000 0.00327000000000000 0.003807
57.7551020000000000 -0.0043640000000000 0.002754
57.8571430000000000 0.00117100000000000 0.003522
57.9591840000000000 0.00011300000000000 0.003423
58.0612240000000000 -0.0009920000000000 0.003330
58.1632650000000000 -0.0021000000000000 0.003140
58.2653060000000000 0.00119200000000000 0.003586
58.3673470000000000 0.00012000000000000 0.003635
58.4693880000000000 0.00787200000000000 0.004589
58.5714290000000000 0.01547300000000000 0.005424
58.6734690000000000 0.02720400000000000 0.006364
58.7755100000000000 0.02632700000000000 0.006652
58.8775510000000000 0.03820800000000000 0.007616
58.9795920000000000 0.01773300000000000 0.005447
59.0816330000000000 0.02300000000000000 0.006155
59.1836730000000000 0.02944500000000000 0.007065
59.2857140000000000 0.07389800000000000 0.010075
59.3877550000000000 0.10775500000000000 0.012477
59.4897960000000000 0.13320800000000000 0.014065
59.5918370000000000 0.12462200000000000 0.013229
59.6938780000000000 0.13644000000000000 0.014120
59.7959180000000000 0.14612200000000000 0.014369
59.8979590000000000 0.14104600000000000 0.013998
60.0000000000000000 0.15910000000000000 0.015444
