55.0000000000000000 0.34766800000000000 0.024104
55.1020410000000000 0.30824000000000000 0.021991
55.2040820000000000 0.28782300000000000 0.020942
55.3061220000000000 0.29959500000000000 0.022031
55.4081630000000000 0.29799600000000000 0.021901
55.5102040000000000 0.28744000000000000 0.021224
55.6122450000000000 0.25410600000000000 0.018998
55.7142860000000000 0.19346700000000000 0.016651
55.8163270000000000 0.17267000000000000 0.015635
55.9183670000000000 0.16599200000000000 0.014991
56.0204080000000000 0.18368800000000000 0.016004
56.1224490000000000 0.17779900000000000 0.016036
56.2244900000000000 0.13908800000000000 0.013846
56.3265310000000000 0.07226400000000000 0.009925
56.4285710000000000 0.05975800000000000 0.008923
56.5306120000000000 0.02703500000000000 0.006481
56.6326530000000000 0.00959800000000000 0.004621
56.7346940000000000 0.00011500000000000 0.003479
56.8367350000000000 -0.0019650000000000 0.002938
56.9387760000000000 -0.0055910000000000 0.002567
57.0408160000000000 -0.0019730000000000 0.002950
57.1428570000000000 0.00971100000000000 0.004676
57.2448980000000000 0.00640900000000000 0.004216
57.3469390000000000 0.00333600000000000 0.003884
57.4489800000000000 0.00011200000000000 0.003372
57.5510200000000000 0.00117500000000000 0.003533
57.6530610000000000 0.00748200000000000 0.004362
57.7551020000000000 0.00011800000000000 0.003549
57.8571430000000000 0.00117100000000000 0.003522
57.9591840000000000 -0.0020470000000000 0.003062
58.0612240000000000 0.00787200000000000 0.004589
58.1632650000000000 0.00122400000000000 0.003682
58.2653060000000000 0.00443000000000000 0.004050
58.3673470000000000 0.00700400000000000 0.004608
58.4693880000000000 0.01008700000000000 0.004858
58.5714290000000000 0.02753900000000000 0.006603
58.6734690000000000 0.01574100000000000 0.005261
58.7755100000000000 0.01265400000000000 0.005260
58.8775510000000000 0.01132100000000000 0.005043
58.9795920000000000 0.01358600000000000 0.005013
59.0816330000000000 0.02191000000000000 0.006050
59.1836730000000000 0.02475300000000000 0.006628
59.2857140000000000 0.04134600000000000 0.007725
59.3877550000000000 0.07942900000000000 0.010685
59.4897960000000000 0.07813700000000000 0.010672
59.5918370000000000 0.07438200000000000 0.010144
59.6938780000000000 0.07560200000000000 0.010398
59.7959180000000000 0.09637100000000000 0.011491
59.8979590000000000 0.11649000000000000 0.012610
60.0000000000000000 0.12730400000000000 0.013651
