55.0000000000000000 0.28217100000000000 0.021046
55.1020410000000000 0.27229200000000000 0.020309
55.2040820000000000 0.26850700000000000 0.020035
55.3061220000000000 0.28134700000000000 0.021163
55.4081630000000000 0.27237100000000000 0.020681
55.5102040000000000 0.23186200000000000 0.018552
55.6122450000000000 0.23261400000000000 0.017981
55.7142860000000000 0.21553500000000000 0.017763
55.8163270000000000 0.17055200000000000 0.015524
55.9183670000000000 0.16497400000000000 0.014938
56.0204080000000000 0.14346500000000000 0.013890
56.1224490000000000 0.13903100000000000 0.013947
56.2244900000000000 0.09877400000000000 0.011522
56.3265310000000000 0.05503400000000000 0.008728
56.4285710000000000 0.03255000000000000 0.006845
56.5306120000000000 0.00980500000000000 0.004721
56.6326530000000000 0.00116500000000000 0.003503
56.7346940000000000 0.00231200000000000 0.003813
56.8367350000000000 -0.0040380000000000 0.002548
56.9387760000000000 -0.0067330000000000 0.002303
57.0408160000000000 -0.0009320000000000 0.003129
57.1428570000000000 -0.0020210000000000 0.003023
57.2448980000000000 -0.0061880000000000 0.002116
57.3469390000000000 -0.0020360000000000 0.003045
57.4489800000000000 -0.0041450000000000 0.002616
57.5510200000000000 -0.0030780000000000 0.002820
57.6530610000000000 0.00011000000000000 0.003336
57.7551020000000000 0.00796000000000000 0.004641
57.8571430000000000 0.00541000000000000 0.004119
57.9591840000000000 0.01307800000000000 0.005107
58.0612240000000000 0.02892200000000000 0.006770
58.1632650000000000 0.04554000000000000 0.008152
58.2653060000000000 0.05947000000000000 0.009057
58.3673470000000000 0.06322200000000000 0.009643
58.4693880000000000 0.06548200000000000 0.009615
58.5714290000000000 0.08348400000000000 0.010764
58.6734690000000000 0.10015000000000000 0.011497
58.7755100000000000 0.08444000000000000 0.011048
58.8775510000000000 0.05501300000000000 0.008924
58.9795920000000000 0.04779700000000000 0.008014
59.0816330000000000 0.03716700000000000 0.007406
59.1836730000000000 0.05290200000000000 0.009001
59.2857140000000000 0.09342900000000000 0.011329
59.3877550000000000 0.10662200000000000 0.012408
59.4897960000000000 0.11485100000000000 0.012987
59.5918370000000000 0.16721700000000000 0.015585
59.6938780000000000 0.18826500000000000 0.016948
59.7959180000000000 0.16667100000000000 0.015481
59.8979590000000000 0.18161800000000000 0.016168
60.0000000000000000 0.14547300000000000 0.014688
