55.0000000000000000 0.24625300000000000 0.019320
55.1020410000000000 0.26921000000000000 0.020164
55.2040820000000000 0.27257300000000000 0.020227
55.3061220000000000 0.27705400000000000 0.020957
55.4081630000000000 0.25635600000000000 0.019909
55.5102040000000000 0.25702900000000000 0.019774
55.6122450000000000 0.29220700000000000 0.020765
55.7142860000000000 0.20923000000000000 0.017448
55.8163270000000000 0.21395700000000000 0.017746
55.9183670000000000 0.19957600000000000 0.016703
56.0204080000000000 0.26207000000000000 0.019862
56.1224490000000000 0.25533400000000000 0.019939
56.2244900000000000 0.23881100000000000 0.018995
56.3265310000000000 0.23918100000000000 0.019148
56.4285710000000000 0.25021300000000000 0.019426
56.5306120000000000 0.27148700000000000 0.020721
56.6326530000000000 0.25416700000000000 0.019685
56.7346940000000000 0.28783500000000000 0.021700
56.8367350000000000 0.25202500000000000 0.019429
56.9387760000000000 0.28906200000000000 0.022158
57.0408160000000000 0.27597700000000000 0.020611
57.1428570000000000 0.25821600000000000 0.019989
57.2448980000000000 0.27304500000000000 0.020551
57.3469390000000000 0.28057500000000000 0.021136
57.4489800000000000 0.25447300000000000 0.019788
57.5510200000000000 0.25845500000000000 0.019970
57.6530610000000000 0.26548400000000000 0.020220
57.7551020000000000 0.23538400000000000 0.019319
57.8571430000000000 0.24703600000000000 0.019387
57.9591840000000000 0.27344800000000000 0.020847
58.0612240000000000 0.28484700000000000 0.021645
58.1632650000000000 0.27376800000000000 0.021108
58.2653060000000000 0.28178600000000000 0.021237
58.3673470000000000 0.28809400000000000 0.022158
58.4693880000000000 0.23609900000000000 0.019253
58.5714290000000000 0.26119300000000000 0.020399
58.6734690000000000 0.28772700000000000 0.021176
58.7755100000000000 0.25535900000000000 0.020477
58.8775510000000000 0.14575800000000000 0.014604
58.9795920000000000 0.08719100000000000 0.010677
59.0816330000000000 0.07204100000000000 0.009975
59.1836730000000000 0.11623800000000000 0.013220
59.2857140000000000 0.18348900000000000 0.016393
59.3877550000000000 0.23805000000000000 0.019557
59.4897960000000000 0.26744300000000000 0.021143
59.5918370000000000 0.26223600000000000 0.020408
59.6938780000000000 0.24008900000000000 0.019607
59.7959180000000000 0.25535700000000000 0.019980
59.8979590000000000 0.30119900000000000 0.022052
60.0000000000000000 0.27947200000000000 0.021632
