55.0000000000000000 0.26209900000000000 0.020087
55.1020410000000000 0.26818300000000000 0.020115
55.2040820000000000 0.25834000000000000 0.019554
55.3061220000000000 0.26739300000000000 0.020493
55.4081630000000000 0.26383000000000000 0.020270
55.5102040000000000 0.24025100000000000 0.018962
55.6122450000000000 0.20721300000000000 0.016755
55.7142860000000000 0.19031500000000000 0.016490
55.8163270000000000 0.14620400000000000 0.014221
55.9183670000000000 0.17006300000000000 0.015202
56.0204080000000000 0.12387000000000000 0.012808
56.1224490000000000 0.13149300000000000 0.013525
56.2244900000000000 0.08498200000000000 0.010669
56.3265310000000000 0.06041800000000000 0.009113
56.4285710000000000 0.00743500000000000 0.004334
56.5306120000000000 0.00334400000000000 0.003893
56.6326530000000000 -0.0009440000000000 0.003168
56.7346940000000000 0.00121300000000000 0.003649
56.8367350000000000 -0.0009280000000000 0.003116
56.9387760000000000 -0.0055910000000000 0.002567
57.0408160000000000 0.00010900000000000 0.003298
57.1428570000000000 0.00544500000000000 0.004145
57.2448980000000000 -0.0040890000000000 0.002580
57.3469390000000000 -0.0009620000000000 0.003229
57.4489800000000000 0.00011200000000000 0.003372
57.5510200000000000 -0.0009520000000000 0.003195
57.6530610000000000 0.00011000000000000 0.003336
57.7551020000000000 0.00347800000000000 0.004050
57.8571430000000000 0.02660500000000000 0.006377
57.9591840000000000 0.02388200000000000 0.006204
58.0612240000000000 0.04775600000000000 0.008323
58.1632650000000000 0.05329600000000000 0.008741
58.2653060000000000 0.06702400000000000 0.009583
58.3673470000000000 0.07584300000000000 0.010518
58.4693880000000000 0.09761200000000000 0.011714
58.5714290000000000 0.09555100000000000 0.011526
58.6734690000000000 0.10952900000000000 0.012052
58.7755100000000000 0.10153200000000000 0.012132
58.8775510000000000 0.07293800000000000 0.010187
58.9795920000000000 0.03743000000000000 0.007209
59.0816330000000000 0.03498800000000000 0.007224
59.1836730000000000 0.06228500000000000 0.009695
59.2857140000000000 0.09559900000000000 0.011463
59.3877550000000000 0.12814900000000000 0.013684
59.4897960000000000 0.16189100000000000 0.015677
59.5918370000000000 0.17377000000000000 0.015933
59.6938780000000000 0.14770600000000000 0.014754
59.7959180000000000 0.19262800000000000 0.016841
59.8979590000000000 0.16773800000000000 0.015440
60.0000000000000000 0.18067600000000000 0.016611
