55.0000000000000000 0.30646800000000000 0.022192
55.1020410000000000 0.30515900000000000 0.021848
55.2040820000000000 0.32849000000000000 0.022819
55.3061220000000000 0.25129200000000000 0.019712
55.4081630000000000 0.28304800000000000 0.021191
55.5102040000000000 0.24759200000000000 0.019319
55.6122450000000000 0.25996800000000000 0.019273
55.7142860000000000 0.22814600000000000 0.018387
55.8163270000000000 0.20231200000000000 0.017160
55.9183670000000000 0.18431100000000000 0.015933
56.0204080000000000 0.21153400000000000 0.017407
56.1224490000000000 0.23379600000000000 0.018882
56.2244900000000000 0.19425400000000000 0.016768
56.3265310000000000 0.12826200000000000 0.013342
56.4285710000000000 0.13405600000000000 0.013474
56.5306120000000000 0.08195600000000000 0.010560
56.6326530000000000 0.04016900000000000 0.007501
56.7346940000000000 0.01878400000000000 0.005771
56.8367350000000000 0.00529200000000000 0.004029
56.9387760000000000 0.00126200000000000 0.003795
57.0408160000000000 -0.0009320000000000 0.003129
57.1428570000000000 0.00011200000000000 0.003379
57.2448980000000000 0.00640900000000000 0.004216
57.3469390000000000 0.00441100000000000 0.004033
57.4489800000000000 -0.0041450000000000 0.002616
57.5510200000000000 0.00330100000000000 0.003843
57.6530610000000000 0.00537600000000000 0.004093
57.7551020000000000 -0.0032430000000000 0.002971
57.8571430000000000 -0.0051880000000000 0.002382
57.9591840000000000 0.00335400000000000 0.003905
58.0612240000000000 -0.0021000000000000 0.003140
58.1632650000000000 0.00122400000000000 0.003682
58.2653060000000000 0.01738100000000000 0.005561
58.3673470000000000 0.02191900000000000 0.006260
58.4693880000000000 0.03003000000000000 0.006868
58.5714290000000000 0.05276900000000000 0.008653
58.6734690000000000 0.05429800000000000 0.008515
58.7755100000000000 0.04341900000000000 0.008119
58.8775510000000000 0.04268900000000000 0.007980
58.9795920000000000 0.03224600000000000 0.006781
59.0816330000000000 0.02626900000000000 0.006460
59.1836730000000000 0.04351900000000000 0.008267
59.2857140000000000 0.07932300000000000 0.010433
59.3877550000000000 0.09302500000000000 0.011565
59.4897960000000000 0.10567300000000000 0.012431
59.5918370000000000 0.13226700000000000 0.013666
59.6938780000000000 0.13418700000000000 0.013992
59.7959180000000000 0.13530600000000000 0.013769
59.8979590000000000 0.15172300000000000 0.014582
60.0000000000000000 0.14888000000000000 0.014879
