55.0000000000000000 0.28956600000000000 0.021397
55.1020410000000000 0.31543000000000000 0.022324
55.2040820000000000 0.31527300000000000 0.022213
55.3061220000000000 0.29637500000000000 0.021878
55.4081630000000000 0.29159000000000000 0.021598
55.5102040000000000 0.31575400000000000 0.022551
55.6122450000000000 0.27266800000000000 0.019864
55.7142860000000000 0.25126400000000000 0.019516
55.8163270000000000 0.22242600000000000 0.018168
55.9183670000000000 0.28811600000000000 0.020965
56.0204080000000000 0.30744900000000000 0.021996
56.1224490000000000 0.27794900000000000 0.021032
56.2244900000000000 0.30776900000000000 0.022296
56.3265310000000000 0.28010200000000000 0.021135
56.4285710000000000 0.28056000000000000 0.020878
56.5306120000000000 0.27687200000000000 0.020980
56.6326530000000000 0.30160500000000000 0.021943
56.7346940000000000 0.24720300000000000 0.019723
56.8367350000000000 0.26964900000000000 0.020271
56.9387760000000000 0.22053800000000000 0.018741
57.0408160000000000 0.19686000000000000 0.016748
57.1428570000000000 0.16222700000000000 0.015139
57.2448980000000000 0.17017000000000000 0.015440
57.3469390000000000 0.12046400000000000 0.012882
57.4489800000000000 0.05864700000000000 0.008929
57.5510200000000000 0.02669000000000000 0.006398
57.6530610000000000 0.00011000000000000 0.003336
57.7551020000000000 -0.0043640000000000 0.002754
57.8571430000000000 -0.0009490000000000 0.003185
57.9591840000000000 0.00335400000000000 0.003905
58.0612240000000000 -0.0021000000000000 0.003140
58.1632650000000000 0.00122400000000000 0.003682
58.2653060000000000 0.00011300000000000 0.003419
58.3673470000000000 -0.0044690000000000 0.002820
58.4693880000000000 -0.0043150000000000 0.002723
58.5714290000000000 0.00450300000000000 0.004117
58.6734690000000000 0.00219400000000000 0.003618
58.7755100000000000 0.00581700000000000 0.004429
58.8775510000000000 0.01356100000000000 0.005296
58.9795920000000000 0.01462200000000000 0.005124
59.0816330000000000 0.00556300000000000 0.004236
59.1836730000000000 -0.0022230000000000 0.003324
59.2857140000000000 -0.0042260000000000 0.002667
59.3877550000000000 0.00465100000000000 0.004252
59.4897960000000000 0.00126800000000000 0.003813
59.5918370000000000 0.00120700000000000 0.003629
59.6938780000000000 0.00011800000000000 0.003569
59.7959180000000000 0.00119500000000000 0.003594
59.8979590000000000 0.01292400000000000 0.005047
60.0000000000000000 0.05008500000000000 0.008622
