55.0000000000000000 0.26315600000000000 0.020138
55.1020410000000000 0.26818300000000000 0.020115
55.2040820000000000 0.25020700000000000 0.019166
55.3061220000000000 0.30710900000000000 0.022385
55.4081630000000000 0.23179900000000000 0.018707
55.5102040000000000 0.27380800000000000 0.020578
55.6122450000000000 0.26192200000000000 0.019364
55.7142860000000000 0.22814600000000000 0.018387
55.8163270000000000 0.21819100000000000 0.017958
55.9183670000000000 0.22909000000000000 0.018157
56.0204080000000000 0.24247500000000000 0.018922
56.1224490000000000 0.26394900000000000 0.020357
56.2244900000000000 0.25578500000000000 0.019822
56.3265310000000000 0.26502600000000000 0.020409
56.4285710000000000 0.28160600000000000 0.020928
56.5306120000000000 0.26071800000000000 0.020201
56.6326530000000000 0.29106400000000000 0.021447
56.7346940000000000 0.27685400000000000 0.021171
56.8367350000000000 0.27794200000000000 0.020664
56.9387760000000000 0.29134600000000000 0.022270
57.0408160000000000 0.26036100000000000 0.019867
57.1428570000000000 0.26461500000000000 0.020298
57.2448980000000000 0.28459300000000000 0.021099
57.3469390000000000 0.29991700000000000 0.022057
57.4489800000000000 0.28746600000000000 0.021370
57.5510200000000000 0.26483400000000000 0.020278
57.6530610000000000 0.25179400000000000 0.019560
57.7551020000000000 0.27347400000000000 0.021204
57.8571430000000000 0.26293300000000000 0.020157
57.9591840000000000 0.28101000000000000 0.021210
58.0612240000000000 0.24939400000000000 0.019913
58.1632650000000000 0.23942300000000000 0.019419
58.2653060000000000 0.26236000000000000 0.020301
58.3673470000000000 0.25941200000000000 0.020745
58.4693880000000000 0.22058900000000000 0.018473
58.5714290000000000 0.26009600000000000 0.020345
58.6734690000000000 0.24291700000000000 0.019036
58.7755100000000000 0.21661700000000000 0.018519
58.8775510000000000 0.16032200000000000 0.015407
58.9795920000000000 0.09030100000000000 0.010869
59.0816330000000000 0.08729800000000000 0.010970
59.1836730000000000 0.13148500000000000 0.014123
59.2857140000000000 0.17155400000000000 0.015765
59.3877550000000000 0.22445400000000000 0.018869
59.4897960000000000 0.26170600000000000 0.020859
59.5918370000000000 0.24694500000000000 0.019659
59.6938780000000000 0.26149500000000000 0.020671
59.7959180000000000 0.26617300000000000 0.020506
59.8979590000000000 0.26810100000000000 0.020476
60.0000000000000000 0.30445500000000000 0.022845
