55.0000000000000000 0.26949400000000000 0.020442
55.1020410000000000 0.27742700000000000 0.020552
55.2040820000000000 0.24105700000000000 0.018727
55.3061220000000000 0.27276000000000000 0.020751
55.4081630000000000 0.26169500000000000 0.020167
55.5102040000000000 0.27275900000000000 0.020528
55.6122450000000000 0.23359100000000000 0.018027
55.7142860000000000 0.22184100000000000 0.018076
55.8163270000000000 0.19701800000000000 0.016892
55.9183670000000000 0.25249700000000000 0.019285
56.0204080000000000 0.24660000000000000 0.019121
56.1224490000000000 0.26718000000000000 0.020513
56.2244900000000000 0.30352500000000000 0.022097
56.3265310000000000 0.27902500000000000 0.021083
56.4285710000000000 0.26800200000000000 0.020281
56.5306120000000000 0.27256400000000000 0.020773
56.6326530000000000 0.26576300000000000 0.020243
56.7346940000000000 0.28454100000000000 0.021541
56.8367350000000000 0.27690600000000000 0.020615
56.9387760000000000 0.27421600000000000 0.021432
57.0408160000000000 0.27701800000000000 0.020660
57.1428570000000000 0.27848000000000000 0.020963
57.2448980000000000 0.29404000000000000 0.021545
57.3469390000000000 0.31711000000000000 0.022867
57.4489800000000000 0.23212400000000000 0.018695
57.5510200000000000 0.27652900000000000 0.020839
57.6530610000000000 0.29602200000000000 0.021670
57.7551020000000000 0.28019600000000000 0.021531
57.8571430000000000 0.27988900000000000 0.020968
57.9591840000000000 0.27344800000000000 0.020847
58.0612240000000000 0.24939400000000000 0.019913
58.1632650000000000 0.28706300000000000 0.021752
58.2653060000000000 0.26991500000000000 0.020666
58.3673470000000000 0.25482200000000000 0.020516
58.4693880000000000 0.29371000000000000 0.022072
58.5714290000000000 0.29190800000000000 0.021884
58.6734690000000000 0.23979100000000000 0.018884
58.7755100000000000 0.23598800000000000 0.019506
58.8775510000000000 0.14799900000000000 0.014729
58.9795920000000000 0.09133800000000000 0.010933
59.0816330000000000 0.07640000000000000 0.010265
59.1836730000000000 0.11506500000000000 0.013149
59.2857140000000000 0.19868000000000000 0.017179
59.3877550000000000 0.23011900000000000 0.019157
59.4897960000000000 0.28694700000000000 0.022102
59.5918370000000000 0.25677500000000000 0.020142
59.6938780000000000 0.28064800000000000 0.021610
59.7959180000000000 0.23264500000000000 0.018863
59.8979590000000000 0.25422100000000000 0.019805
60.0000000000000000 0.28174300000000000 0.021743
