55.0000000000000000 0.25681700000000000 0.019832
55.1020410000000000 0.26715600000000000 0.020066
55.2040820000000000 0.26444000000000000 0.019843
55.3061220000000000 0.27490700000000000 0.020854
55.4081630000000000 0.29692800000000000 0.021850
55.5102040000000000 0.24234800000000000 0.019064
55.6122450000000000 0.25117600000000000 0.018860
55.7142860000000000 0.22814600000000000 0.018387
55.8163270000000000 0.22666000000000000 0.018378
55.9183670000000000 0.24537300000000000 0.018944
56.0204080000000000 0.27754000000000000 0.020596
56.1224490000000000 0.25964200000000000 0.020148
56.2244900000000000 0.24942000000000000 0.019513
56.3265310000000000 0.29302500000000000 0.021751
56.4285710000000000 0.28369900000000000 0.021027
56.5306120000000000 0.26287200000000000 0.020305
56.6326530000000000 0.25522200000000000 0.019736
56.7346940000000000 0.28563900000000000 0.021594
56.8367350000000000 0.26446500000000000 0.020025
56.9387760000000000 0.28449400000000000 0.021935
57.0408160000000000 0.27493600000000000 0.020562
57.1428570000000000 0.25395000000000000 0.019782
57.2448980000000000 0.23630400000000000 0.018778
57.3469390000000000 0.27090400000000000 0.020672
57.4489800000000000 0.26298800000000000 0.020199
57.5510200000000000 0.27546600000000000 0.020788
57.6530610000000000 0.27285500000000000 0.020572
57.7551020000000000 0.30260200000000000 0.022614
57.8571430000000000 0.26505200000000000 0.020259
57.9591840000000000 0.28533200000000000 0.021417
58.0612240000000000 0.27044400000000000 0.020946
58.1632650000000000 0.26047300000000000 0.020459
58.2653060000000000 0.29689500000000000 0.021957
58.3673470000000000 0.25941200000000000 0.020745
58.4693880000000000 0.30811300000000000 0.022761
58.5714290000000000 0.27216200000000000 0.020933
58.6734690000000000 0.27313800000000000 0.020486
58.7755100000000000 0.20408300000000000 0.017872
58.8775510000000000 0.13343500000000000 0.013909
58.9795920000000000 0.08615400000000000 0.010612
59.0816330000000000 0.06768100000000000 0.009680
59.1836730000000000 0.08105100000000000 0.010996
59.2857140000000000 0.18891500000000000 0.016675
59.3877550000000000 0.25617900000000000 0.020462
59.4897960000000000 0.23302400000000000 0.019419
59.5918370000000000 0.27315800000000000 0.020938
59.6938780000000000 0.25360900000000000 0.020281
59.7959180000000000 0.27482500000000000 0.020923
59.8979590000000000 0.27557500000000000 0.020834
60.0000000000000000 0.24654000000000000 0.020004
