55.0000000000000000 0.36668300000000000 0.024975
55.1020410000000000 0.31440300000000000 0.022276
55.2040820000000000 0.32137300000000000 0.022493
55.3061220000000000 0.36722000000000000 0.025179
55.4081630000000000 0.33856800000000000 0.023799
55.5102040000000000 0.27695400000000000 0.020727
55.6122450000000000 0.30783800000000000 0.021479
55.7142860000000000 0.25021400000000000 0.019465
55.8163270000000000 0.23724700000000000 0.018899
55.9183670000000000 0.26674400000000000 0.019962
56.0204080000000000 0.27135200000000000 0.020304
56.1224490000000000 0.25425700000000000 0.019886
56.2244900000000000 0.23881100000000000 0.018995
56.3265310000000000 0.24887300000000000 0.019624
56.4285710000000000 0.21254000000000000 0.017578
56.5306120000000000 0.17779900000000000 0.016036
56.6326530000000000 0.12344900000000000 0.012927
56.7346940000000000 0.09565600000000000 0.011539
56.8367350000000000 0.06334700000000000 0.009125
56.9387760000000000 0.01725100000000000 0.005768
57.0408160000000000 -0.0030140000000000 0.002761
57.1428570000000000 -0.0030880000000000 0.002829
57.2448980000000000 0.00221000000000000 0.003644
57.3469390000000000 -0.0031110000000000 0.002850
57.4489800000000000 0.00011200000000000 0.003372
57.5510200000000000 -0.0020150000000000 0.003013
57.6530610000000000 -0.0030490000000000 0.002793
57.7551020000000000 0.00011800000000000 0.003549
57.8571430000000000 -0.0009490000000000 0.003185
57.9591840000000000 0.00443500000000000 0.004055
58.0612240000000000 -0.0054230000000000 0.002490
58.1632650000000000 0.00122400000000000 0.003682
58.2653060000000000 0.00982600000000000 0.004731
58.3673470000000000 0.02077200000000000 0.006147
58.4693880000000000 0.04000100000000000 0.007712
58.5714290000000000 0.03741200000000000 0.007455
58.6734690000000000 0.05950900000000000 0.008885
58.7755100000000000 0.05823200000000000 0.009247
58.8775510000000000 0.05165200000000000 0.008674
58.9795920000000000 0.04468700000000000 0.007779
59.0816330000000000 0.02626900000000000 0.006460
59.1836730000000000 0.06580400000000000 0.009947
59.2857140000000000 0.08583400000000000 0.010852
59.3877550000000000 0.12361700000000000 0.013421
59.4897960000000000 0.16648000000000000 0.015928
59.5918370000000000 0.16284800000000000 0.015351
59.6938780000000000 0.15333900000000000 0.015067
59.7959180000000000 0.14395800000000000 0.014250
59.8979590000000000 0.17841500000000000 0.016001
60.0000000000000000 0.16023600000000000 0.015506
