55.0000000000000000 0.26632500000000000 0.020290
55.1020410000000000 0.27023700000000000 0.020212
55.2040820000000000 0.26647300000000000 0.019939
55.3061220000000000 0.28564100000000000 0.021368
55.4081630000000000 0.27771000000000000 0.020937
55.5102040000000000 0.28744000000000000 0.021224
55.6122450000000000 0.26583000000000000 0.019546
55.7142860000000000 0.20712900000000000 0.017342
55.8163270000000000 0.20337000000000000 0.017214
55.9183670000000000 0.23214300000000000 0.018305
56.0204080000000000 0.27032100000000000 0.020255
56.1224490000000000 0.24995000000000000 0.019676
56.2244900000000000 0.28655100000000000 0.021295
56.3265310000000000 0.29194800000000000 0.021700
56.4285710000000000 0.25649100000000000 0.019729
56.5306120000000000 0.29410200000000000 0.021803
56.6326530000000000 0.26998000000000000 0.020445
56.7346940000000000 0.27355900000000000 0.021011
56.8367350000000000 0.26757500000000000 0.020173
56.9387760000000000 0.27535800000000000 0.021488
57.0408160000000000 0.27805900000000000 0.020710
57.1428570000000000 0.25714900000000000 0.019937
57.2448980000000000 0.27514500000000000 0.020651
57.3469390000000000 0.27735100000000000 0.020982
57.4489800000000000 0.25873100000000000 0.019994
57.5510200000000000 0.25739200000000000 0.019919
57.6530610000000000 0.26759000000000000 0.020321
57.7551020000000000 0.29588100000000000 0.022290
57.8571430000000000 0.30214400000000000 0.022021
57.9591840000000000 0.26696500000000000 0.020534
58.0612240000000000 0.27598400000000000 0.021216
58.1632650000000000 0.28927900000000000 0.021858
58.2653060000000000 0.23322200000000000 0.018873
58.3673470000000000 0.26170600000000000 0.020859
58.4693880000000000 0.27598400000000000 0.021216
58.5714290000000000 0.28313200000000000 0.021463
58.6734690000000000 0.26271700000000000 0.019989
58.7755100000000000 0.20750200000000000 0.018049
58.8775510000000000 0.15808200000000000 0.015285
58.9795920000000000 0.09133800000000000 0.010933
59.0816330000000000 0.06877100000000000 0.009754
59.1836730000000000 0.12210200000000000 0.013571
59.2857140000000000 0.20302000000000000 0.017401
59.3877550000000000 0.24031600000000000 0.019671
59.4897960000000000 0.28235800000000000 0.021878
59.5918370000000000 0.26660500000000000 0.020621
59.6938780000000000 0.28853400000000000 0.021993
59.7959180000000000 0.24778600000000000 0.019610
59.8979590000000000 0.28945400000000000 0.021496
60.0000000000000000 0.26243800000000000 0.020794
