55.0000000000000000 0.28322700000000000 0.021096
55.1020410000000000 0.29694200000000000 0.021466
55.2040820000000000 0.26545700000000000 0.019891
55.3061220000000000 0.25451200000000000 0.019869
55.4081630000000000 0.28091300000000000 0.021090
55.5102040000000000 0.27695400000000000 0.020727
55.6122450000000000 0.26094500000000000 0.019318
55.7142860000000000 0.22184100000000000 0.018076
55.8163270000000000 0.23936400000000000 0.019003
55.9183670000000000 0.22705400000000000 0.018058
56.0204080000000000 0.25485100000000000 0.019518
56.1224490000000000 0.28548700000000000 0.021392
56.2244900000000000 0.25578500000000000 0.019822
56.3265310000000000 0.30164000000000000 0.022160
56.4285710000000000 0.27428100000000000 0.020580
56.5306120000000000 0.27902500000000000 0.021083
56.6326530000000000 0.25733000000000000 0.019837
56.7346940000000000 0.27136300000000000 0.020905
56.8367350000000000 0.24476800000000000 0.019079
56.9387760000000000 0.27078900000000000 0.021263
57.0408160000000000 0.24578700000000000 0.019165
57.1428570000000000 0.27528100000000000 0.020810
57.2448980000000000 0.26254800000000000 0.020049
57.3469390000000000 0.26553100000000000 0.020413
57.4489800000000000 0.25447300000000000 0.019788
57.5510200000000000 0.23294000000000000 0.018725
57.6530610000000000 0.27285500000000000 0.020572
57.7551020000000000 0.24770700000000000 0.019934
57.8571430000000000 0.24809600000000000 0.019439
57.9591840000000000 0.27884900000000000 0.021106
58.0612240000000000 0.26047300000000000 0.020459
58.1632650000000000 0.28152300000000000 0.021484
58.2653060000000000 0.26883600000000000 0.020614
58.3673470000000000 0.26859000000000000 0.021200
58.4693880000000000 0.25936500000000000 0.020404
58.5714290000000000 0.25241700000000000 0.019969
58.6734690000000000 0.26688500000000000 0.020188
58.7755100000000000 0.19382800000000000 0.017336
58.8775510000000000 0.15248000000000000 0.014977
58.9795920000000000 0.07993400000000000 0.010220
59.0816330000000000 0.06768100000000000 0.009680
59.1836730000000000 0.10568200000000000 0.012576
59.2857140000000000 0.20410500000000000 0.017456
59.3877550000000000 0.22558700000000000 0.018927
59.4897960000000000 0.26744300000000000 0.021143
59.5918370000000000 0.30483100000000000 0.022456
59.6938780000000000 0.26036900000000000 0.020615
59.7959180000000000 0.26400900000000000 0.020401
59.8979590000000000 0.27023600000000000 0.020578
60.0000000000000000 0.26925200000000000 0.021131
