55.0000000000000000 0.27160700000000000 0.020543
55.1020410000000000 0.29591500000000000 0.021418
55.2040820000000000 0.29697300000000000 0.021368
55.3061220000000000 0.23304400000000000 0.018816
55.4081630000000000 0.27237100000000000 0.020681
55.5102040000000000 0.27485600000000000 0.020627
55.6122450000000000 0.23945200000000000 0.018306
55.7142860000000000 0.22289100000000000 0.018128
55.8163270000000000 0.19278400000000000 0.016676
55.9183670000000000 0.20568200000000000 0.017007
56.0204080000000000 0.26929000000000000 0.020206
56.1224490000000000 0.25641100000000000 0.019991
56.2244900000000000 0.27700300000000000 0.020841
56.3265310000000000 0.28010200000000000 0.021135
56.4285710000000000 0.28893200000000000 0.021274
56.5306120000000000 0.28010200000000000 0.021135
56.6326530000000000 0.27735900000000000 0.020797
56.7346940000000000 0.27136300000000000 0.020905
56.8367350000000000 0.28208900000000000 0.020860
56.9387760000000000 0.27193100000000000 0.021319
57.0408160000000000 0.25932000000000000 0.019817
57.1428570000000000 0.28488000000000000 0.021268
57.2448980000000000 0.28249300000000000 0.021000
57.3469390000000000 0.27305300000000000 0.020776
57.4489800000000000 0.28214500000000000 0.021117
57.5510200000000000 0.28716000000000000 0.021345
57.6530610000000000 0.27180200000000000 0.020522
57.7551020000000000 0.25330900000000000 0.020212
57.8571430000000000 0.24491700000000000 0.019284
57.9591840000000000 0.27560800000000000 0.020951
58.0612240000000000 0.26047300000000000 0.020459
58.1632650000000000 0.24163900000000000 0.019529
58.2653060000000000 0.27531100000000000 0.020926
58.3673470000000000 0.27317900000000000 0.021427
58.4693880000000000 0.25825700000000000 0.020350
58.5714290000000000 0.26119300000000000 0.020399
58.6734690000000000 0.26688500000000000 0.020188
58.7755100000000000 0.21319900000000000 0.018344
58.8775510000000000 0.15136000000000000 0.014915
58.9795920000000000 0.08304400000000000 0.010417
59.0816330000000000 0.05242400000000000 0.008595
59.1836730000000000 0.10099000000000000 0.012284
59.2857140000000000 0.19217000000000000 0.016844
59.3877550000000000 0.23918300000000000 0.019614
59.4897960000000000 0.24793900000000000 0.020172
59.5918370000000000 0.26223600000000000 0.020408
59.6938780000000000 0.28515400000000000 0.021829
59.7959180000000000 0.27590600000000000 0.020975
59.8979590000000000 0.27664200000000000 0.020886
60.0000000000000000 0.28742100000000000 0.022020
