55.0000000000000000 0.30435500000000000 0.022093
55.1020410000000000 0.28667100000000000 0.020986
55.2040820000000000 0.24004000000000000 0.018678
55.3061220000000000 0.25451200000000000 0.019869
55.4081630000000000 0.25742400000000000 0.019960
55.5102040000000000 0.19096400000000000 0.016507
55.6122450000000000 0.18767500000000000 0.015791
55.7142860000000000 0.12621300000000000 0.013063
55.8163270000000000 0.11232700000000000 0.012314
55.9183670000000000 0.09678800000000000 0.011157
56.0204080000000000 0.07539600000000000 0.009900
56.1224490000000000 0.07980200000000000 0.010421
56.2244900000000000 0.03724200000000000 0.007294
56.3265310000000000 0.01518900000000000 0.005324
56.4285710000000000 0.00429600000000000 0.003927
56.5306120000000000 -0.0009640000000000 0.003236
56.6326530000000000 0.00221900000000000 0.003660
56.7346940000000000 0.00341000000000000 0.003970
56.8367350000000000 -0.0019650000000000 0.002938
56.9387760000000000 0.00012000000000000 0.003618
57.0408160000000000 0.00739600000000000 0.004312
57.1428570000000000 -0.0041540000000000 0.002621
57.2448980000000000 0.00535900000000000 0.004080
57.3469390000000000 0.00333600000000000 0.003884
57.4489800000000000 -0.0009530000000000 0.003198
57.5510200000000000 -0.0009520000000000 0.003195
57.6530610000000000 -0.0009430000000000 0.003165
57.7551020000000000 0.00011800000000000 0.003549
57.8571430000000000 0.00329000000000000 0.003831
57.9591840000000000 -0.0031280000000000 0.002865
58.0612240000000000 0.00344000000000000 0.004005
58.1632650000000000 -0.0009920000000000 0.003330
58.2653060000000000 0.00227200000000000 0.003747
58.3673470000000000 0.00126800000000000 0.003813
58.4693880000000000 0.00011600000000000 0.003510
58.5714290000000000 0.00669700000000000 0.004406
58.6734690000000000 0.01365700000000000 0.005039
58.7755100000000000 0.01721100000000000 0.005755
58.8775510000000000 0.01468200000000000 0.005419
58.9795920000000000 0.01151200000000000 0.004784
59.0816330000000000 0.01755100000000000 0.005616
59.1836730000000000 0.03061800000000000 0.007171
59.2857140000000000 0.03375100000000000 0.007101
59.3877550000000000 0.04997100000000000 0.008602
59.4897960000000000 0.07584300000000000 0.010518
59.5918370000000000 0.05800000000000000 0.009012
59.6938780000000000 0.08574200000000000 0.011065
59.7959180000000000 0.08988100000000000 0.011088
59.8979590000000000 0.08339100000000000 0.010604
60.0000000000000000 0.10686400000000000 0.012437
