55.0000000000000000 0.27266300000000000 0.020593
55.1020410000000000 0.27537300000000000 0.020455
55.2040820000000000 0.25224000000000000 0.019263
55.3061220000000000 0.23948400000000000 0.019134
55.4081630000000000 0.27343900000000000 0.020732
55.5102040000000000 0.27695400000000000 0.020727
55.6122450000000000 0.26778300000000000 0.019637
55.7142860000000000 0.22814600000000000 0.018387
55.8163270000000000 0.23301200000000000 0.018691
55.9183670000000000 0.24333700000000000 0.018846
56.0204080000000000 0.25691300000000000 0.019616
56.1224490000000000 0.29948600000000000 0.022058
56.2244900000000000 0.26957700000000000 0.020486
56.3265310000000000 0.29840900000000000 0.022007
56.4285710000000000 0.30148900000000000 0.021864
56.5306120000000000 0.26502600000000000 0.020409
56.6326530000000000 0.29528000000000000 0.021645
56.7346940000000000 0.26697000000000000 0.020691
56.8367350000000000 0.27275900000000000 0.020419
56.9387760000000000 0.27764200000000000 0.021600
57.0408160000000000 0.24786900000000000 0.019266
57.1428570000000000 0.25395000000000000 0.019782
57.2448980000000000 0.24470200000000000 0.019188
57.3469390000000000 0.23759200000000000 0.019050
57.4489800000000000 0.27788700000000000 0.020914
57.5510200000000000 0.26164500000000000 0.020125
57.6530610000000000 0.23389100000000000 0.018688
57.7551020000000000 0.29700100000000000 0.022344
57.8571430000000000 0.26929100000000000 0.020462
57.9591840000000000 0.26372400000000000 0.020377
58.0612240000000000 0.27155200000000000 0.021000
58.1632650000000000 0.28152300000000000 0.021484
58.2653060000000000 0.26667700000000000 0.020510
58.3673470000000000 0.28580000000000000 0.022046
58.4693880000000000 0.28373900000000000 0.021591
58.5714290000000000 0.26667700000000000 0.020666
58.6734690000000000 0.23249600000000000 0.018528
58.7755100000000000 0.22459400000000000 0.018928
58.8775510000000000 0.13679600000000000 0.014100
58.9795920000000000 0.09444800000000000 0.011123
59.0816330000000000 0.08947700000000000 0.011107
59.1836730000000000 0.10216300000000000 0.012357
59.2857140000000000 0.20193500000000000 0.017345
59.3877550000000000 0.27317400000000000 0.021301
59.4897960000000000 0.24793900000000000 0.020172
59.5918370000000000 0.27206500000000000 0.020885
59.6938780000000000 0.23896300000000000 0.019550
59.7959180000000000 0.27266200000000000 0.020819
59.8979590000000000 0.24888200000000000 0.019545
60.0000000000000000 0.25221800000000000 0.020287
