55.0000000000000000 0.28111500000000000 0.020996
55.1020410000000000 0.28564400000000000 0.020938
55.2040820000000000 0.25834000000000000 0.019554
55.3061220000000000 0.25558500000000000 0.019921
55.4081630000000000 0.25101800000000000 0.019649
55.5102040000000000 0.26751600000000000 0.020277
55.6122450000000000 0.24433700000000000 0.018538
55.7142860000000000 0.21448500000000000 0.017710
55.8163270000000000 0.22454300000000000 0.018273
55.9183670000000000 0.23214300000000000 0.018305
56.0204080000000000 0.23731800000000000 0.018672
56.1224490000000000 0.25641100000000000 0.019991
56.2244900000000000 0.24199400000000000 0.019151
56.3265310000000000 0.24456500000000000 0.019413
56.4285710000000000 0.29102400000000000 0.021372
56.5306120000000000 0.30487100000000000 0.022313
56.6326530000000000 0.27525100000000000 0.020697
56.7346940000000000 0.26257800000000000 0.020477
56.8367350000000000 0.27172200000000000 0.020370
56.9387760000000000 0.24680600000000000 0.020071
57.0408160000000000 0.27597700000000000 0.020611
57.1428570000000000 0.26354900000000000 0.020246
57.2448980000000000 0.28354300000000000 0.021050
57.3469390000000000 0.24941200000000000 0.019630
57.4489800000000000 0.26298800000000000 0.020199
57.5510200000000000 0.28928700000000000 0.021446
57.6530610000000000 0.24231600000000000 0.019100
57.7551020000000000 0.27123400000000000 0.021094
57.8571430000000000 0.29790500000000000 0.021822
57.9591840000000000 0.27128700000000000 0.020743
58.0612240000000000 0.25825700000000000 0.020350
58.1632650000000000 0.23831500000000000 0.019363
58.2653060000000000 0.26667700000000000 0.020510
58.3673470000000000 0.28235800000000000 0.021878
58.4693880000000000 0.25161000000000000 0.020023
58.5714290000000000 0.25461100000000000 0.020077
58.6734690000000000 0.25229600000000000 0.019489
58.7755100000000000 0.23029100000000000 0.019217
58.8775510000000000 0.14239700000000000 0.014416
58.9795920000000000 0.08719100000000000 0.010677
59.0816330000000000 0.07749000000000000 0.010337
59.1836730000000000 0.12444800000000000 0.013710
59.2857140000000000 0.19108500000000000 0.016788
59.3877550000000000 0.23465100000000000 0.019386
59.4897960000000000 0.24793900000000000 0.020172
59.5918370000000000 0.27315800000000000 0.020938
59.6938780000000000 0.23783600000000000 0.019494
59.7959180000000000 0.24778600000000000 0.019610
59.8979590000000000 0.25422100000000000 0.019805
60.0000000000000000 0.25221800000000000 0.020287
