55.0000000000000000 0.18392500000000000 0.016204
55.1020410000000000 0.19834000000000000 0.016715
55.2040820000000000 0.19937300000000000 0.016685
55.3061220000000000 0.18044600000000000 0.016149
55.4081630000000000 0.11969300000000000 0.012796
55.5102040000000000 0.12594800000000000 0.013034
55.6122450000000000 0.08118800000000000 0.009980
55.7142860000000000 0.07682300000000000 0.010093
55.8163270000000000 0.03928100000000000 0.007449
55.9183670000000000 0.02962000000000000 0.006481
56.0204080000000000 0.03517400000000000 0.007003
56.1224490000000000 0.02380400000000000 0.006183
56.2244900000000000 0.01284200000000000 0.005014
56.3265310000000000 0.00980500000000000 0.004721
56.4285710000000000 0.00324900000000000 0.003783
56.5306120000000000 -0.0009640000000000 0.003236
56.6326530000000000 -0.0030520000000000 0.002796
56.7346940000000000 -0.0042770000000000 0.002699
56.8367350000000000 -0.0009280000000000 0.003116
56.9387760000000000 0.00583000000000000 0.004439
57.0408160000000000 -0.0030140000000000 0.002761
57.1428570000000000 0.00224500000000000 0.003703
57.2448980000000000 -0.0019890000000000 0.002975
57.3469390000000000 -0.0052600000000000 0.002415
57.4489800000000000 0.00117600000000000 0.003537
57.5510200000000000 -0.0020150000000000 0.003013
57.6530610000000000 -0.0009430000000000 0.003165
57.7551020000000000 -0.0010030000000000 0.003367
57.8571430000000000 -0.0009490000000000 0.003185
57.9591840000000000 -0.0031280000000000 0.002865
58.0612240000000000 0.00344000000000000 0.004005
58.1632650000000000 0.00011600000000000 0.003510
58.2653060000000000 0.00227200000000000 0.003747
58.3673470000000000 -0.0033220000000000 0.003043
58.4693880000000000 -0.0021000000000000 0.003140
58.5714290000000000 0.00230900000000000 0.003808
58.6734690000000000 0.00219400000000000 0.003618
58.7755100000000000 -0.0021590000000000 0.003229
58.8775510000000000 0.00683900000000000 0.004499
58.9795920000000000 -0.0040380000000000 0.002548
59.0816330000000000 -0.0031550000000000 0.002890
59.1836730000000000 0.00012300000000000 0.003716
59.2857140000000000 0.00553900000000000 0.004217
59.3877550000000000 0.00351800000000000 0.004096
59.4897960000000000 -0.0033220000000000 0.003043
59.5918370000000000 -0.0020700000000000 0.003095
59.6938780000000000 0.00011800000000000 0.003569
59.7959180000000000 0.01092900000000000 0.004868
59.8979590000000000 0.00972100000000000 0.004681
60.0000000000000000 0.01261100000000000 0.005242
