55.0000000000000000 0.25576100000000000 0.019781
55.1020410000000000 0.19936700000000000 0.016766
55.2040820000000000 0.20852300000000000 0.017140
55.3061220000000000 0.16541800000000000 0.015357
55.4081630000000000 0.18055100000000000 0.016112
55.5102040000000000 0.12175300000000000 0.012796
55.6122450000000000 0.07923400000000000 0.009858
55.7142860000000000 0.07261900000000000 0.009818
55.8163270000000000 0.03822200000000000 0.007364
55.9183670000000000 0.01435500000000000 0.005030
56.0204080000000000 0.01557800000000000 0.005206
56.1224490000000000 0.00011300000000000 0.003411
56.2244900000000000 -0.0009500000000000 0.003188
56.3265310000000000 0.00119000000000000 0.003579
56.4285710000000000 0.00220300000000000 0.003633
56.5306120000000000 0.00119000000000000 0.003579
56.6326530000000000 0.00221900000000000 0.003660
56.7346940000000000 -0.0020810000000000 0.003112
56.8367350000000000 -0.0009280000000000 0.003116
56.9387760000000000 -0.0010220000000000 0.003432
57.0408160000000000 -0.0009320000000000 0.003129
57.1428570000000000 0.00117800000000000 0.003544
57.2448980000000000 0.00011000000000000 0.003326
57.3469390000000000 -0.0020360000000000 0.003045
57.4489800000000000 0.00011200000000000 0.003372
57.5510200000000000 0.00649000000000000 0.004270
57.6530610000000000 -0.0019960000000000 0.002984
57.7551020000000000 -0.0021230000000000 0.003175
57.8571430000000000 0.00753000000000000 0.004389
57.9591840000000000 0.00443500000000000 0.004055
58.0612240000000000 0.00454800000000000 0.004158
58.1632650000000000 0.00122400000000000 0.003682
58.2653060000000000 0.01414300000000000 0.005219
58.3673470000000000 0.00700400000000000 0.004608
58.4693880000000000 0.02005800000000000 0.005934
58.5714290000000000 0.01876300000000000 0.005765
58.6734690000000000 0.02407700000000000 0.006079
58.7755100000000000 0.03544300000000000 0.007462
58.8775510000000000 0.02252400000000000 0.006221
58.9795920000000000 0.01773300000000000 0.005447
59.0816330000000000 0.01537100000000000 0.005388
59.1836730000000000 0.01771600000000000 0.005925
59.2857140000000000 0.04026100000000000 0.007638
59.3877550000000000 0.05223700000000000 0.008774
59.4897960000000000 0.07469500000000000 0.010440
59.5918370000000000 0.07001400000000000 0.009850
59.6938780000000000 0.07898200000000000 0.010623
59.7959180000000000 0.07906600000000000 0.010398
59.8979590000000000 0.11755700000000000 0.012672
60.0000000000000000 0.09210100000000000 0.011520
