55.0000000000000000 0.27372000000000000 0.020644
55.1020410000000000 0.24866800000000000 0.019184
55.2040820000000000 0.28172300000000000 0.020657
55.3061220000000000 0.29637500000000000 0.021878
55.4081630000000000 0.24781500000000000 0.019493
55.5102040000000000 0.29058600000000000 0.021372
55.6122450000000000 0.23847500000000000 0.018260
55.7142860000000000 0.23024700000000000 0.018491
55.8163270000000000 0.20337000000000000 0.017214
55.9183670000000000 0.24333700000000000 0.018846
56.0204080000000000 0.25794500000000000 0.019666
56.1224490000000000 0.27148700000000000 0.020721
56.2244900000000000 0.26957700000000000 0.020486
56.3265310000000000 0.26718000000000000 0.020513
56.4285710000000000 0.22719100000000000 0.018304
56.5306120000000000 0.28656400000000000 0.021444
56.6326530000000000 0.28368400000000000 0.021097
56.7346940000000000 0.28124600000000000 0.021383
56.8367350000000000 0.28416200000000000 0.020958
56.9387760000000000 0.26279500000000000 0.020868
57.0408160000000000 0.25307400000000000 0.019517
57.1428570000000000 0.26248200000000000 0.020195
57.2448980000000000 0.29928900000000000 0.021792
57.3469390000000000 0.28594800000000000 0.021393
57.4489800000000000 0.27469500000000000 0.020762
57.5510200000000000 0.27333900000000000 0.020686
57.6530610000000000 0.27285500000000000 0.020572
57.7551020000000000 0.27347400000000000 0.021204
57.8571430000000000 0.30002400000000000 0.021922
57.9591840000000000 0.25292100000000000 0.019851
58.0612240000000000 0.27155200000000000 0.021000
58.1632650000000000 0.26490500000000000 0.020676
58.2653060000000000 0.25588500000000000 0.019986
58.3673470000000000 0.28809400000000000 0.022158
58.4693880000000000 0.28484700000000000 0.021645
58.5714290000000000 0.26777400000000000 0.020720
58.6734690000000000 0.26896900000000000 0.020288
58.7755100000000000 0.21206000000000000 0.018285
58.8775510000000000 0.15920200000000000 0.015346
58.9795920000000000 0.09030100000000000 0.010869
59.0816330000000000 0.07640000000000000 0.010265
59.1836730000000000 0.11623800000000000 0.013220
59.2857140000000000 0.18240400000000000 0.016336
59.3877550000000000 0.24031600000000000 0.019671
59.4897960000000000 0.26514800000000000 0.021030
59.5918370000000000 0.25459100000000000 0.020035
59.6938780000000000 0.25022900000000000 0.020113
59.7959180000000000 0.26076500000000000 0.020244
59.8979590000000000 0.26169500000000000 0.020167
60.0000000000000000 0.25335400000000000 0.020344
