55.0000000000000000 0.27372000000000000 0.020644
55.1020410000000000 0.25791200000000000 0.019626
55.2040820000000000 0.28782300000000000 0.020942
55.3061220000000000 0.27490700000000000 0.020854
55.4081630000000000 0.26810100000000000 0.020476
55.5102040000000000 0.28219700000000000 0.020976
55.6122450000000000 0.25312900000000000 0.018952
55.7142860000000000 0.22499300000000000 0.018232
55.8163270000000000 0.20548800000000000 0.017321
55.9183670000000000 0.23824900000000000 0.018601
56.0204080000000000 0.21669100000000000 0.017662
56.1224490000000000 0.20579700000000000 0.017479
56.2244900000000000 0.26427200000000000 0.020231
56.3265310000000000 0.27148700000000000 0.020721
56.4285710000000000 0.26172400000000000 0.019981
56.5306120000000000 0.27148700000000000 0.020721
56.6326530000000000 0.26365500000000000 0.020142
56.7346940000000000 0.25159600000000000 0.019939
56.8367350000000000 0.27483200000000000 0.020517
56.9387760000000000 0.29134600000000000 0.022270
57.0408160000000000 0.26973100000000000 0.020314
57.1428570000000000 0.27954700000000000 0.021014
57.2448980000000000 0.27934400000000000 0.020851
57.3469390000000000 0.24081600000000000 0.019209
57.4489800000000000 0.27043800000000000 0.020558
57.5510200000000000 0.26377100000000000 0.020227
57.6530610000000000 0.27390800000000000 0.020622
57.7551020000000000 0.24434600000000000 0.019767
57.8571430000000000 0.29260600000000000 0.021572
57.9591840000000000 0.27884900000000000 0.021106
58.0612240000000000 0.25825700000000000 0.020350
58.1632650000000000 0.30700500000000000 0.022708
58.2653060000000000 0.25696400000000000 0.020038
58.3673470000000000 0.24449700000000000 0.019999
58.4693880000000000 0.24274700000000000 0.019584
58.5714290000000000 0.26887100000000000 0.020773
58.6734690000000000 0.27730600000000000 0.020684
58.7755100000000000 0.22573300000000000 0.018986
58.8775510000000000 0.14239700000000000 0.014416
58.9795920000000000 0.09652100000000000 0.011248
59.0816330000000000 0.08184900000000000 0.010621
59.1836730000000000 0.10685500000000000 0.012648
59.2857140000000000 0.20736100000000000 0.017622
59.3877550000000000 0.21085800000000000 0.018173
59.4897960000000000 0.26170600000000000 0.020859
59.5918370000000000 0.24585300000000000 0.019605
59.6938780000000000 0.24684900000000000 0.019945
59.7959180000000000 0.28455900000000000 0.021391
59.8979590000000000 0.26383000000000000 0.020270
60.0000000000000000 0.27265900000000000 0.021298
