55.0000000000000000 0.28956600000000000 0.021397
55.1020410000000000 0.25996600000000000 0.019724
55.2040820000000000 0.28680700000000000 0.020894
55.3061220000000000 0.22875000000000000 0.018603
55.4081630000000000 0.26810100000000000 0.020476
55.5102040000000000 0.28953800000000000 0.021323
55.6122450000000000 0.21796000000000000 0.017277
55.7142860000000000 0.21763700000000000 0.017867
55.8163270000000000 0.21713300000000000 0.017905
55.9183670000000000 0.24537300000000000 0.018944
56.0204080000000000 0.23834900000000000 0.018722
56.1224490000000000 0.28225600000000000 0.021238
56.2244900000000000 0.27700300000000000 0.020841
56.3265310000000000 0.27148700000000000 0.020721
56.4285710000000000 0.27846700000000000 0.020779
56.5306120000000000 0.26179500000000000 0.020253
56.6326530000000000 0.24889700000000000 0.019430
56.7346940000000000 0.24940000000000000 0.019831
56.8367350000000000 0.27068500000000000 0.020321
56.9387760000000000 0.27650000000000000 0.021544
57.0408160000000000 0.28846900000000000 0.021201
57.1428570000000000 0.24968400000000000 0.019574
57.2448980000000000 0.29089100000000000 0.021397
57.3469390000000000 0.27842600000000000 0.021033
57.4489800000000000 0.29810900000000000 0.021874
57.5510200000000000 0.26589700000000000 0.020329
57.6530610000000000 0.25705900000000000 0.019815
57.7551020000000000 0.26227100000000000 0.020655
57.8571430000000000 0.27353000000000000 0.020665
57.9591840000000000 0.28317100000000000 0.021314
58.0612240000000000 0.24939400000000000 0.019913
58.1632650000000000 0.31919200000000000 0.023287
58.2653060000000000 0.28070700000000000 0.021185
58.3673470000000000 0.25826400000000000 0.020688
58.4693880000000000 0.30368100000000000 0.022549
58.5714290000000000 0.21950800000000000 0.018331
58.6734690000000000 0.28147500000000000 0.020881
58.7755100000000000 0.22003600000000000 0.018695
58.8775510000000000 0.14463800000000000 0.014542
58.9795920000000000 0.08511800000000000 0.010547
59.0816330000000000 0.07204100000000000 0.009975
59.1836730000000000 0.10099000000000000 0.012284
59.2857140000000000 0.18348900000000000 0.016393
59.3877550000000000 0.21652300000000000 0.018464
59.4897960000000000 0.26973700000000000 0.021257
59.5918370000000000 0.28080300000000000 0.021307
59.6938780000000000 0.28177400000000000 0.021664
59.7959180000000000 0.22723700000000000 0.018594
59.8979590000000000 0.23500300000000000 0.018865
60.0000000000000000 0.24881100000000000 0.020117
