55.0000000000000000 0.28322700000000000 0.021096
55.1020410000000000 0.28153600000000000 0.020745
55.2040820000000000 0.25935700000000000 0.019602
55.3061220000000000 0.25236500000000000 0.019764
55.4081630000000000 0.29799600000000000 0.021901
55.5102040000000000 0.25702900000000000 0.019774
55.6122450000000000 0.27169100000000000 0.019819
55.7142860000000000 0.22604400000000000 0.018284
55.8163270000000000 0.21289800000000000 0.017693
55.9183670000000000 0.23417800000000000 0.018404
56.0204080000000000 0.24247500000000000 0.018922
56.1224490000000000 0.24995000000000000 0.019676
56.2244900000000000 0.28230700000000000 0.021094
56.3265310000000000 0.24564200000000000 0.019465
56.4285710000000000 0.27009500000000000 0.020381
56.5306120000000000 0.24671900000000000 0.019518
56.6326530000000000 0.29211800000000000 0.021496
56.7346940000000000 0.27136300000000000 0.020905
56.8367350000000000 0.27586900000000000 0.020566
56.9387760000000000 0.29934100000000000 0.022658
57.0408160000000000 0.25203300000000000 0.019467
57.1428570000000000 0.26248200000000000 0.020195
57.2448980000000000 0.29823900000000000 0.021743
57.3469390000000000 0.27735100000000000 0.020982
57.4489800000000000 0.28533700000000000 0.021269
57.5510200000000000 0.30736000000000000 0.022299
57.6530610000000000 0.25705900000000000 0.019815
57.7551020000000000 0.25554900000000000 0.020323
57.8571430000000000 0.27459000000000000 0.020716
57.9591840000000000 0.27344800000000000 0.020847
58.0612240000000000 0.28484700000000000 0.021645
58.1632650000000000 0.24939400000000000 0.019913
58.2653060000000000 0.27962800000000000 0.021133
58.3673470000000000 0.27088500000000000 0.021313
58.4693880000000000 0.28817100000000000 0.021805
58.5714290000000000 0.25680500000000000 0.020184
58.6734690000000000 0.23666500000000000 0.018731
58.7755100000000000 0.21775700000000000 0.018578
58.8775510000000000 0.15584100000000000 0.015162
58.9795920000000000 0.07889700000000000 0.010153
59.0816330000000000 0.06877100000000000 0.009754
59.1836730000000000 0.12092900000000000 0.013501
59.2857140000000000 0.20519000000000000 0.017512
59.3877550000000000 0.23238500000000000 0.019271
59.4897960000000000 0.23761300000000000 0.019652
59.5918370000000000 0.28189500000000000 0.021360
59.6938780000000000 0.25698900000000000 0.020448
59.7959180000000000 0.30510800000000000 0.022368
59.8979590000000000 0.26383000000000000 0.020270
60.0000000000000000 0.28742100000000000 0.022020
