55.0000000000000000 0.27372000000000000 0.020644
55.1020410000000000 0.30002400000000000 0.021610
55.2040820000000000 0.30104000000000000 0.021556
55.3061220000000000 0.25880500000000000 0.020077
55.4081630000000000 0.26383000000000000 0.020270
55.5102040000000000 0.19935400000000000 0.016933
55.6122450000000000 0.19255900000000000 0.016034
55.7142860000000000 0.15563700000000000 0.014678
55.8163270000000000 0.14408600000000000 0.014106
55.9183670000000000 0.11307200000000000 0.012111
56.0204080000000000 0.08880400000000000 0.010748
56.1224490000000000 0.07441800000000000 0.010069
56.2244900000000000 0.02557300000000000 0.006288
56.3265310000000000 0.03026600000000000 0.006769
56.4285710000000000 0.00848100000000000 0.004462
56.5306120000000000 0.00334400000000000 0.003893
56.6326530000000000 0.00116500000000000 0.003503
56.7346940000000000 0.00121300000000000 0.003649
56.8367350000000000 0.00529200000000000 0.004029
56.9387760000000000 0.00354600000000000 0.004128
57.0408160000000000 0.00010900000000000 0.003298
57.1428570000000000 0.00757800000000000 0.004418
57.2448980000000000 -0.0040890000000000 0.002580
57.3469390000000000 0.00548600000000000 0.004176
57.4489800000000000 -0.0020170000000000 0.003016
57.5510200000000000 -0.0030780000000000 0.002820
57.6530610000000000 -0.0041020000000000 0.002588
57.7551020000000000 0.00235800000000000 0.003890
57.8571430000000000 -0.0020080000000000 0.003003
57.9591840000000000 0.00119400000000000 0.003590
58.0612240000000000 0.00897900000000000 0.004725
58.1632650000000000 0.01230300000000000 0.005114
58.2653060000000000 0.01846000000000000 0.005671
58.3673470000000000 0.02650800000000000 0.006699
58.4693880000000000 0.04110900000000000 0.007801
58.5714290000000000 0.04180000000000000 0.007811
58.6734690000000000 0.04387700000000000 0.007740
58.7755100000000000 0.04569800000000000 0.008299
58.8775510000000000 0.03596800000000000 0.007429
58.9795920000000000 0.01876900000000000 0.005550
59.0816330000000000 0.01864100000000000 0.005727
59.1836730000000000 0.04234700000000000 0.008172
59.2857140000000000 0.08149300000000000 0.010573
59.3877550000000000 0.11342000000000000 0.012818
59.4897960000000000 0.11026200000000000 0.012711
59.5918370000000000 0.11042400000000000 0.012400
59.6938780000000000 0.14320000000000000 0.014502
59.7959180000000000 0.12232800000000000 0.013032
59.8979590000000000 0.13250500000000000 0.013523
60.0000000000000000 0.12276200000000000 0.013386
