55.0000000000000000 0.29590400000000000 0.021696
55.1020410000000000 0.30310500000000000 0.021753
55.2040820000000000 0.25732300000000000 0.019505
55.3061220000000000 0.25987900000000000 0.020129
55.4081630000000000 0.26703300000000000 0.020424
55.5102040000000000 0.25178600000000000 0.019522
55.6122450000000000 0.23359100000000000 0.018027
55.7142860000000000 0.21028100000000000 0.017500
55.8163270000000000 0.21501500000000000 0.017799
55.9183670000000000 0.23519600000000000 0.018453
56.0204080000000000 0.26619500000000000 0.020059
56.1224490000000000 0.26394900000000000 0.020357
56.2244900000000000 0.27912500000000000 0.020942
56.3265310000000000 0.27256400000000000 0.020773
56.4285710000000000 0.25858400000000000 0.019830
56.5306120000000000 0.25425700000000000 0.019886
56.6326530000000000 0.24046300000000000 0.019019
56.7346940000000000 0.29113000000000000 0.021858
56.8367350000000000 0.31526300000000000 0.022410
56.9387760000000000 0.26850500000000000 0.021150
57.0408160000000000 0.27597700000000000 0.020611
57.1428570000000000 0.27954700000000000 0.021014
57.2448980000000000 0.27829400000000000 0.020801
57.3469390000000000 0.29561900000000000 0.021853
57.4489800000000000 0.28640200000000000 0.021320
57.5510200000000000 0.29991800000000000 0.021949
57.6530610000000000 0.28443900000000000 0.021123
57.7551020000000000 0.25779000000000000 0.020434
57.8571430000000000 0.26187300000000000 0.020106
57.9591840000000000 0.25940300000000000 0.020167
58.0612240000000000 0.26379700000000000 0.020622
58.1632650000000000 0.25161000000000000 0.020023
58.2653060000000000 0.28286500000000000 0.021288
58.3673470000000000 0.27203200000000000 0.021370
58.4693880000000000 0.26822900000000000 0.020838
58.5714290000000000 0.27655000000000000 0.021145
58.6734690000000000 0.26480100000000000 0.020089
58.7755100000000000 0.21433900000000000 0.018402
58.8775510000000000 0.15360100000000000 0.015039
58.9795920000000000 0.07889700000000000 0.010153
59.0816330000000000 0.06768100000000000 0.009680
59.1836730000000000 0.10450900000000000 0.012503
59.2857140000000000 0.18565900000000000 0.016506
59.3877550000000000 0.23918300000000000 0.019614
59.4897960000000000 0.26514800000000000 0.021030
59.5918370000000000 0.28626400000000000 0.021570
59.6938780000000000 0.26938200000000000 0.021059
59.7959180000000000 0.26184600000000000 0.020296
59.8979590000000000 0.26596500000000000 0.020373
60.0000000000000000 0.26016700000000000 0.020682
