55.0000000000000000 0.27055100000000000 0.020492
55.1020410000000000 0.28050800000000000 0.020697
55.2040820000000000 0.28070700000000000 0.020609
55.3061220000000000 0.25773200000000000 0.020025
55.4081630000000000 0.31080800000000000 0.022504
55.5102040000000000 0.28534300000000000 0.021125
55.6122450000000000 0.25117600000000000 0.018860
55.7142860000000000 0.18821300000000000 0.016383
55.8163270000000000 0.20866300000000000 0.017481
55.9183670000000000 0.23010700000000000 0.018207
56.0204080000000000 0.24144300000000000 0.018872
56.1224490000000000 0.27471800000000000 0.020876
56.2244900000000000 0.31413400000000000 0.022594
56.3265310000000000 0.25102700000000000 0.019729
56.4285710000000000 0.27846700000000000 0.020779
56.5306120000000000 0.24671900000000000 0.019518
56.6326530000000000 0.25943800000000000 0.019939
56.7346940000000000 0.27246100000000000 0.020958
56.8367350000000000 0.27690600000000000 0.020615
56.9387760000000000 0.25480000000000000 0.020471
57.0408160000000000 0.28222300000000000 0.020906
57.1428570000000000 0.28381300000000000 0.021217
57.2448980000000000 0.25939900000000000 0.019898
57.3469390000000000 0.27842600000000000 0.021033
57.4489800000000000 0.26405200000000000 0.020251
57.5510200000000000 0.25739200000000000 0.019919
57.6530610000000000 0.24547500000000000 0.019254
57.7551020000000000 0.22866200000000000 0.018981
57.8571430000000000 0.26823100000000000 0.020411
57.9591840000000000 0.29829600000000000 0.022034
58.0612240000000000 0.23942300000000000 0.019419
58.1632650000000000 0.26047300000000000 0.020459
58.2653060000000000 0.29257800000000000 0.021752
58.3673470000000000 0.26400100000000000 0.020973
58.4693880000000000 0.27820000000000000 0.021323
58.5714290000000000 0.27655000000000000 0.021145
58.6734690000000000 0.24083300000000000 0.018934
58.7755100000000000 0.23940700000000000 0.019678
58.8775510000000000 0.13343500000000000 0.013909
58.9795920000000000 0.07060400000000000 0.009613
59.0816330000000000 0.05351400000000000 0.008676
59.1836730000000000 0.11389200000000000 0.013078
59.2857140000000000 0.18348900000000000 0.016393
59.3877550000000000 0.24258200000000000 0.019784
59.4897960000000000 0.28809400000000000 0.022158
59.5918370000000000 0.27643400000000000 0.021097
59.6938780000000000 0.25924200000000000 0.020560
59.7959180000000000 0.27049900000000000 0.020715
59.8979590000000000 0.25422100000000000 0.019805
60.0000000000000000 0.29877700000000000 0.022571
