55.0000000000000000 0.29801700000000000 0.021795
55.1020410000000000 0.30618600000000000 0.021896
55.2040820000000000 0.29799000000000000 0.021415
55.3061220000000000 0.31569600000000000 0.022789
55.4081630000000000 0.29265700000000000 0.021648
55.5102040000000000 0.29897500000000000 0.021767
55.6122450000000000 0.26094500000000000 0.019318
55.7142860000000000 0.21973900000000000 0.017972
55.8163270000000000 0.22771900000000000 0.018430
55.9183670000000000 0.21993000000000000 0.017710
56.0204080000000000 0.25588200000000000 0.019567
56.1224490000000000 0.24671900000000000 0.019518
56.2244900000000000 0.22395900000000000 0.018263
56.3265310000000000 0.21010500000000000 0.017697
56.4285710000000000 0.18324000000000000 0.016094
56.5306120000000000 0.14333800000000000 0.014185
56.6326530000000000 0.09709500000000000 0.011382
56.7346940000000000 0.04953300000000000 0.008416
56.8367350000000000 0.03328300000000000 0.006868
56.9387760000000000 0.00012000000000000 0.003618
57.0408160000000000 -0.0009320000000000 0.003129
57.1428570000000000 -0.0041540000000000 0.002621
57.2448980000000000 -0.0019890000000000 0.002975
57.3469390000000000 -0.0041860000000000 0.002641
57.4489800000000000 -0.0020170000000000 0.003016
57.5510200000000000 0.00223800000000000 0.003691
57.6530610000000000 0.00011000000000000 0.003336
57.7551020000000000 -0.0032430000000000 0.002971
57.8571430000000000 0.00541000000000000 0.004119
57.9591840000000000 0.01848000000000000 0.005677
58.0612240000000000 0.04997200000000000 0.008492
58.1632650000000000 0.05218800000000000 0.008659
58.2653060000000000 0.07349900000000000 0.010019
58.3673470000000000 0.09305200000000000 0.011644
58.4693880000000000 0.10204300000000000 0.011986
58.5714290000000000 0.13284800000000000 0.013729
58.6734690000000000 0.12516100000000000 0.012948
58.7755100000000000 0.11634500000000000 0.013030
58.8775510000000000 0.09758500000000000 0.011781
58.9795920000000000 0.05090700000000000 0.008244
59.0816330000000000 0.05133500000000000 0.008514
59.1836730000000000 0.08574300000000000 0.011307
59.2857140000000000 0.13140600000000000 0.013572
59.3877550000000000 0.14967600000000000 0.014906
59.4897960000000000 0.17451100000000000 0.016364
59.5918370000000000 0.18032300000000000 0.016279
59.6938780000000000 0.20178400000000000 0.017655
59.7959180000000000 0.19370900000000000 0.016897
59.8979590000000000 0.21578400000000000 0.017910
60.0000000000000000 0.21020200000000000 0.018159
