55.0000000000000000 0.34555500000000000 0.024007
55.1020410000000000 0.30207800000000000 0.021705
55.2040820000000000 0.34475700000000000 0.023560
55.3061220000000000 0.28564100000000000 0.021368
55.4081630000000000 0.28411600000000000 0.021242
55.5102040000000000 0.30526700000000000 0.022061
55.6122450000000000 0.24140600000000000 0.018399
55.7142860000000000 0.22289100000000000 0.018128
55.8163270000000000 0.23195400000000000 0.018639
55.9183670000000000 0.23926700000000000 0.018650
56.0204080000000000 0.25691300000000000 0.019616
56.1224490000000000 0.27794900000000000 0.021032
56.2244900000000000 0.25684600000000000 0.019873
56.3265310000000000 0.22841200000000000 0.018615
56.4285710000000000 0.20940100000000000 0.017421
56.5306120000000000 0.19502900000000000 0.016929
56.6326530000000000 0.16983300000000000 0.015454
56.7346940000000000 0.12530600000000000 0.013306
56.8367350000000000 0.09963100000000000 0.011435
56.9387760000000000 0.06179100000000000 0.009516
57.0408160000000000 0.02717500000000000 0.006357
57.1428570000000000 -0.0020210000000000 0.003023
57.2448980000000000 -0.0030390000000000 0.002784
57.3469390000000000 -0.0009620000000000 0.003229
57.4489800000000000 -0.0030810000000000 0.002823
57.5510200000000000 0.00968000000000000 0.004661
57.6530610000000000 0.00011000000000000 0.003336
57.7551020000000000 -0.0010030000000000 0.003367
57.8571430000000000 0.00011100000000000 0.003357
57.9591840000000000 -0.0031280000000000 0.002865
58.0612240000000000 -0.0021000000000000 0.003140
58.1632650000000000 0.00122400000000000 0.003682
58.2653060000000000 0.00550900000000000 0.004194
58.3673470000000000 0.00356200000000000 0.004147
58.4693880000000000 0.01008700000000000 0.004858
58.5714290000000000 0.01218200000000000 0.005063
58.6734690000000000 0.01886700000000000 0.005579
58.7755100000000000 0.02518800000000000 0.006546
58.8775510000000000 0.01804300000000000 0.005774
58.9795920000000000 0.02913600000000000 0.006513
59.0816330000000000 0.01973100000000000 0.005837
59.1836730000000000 0.02827200000000000 0.006958
59.2857140000000000 0.05979200000000000 0.009107
59.3877550000000000 0.06923200000000000 0.009996
59.4897960000000000 0.09305200000000000 0.011644
59.5918370000000000 0.11042400000000000 0.012400
59.6938780000000000 0.11390700000000000 0.012810
59.7959180000000000 0.13746900000000000 0.013890
59.8979590000000000 0.13143700000000000 0.013463
60.0000000000000000 0.10005000000000000 0.012019
