55.0000000000000000 0.30013000000000000 0.021895
55.1020410000000000 0.27537300000000000 0.020455
55.2040820000000000 0.27359000000000000 0.020275
55.3061220000000000 0.27920000000000000 0.021060
55.4081630000000000 0.29052200000000000 0.021547
55.5102040000000000 0.24968900000000000 0.019420
55.6122450000000000 0.24433700000000000 0.018538
55.7142860000000000 0.23445100000000000 0.018697
55.8163270000000000 0.17690400000000000 0.015856
55.9183670000000000 0.24333700000000000 0.018846
56.0204080000000000 0.25691300000000000 0.019616
56.1224490000000000 0.27794900000000000 0.021032
56.2244900000000000 0.28442900000000000 0.021195
56.3265310000000000 0.25425700000000000 0.019886
56.4285710000000000 0.27637400000000000 0.020680
56.5306120000000000 0.27256400000000000 0.020773
56.6326530000000000 0.26576300000000000 0.020243
56.7346940000000000 0.28454100000000000 0.021541
56.8367350000000000 0.25617200000000000 0.019628
56.9387760000000000 0.28677800000000000 0.022047
57.0408160000000000 0.28951000000000000 0.021250
57.1428570000000000 0.25181700000000000 0.019678
57.2448980000000000 0.26989600000000000 0.020401
57.3469390000000000 0.27520200000000000 0.020879
57.4489800000000000 0.25021600000000000 0.019581
57.5510200000000000 0.28397100000000000 0.021194
57.6530610000000000 0.31497800000000000 0.022558
57.7551020000000000 0.26451200000000000 0.020765
57.8571430000000000 0.28306800000000000 0.021120
57.9591840000000000 0.25292100000000000 0.019851
58.0612240000000000 0.27598400000000000 0.021216
58.1632650000000000 0.27930800000000000 0.021377
58.2653060000000000 0.25912300000000000 0.020143
58.3673470000000000 0.26055900000000000 0.020802
58.4693880000000000 0.30146600000000000 0.022443
58.5714290000000000 0.27874400000000000 0.021251
58.6734690000000000 0.22937000000000000 0.018375
58.7755100000000000 0.22573300000000000 0.018986
58.8775510000000000 0.16368300000000000 0.015590
58.9795920000000000 0.08511800000000000 0.010547
59.0816330000000000 0.06223200000000000 0.009302
59.1836730000000000 0.11858300000000000 0.013361
59.2857140000000000 0.14768200000000000 0.014478
59.3877550000000000 0.23805000000000000 0.019557
59.4897960000000000 0.27891600000000000 0.021709
59.5918370000000000 0.27752600000000000 0.021149
59.6938780000000000 0.23445600000000000 0.019324
59.7959180000000000 0.27158000000000000 0.020767
59.8979590000000000 0.29692800000000000 0.021850
60.0000000000000000 0.25335400000000000 0.020344
