55.0000000000000000 0.28111500000000000 0.020996
55.1020410000000000 0.25893900000000000 0.019675
55.2040820000000000 0.30917300000000000 0.021932
55.3061220000000000 0.31784300000000000 0.022890
55.4081630000000000 0.26703300000000000 0.020424
55.5102040000000000 0.26751600000000000 0.020277
55.6122450000000000 0.23456800000000000 0.018074
55.7142860000000000 0.24811200000000000 0.019363
55.8163270000000000 0.21501500000000000 0.017799
55.9183670000000000 0.24944400000000000 0.019139
56.0204080000000000 0.26929000000000000 0.020206
56.1224490000000000 0.28871700000000000 0.021546
56.2244900000000000 0.28018600000000000 0.020993
56.3265310000000000 0.26610300000000000 0.020461
56.4285710000000000 0.26800200000000000 0.020281
56.5306120000000000 0.27687200000000000 0.020980
56.6326530000000000 0.27946800000000000 0.020897
56.7346940000000000 0.28014800000000000 0.021330
56.8367350000000000 0.26653900000000000 0.020123
56.9387760000000000 0.27878400000000000 0.021656
57.0408160000000000 0.26244300000000000 0.019967
57.1428570000000000 0.29021200000000000 0.021522
57.2448980000000000 0.27724400000000000 0.020751
57.3469390000000000 0.27197800000000000 0.020724
57.4489800000000000 0.27043800000000000 0.020558
57.5510200000000000 0.25951900000000000 0.020022
57.6530610000000000 0.27180200000000000 0.020522
57.7551020000000000 0.29588100000000000 0.022290
57.8571430000000000 0.26929100000000000 0.020462
57.9591840000000000 0.25292100000000000 0.019851
58.0612240000000000 0.30257400000000000 0.022496
58.1632650000000000 0.29371000000000000 0.022072
58.2653060000000000 0.27962800000000000 0.021133
58.3673470000000000 0.27662100000000000 0.021596
58.4693880000000000 0.25936500000000000 0.020404
58.5714290000000000 0.23486500000000000 0.019101
58.6734690000000000 0.25125400000000000 0.019439
58.7755100000000000 0.20522300000000000 0.017931
58.8775510000000000 0.14799900000000000 0.014729
58.9795920000000000 0.07682400000000000 0.010020
59.0816330000000000 0.07422000000000000 0.010121
59.1836730000000000 0.11741000000000000 0.013290
59.2857140000000000 0.18674400000000000 0.016562
59.3877550000000000 0.23125200000000000 0.019214
59.4897960000000000 0.24564400000000000 0.020057
59.5918370000000000 0.23711600000000000 0.019173
59.6938780000000000 0.25360900000000000 0.020281
59.7959180000000000 0.26833600000000000 0.020610
59.8979590000000000 0.27130400000000000 0.020630
60.0000000000000000 0.26925200000000000 0.021131
