55.0000000000000000 0.30329900000000000 0.022044
55.1020410000000000 0.29488800000000000 0.021371
55.2040820000000000 0.25630700000000000 0.019457
55.3061220000000000 0.27383300000000000 0.020803
55.4081630000000000 0.26596500000000000 0.020373
55.5102040000000000 0.25598100000000000 0.019724
55.6122450000000000 0.23749800000000000 0.018213
55.7142860000000000 0.22184100000000000 0.018076
55.8163270000000000 0.22560200000000000 0.018326
55.9183670000000000 0.23723100000000000 0.018552
56.0204080000000000 0.26000700000000000 0.019764
56.1224490000000000 0.23379600000000000 0.018882
56.2244900000000000 0.24517600000000000 0.019306
56.3265310000000000 0.29733200000000000 0.021956
56.4285710000000000 0.24602700000000000 0.019224
56.5306120000000000 0.23487300000000000 0.018935
56.6326530000000000 0.26260100000000000 0.020091
56.7346940000000000 0.27246100000000000 0.020958
56.8367350000000000 0.24787800000000000 0.019229
56.9387760000000000 0.24794800000000000 0.020128
57.0408160000000000 0.25619700000000000 0.019667
57.1428570000000000 0.27101400000000000 0.020606
57.2448980000000000 0.26569700000000000 0.020200
57.3469390000000000 0.26230700000000000 0.020257
57.4489800000000000 0.27788700000000000 0.020914
57.5510200000000000 0.25632900000000000 0.019868
57.6530610000000000 0.24126300000000000 0.019049
57.7551020000000000 0.25667000000000000 0.020378
57.8571430000000000 0.24703600000000000 0.019387
57.9591840000000000 0.25616200000000000 0.020009
58.0612240000000000 0.27376800000000000 0.021108
58.1632650000000000 0.26712100000000000 0.020784
58.2653060000000000 0.25156800000000000 0.019775
58.3673470000000000 0.24564400000000000 0.020057
58.4693880000000000 0.29592600000000000 0.022178
58.5714290000000000 0.27435600000000000 0.021039
58.6734690000000000 0.25229600000000000 0.019489
58.7755100000000000 0.21889600000000000 0.018636
58.8775510000000000 0.12559300000000000 0.013458
58.9795920000000000 0.09755800000000000 0.011311
59.0816330000000000 0.06768100000000000 0.009680
59.1836730000000000 0.13500400000000000 0.014328
59.2857140000000000 0.19000000000000000 0.016731
59.3877550000000000 0.27204100000000000 0.021245
59.4897960000000000 0.24105500000000000 0.019825
59.5918370000000000 0.29937000000000000 0.022196
59.6938780000000000 0.25473500000000000 0.020337
59.7959180000000000 0.27374300000000000 0.020871
59.8979590000000000 0.25849200000000000 0.020012
60.0000000000000000 0.24086200000000000 0.019719
