55.0000000000000000 0.25259200000000000 0.019628
55.1020410000000000 0.29078000000000000 0.021179
55.2040820000000000 0.28579000000000000 0.020847
55.3061220000000000 0.26524600000000000 0.020389
55.4081630000000000 0.27237100000000000 0.020681
55.5102040000000000 0.24968900000000000 0.019420
55.6122450000000000 0.23847500000000000 0.018260
55.7142860000000000 0.20712900000000000 0.017342
55.8163270000000000 0.23089500000000000 0.018587
55.9183670000000000 0.25555000000000000 0.019430
56.0204080000000000 0.24763100000000000 0.019171
56.1224490000000000 0.24779600000000000 0.019571
56.2244900000000000 0.25578500000000000 0.019822
56.3265310000000000 0.24133500000000000 0.019254
56.4285710000000000 0.28683900000000000 0.021175
56.5306120000000000 0.25102700000000000 0.019729
56.6326530000000000 0.26365500000000000 0.020142
56.7346940000000000 0.26697000000000000 0.020691
56.8367350000000000 0.25928200000000000 0.019777
56.9387760000000000 0.25822700000000000 0.020641
57.0408160000000000 0.28014100000000000 0.020808
57.1428570000000000 0.28701300000000000 0.021370
57.2448980000000000 0.25729900000000000 0.019797
57.3469390000000000 0.28702200000000000 0.021444
57.4489800000000000 0.29598000000000000 0.021774
57.5510200000000000 0.28716000000000000 0.021345
57.6530610000000000 0.30234100000000000 0.021967
57.7551020000000000 0.24882700000000000 0.019990
57.8571430000000000 0.26929100000000000 0.020462
57.9591840000000000 0.25724200000000000 0.020062
58.0612240000000000 0.27709200000000000 0.021269
58.1632650000000000 0.26601300000000000 0.020730
58.2653060000000000 0.26451900000000000 0.020405
58.3673470000000000 0.24334900000000000 0.019941
58.4693880000000000 0.23166800000000000 0.019031
58.5714290000000000 0.25022300000000000 0.019861
58.6734690000000000 0.22207500000000000 0.018016
58.7755100000000000 0.21661700000000000 0.018519
58.8775510000000000 0.13679600000000000 0.014100
58.9795920000000000 0.09963100000000000 0.011435
59.0816330000000000 0.07531000000000000 0.010193
59.1836730000000000 0.11154600000000000 0.012936
59.2857140000000000 0.21170100000000000 0.017842
59.3877550000000000 0.24484900000000000 0.019898
59.4897960000000000 0.23761300000000000 0.019652
59.5918370000000000 0.27534200000000000 0.021044
59.6938780000000000 0.24684900000000000 0.019945
59.7959180000000000 0.24346000000000000 0.019398
59.8979590000000000 0.23713800000000000 0.018970
60.0000000000000000 0.25108200000000000 0.020231
