55.0000000000000000 0.30858100000000000 0.022291
55.1020410000000000 0.30413200000000000 0.021801
55.2040820000000000 0.28884000000000000 0.020989
55.3061220000000000 0.29744800000000000 0.021929
55.4081630000000000 0.25422100000000000 0.019805
55.5102040000000000 0.27066200000000000 0.020428
55.6122450000000000 0.25117600000000000 0.018860
55.7142860000000000 0.22604400000000000 0.018284
55.8163270000000000 0.21819100000000000 0.017958
55.9183670000000000 0.22807200000000000 0.018108
56.0204080000000000 0.23216100000000000 0.018421
56.1224490000000000 0.24995000000000000 0.019676
56.2244900000000000 0.20486300000000000 0.017307
56.3265310000000000 0.19825900000000000 0.017095
56.4285710000000000 0.19684300000000000 0.016789
56.5306120000000000 0.14333800000000000 0.014185
56.6326530000000000 0.12344900000000000 0.012927
56.7346940000000000 0.08687100000000000 0.010987
56.8367350000000000 0.07267700000000000 0.009750
56.9387760000000000 0.02867100000000000 0.006878
57.0408160000000000 0.00739600000000000 0.004312
57.1428570000000000 -0.0062870000000000 0.002150
57.2448980000000000 0.00011000000000000 0.003326
57.3469390000000000 0.00333600000000000 0.003884
57.4489800000000000 0.00224000000000000 0.003695
57.5510200000000000 -0.0020150000000000 0.003013
57.6530610000000000 -0.0009430000000000 0.003165
57.7551020000000000 -0.0010030000000000 0.003367
57.8571430000000000 -0.0051880000000000 0.002382
57.9591840000000000 -0.0009670000000000 0.003247
58.0612240000000000 -0.0032070000000000 0.002939
58.1632650000000000 0.00011600000000000 0.003510
58.2653060000000000 -0.0020450000000000 0.003058
58.3673470000000000 -0.0033220000000000 0.003043
58.4693880000000000 0.00233200000000000 0.003846
58.5714290000000000 0.00230900000000000 0.003808
58.6734690000000000 0.00219400000000000 0.003618
58.7755100000000000 0.00353800000000000 0.004119
58.8775510000000000 0.00683900000000000 0.004499
58.9795920000000000 0.00114500000000000 0.003445
59.0816330000000000 0.00883300000000000 0.004648
59.1836730000000000 0.02592600000000000 0.006739
59.2857140000000000 0.02832500000000000 0.006629
59.3877550000000000 0.04317300000000000 0.008072
59.4897960000000000 0.06207500000000000 0.009561
59.5918370000000000 0.07329000000000000 0.010071
59.6938780000000000 0.06320900000000000 0.009545
59.7959180000000000 0.08122900000000000 0.010538
59.8979590000000000 0.07912100000000000 0.010329
60.0000000000000000 0.09096600000000000 0.011448
