55.0000000000000000 0.19660200000000000 0.016853
55.1020410000000000 0.20039400000000000 0.016818
55.2040820000000000 0.18005700000000000 0.015709
55.3061220000000000 0.14931700000000000 0.014490
55.4081630000000000 0.09833900000000000 0.011534
55.5102040000000000 0.07037000000000000 0.009658
55.6122450000000000 0.03234100000000000 0.006549
55.7142860000000000 0.01797500000000000 0.005521
55.8163270000000000 0.00117000000000000 0.003518
55.9183670000000000 -0.0029460000000000 0.002699
56.0204080000000000 0.00217100000000000 0.003581
56.1224490000000000 -0.0041950000000000 0.002647
56.2244900000000000 -0.0041320000000000 0.002607
56.3265310000000000 -0.0052710000000000 0.002420
56.4285710000000000 0.00324900000000000 0.003783
56.5306120000000000 0.00334400000000000 0.003893
56.6326530000000000 0.00011100000000000 0.003340
56.7346940000000000 -0.0064740000000000 0.002214
56.8367350000000000 0.00114500000000000 0.003445
56.9387760000000000 0.00468800000000000 0.004286
57.0408160000000000 -0.0009320000000000 0.003129
57.1428570000000000 0.00437800000000000 0.004003
57.2448980000000000 0.00011000000000000 0.003326
57.3469390000000000 0.00118700000000000 0.003571
57.4489800000000000 0.00011200000000000 0.003372
57.5510200000000000 0.00330100000000000 0.003843
57.6530610000000000 0.00958800000000000 0.004617
57.7551020000000000 0.00908000000000000 0.004778
57.8571430000000000 0.01388800000000000 0.005125
57.9591840000000000 0.02820300000000000 0.006600
58.0612240000000000 0.02670600000000000 0.006569
58.1632650000000000 0.05218800000000000 0.008659
58.2653060000000000 0.05083600000000000 0.008430
58.3673470000000000 0.05060200000000000 0.008713
58.4693880000000000 0.07323800000000000 0.010146
58.5714290000000000 0.07690300000000000 0.010335
58.6734690000000000 0.08347700000000000 0.010473
58.7755100000000000 0.07874200000000000 0.010673
58.8775510000000000 0.04493000000000000 0.008157
58.9795920000000000 0.03017300000000000 0.006603
59.0816330000000000 0.02409000000000000 0.006258
59.1836730000000000 0.05290200000000000 0.009001
59.2857140000000000 0.08583400000000000 0.010852
59.3877550000000000 0.12021800000000000 0.013221
59.4897960000000000 0.12288200000000000 0.013464
59.5918370000000000 0.13008300000000000 0.013542
59.6938780000000000 0.13756600000000000 0.014184
59.7959180000000000 0.13963200000000000 0.014011
59.8979590000000000 0.13036900000000000 0.013403
60.0000000000000000 0.14547300000000000 0.014688
