55.0000000000000000 0.27055100000000000 0.020492
55.1020410000000000 0.30515900000000000 0.021848
55.2040820000000000 0.29494000000000000 0.021273
55.3061220000000000 0.25343800000000000 0.019817
55.4081630000000000 0.25422100000000000 0.019805
55.5102040000000000 0.26227300000000000 0.020026
55.6122450000000000 0.22772900000000000 0.017747
55.7142860000000000 0.22919700000000000 0.018439
55.8163270000000000 0.22771900000000000 0.018430
55.9183670000000000 0.22196600000000000 0.017810
56.0204080000000000 0.26929000000000000 0.020206
56.1224490000000000 0.24887300000000000 0.019624
56.2244900000000000 0.25896800000000000 0.019975
56.3265310000000000 0.23810400000000000 0.019095
56.4285710000000000 0.27532800000000000 0.020630
56.5306120000000000 0.26718000000000000 0.020513
56.6326530000000000 0.25311300000000000 0.019634
56.7346940000000000 0.26916700000000000 0.020798
56.8367350000000000 0.26653900000000000 0.020123
56.9387760000000000 0.23766900000000000 0.019612
57.0408160000000000 0.25932000000000000 0.019817
57.1428570000000000 0.25714900000000000 0.019937
57.2448980000000000 0.24785100000000000 0.019341
57.3469390000000000 0.28165000000000000 0.021188
57.4489800000000000 0.24702300000000000 0.019425
57.5510200000000000 0.25101300000000000 0.019610
57.6530610000000000 0.28759800000000000 0.021272
57.7551020000000000 0.27459500000000000 0.021258
57.8571430000000000 0.25975300000000000 0.020003
57.9591840000000000 0.24967900000000000 0.019693
58.0612240000000000 0.26268900000000000 0.020567
58.1632650000000000 0.29481800000000000 0.022125
58.2653060000000000 0.26775600000000000 0.020562
58.3673470000000000 0.24220200000000000 0.019883
58.4693880000000000 0.25936500000000000 0.020404
58.5714290000000000 0.28422900000000000 0.021516
58.6734690000000000 0.26063300000000000 0.019890
58.7755100000000000 0.19496800000000000 0.017395
58.8775510000000000 0.14575800000000000 0.014604
58.9795920000000000 0.07993400000000000 0.010220
59.0816330000000000 0.10146500000000000 0.011849
59.1836730000000000 0.12210200000000000 0.013571
59.2857140000000000 0.18457400000000000 0.016449
59.3877550000000000 0.23465100000000000 0.019386
59.4897960000000000 0.26744300000000000 0.021143
59.5918370000000000 0.27206500000000000 0.020885
59.6938780000000000 0.26825500000000000 0.021003
59.7959180000000000 0.25968300000000000 0.020191
59.8979590000000000 0.25315300000000000 0.019753
60.0000000000000000 0.29082800000000000 0.022186
