55.0000000000000000 0.26738100000000000 0.020340
55.1020410000000000 0.25380400000000000 0.019430
55.2040820000000000 0.27562300000000000 0.020371
55.3061220000000000 0.30925600000000000 0.022486
55.4081630000000000 0.25208500000000000 0.019701
55.5102040000000000 0.27485600000000000 0.020627
55.6122450000000000 0.26680700000000000 0.019592
55.7142860000000000 0.23129800000000000 0.018542
55.8163270000000000 0.20442900000000000 0.017267
55.9183670000000000 0.21891300000000000 0.017660
56.0204080000000000 0.22597300000000000 0.018119
56.1224490000000000 0.27148700000000000 0.020721
56.2244900000000000 0.29079500000000000 0.021497
56.3265310000000000 0.26394900000000000 0.020357
56.4285710000000000 0.25649100000000000 0.019729
56.5306120000000000 0.27902500000000000 0.021083
56.6326530000000000 0.26154700000000000 0.020041
56.7346940000000000 0.30430800000000000 0.022488
56.8367350000000000 0.31111600000000000 0.022218
56.9387760000000000 0.30619300000000000 0.022989
57.0408160000000000 0.26764800000000000 0.020215
57.1428570000000000 0.28594600000000000 0.021319
57.2448980000000000 0.29719000000000000 0.021693
57.3469390000000000 0.28165000000000000 0.021188
57.4489800000000000 0.28853000000000000 0.021421
57.5510200000000000 0.29247600000000000 0.021597
57.6530610000000000 0.24968800000000000 0.019458
57.7551020000000000 0.24546600000000000 0.019823
57.8571430000000000 0.28730700000000000 0.021321
57.9591840000000000 0.25724200000000000 0.020062
58.0612240000000000 0.27266000000000000 0.021054
58.1632650000000000 0.25825700000000000 0.020350
58.2653060000000000 0.25156800000000000 0.019775
58.3673470000000000 0.25711700000000000 0.020631
58.4693880000000000 0.27266000000000000 0.021054
58.5714290000000000 0.26558000000000000 0.020613
58.6734690000000000 0.24604300000000000 0.019187
58.7755100000000000 0.23940700000000000 0.019678
58.8775510000000000 0.14015700000000000 0.014290
58.9795920000000000 0.09444800000000000 0.011123
59.0816330000000000 0.06768100000000000 0.009680
59.1836730000000000 0.11623800000000000 0.013220
59.2857140000000000 0.19976500000000000 0.017234
59.3877550000000000 0.23805000000000000 0.019557
59.4897960000000000 0.25711700000000000 0.020631
59.5918370000000000 0.26551200000000000 0.020568
59.6938780000000000 0.24008900000000000 0.019607
59.7959180000000000 0.26292800000000000 0.020349
59.8979590000000000 0.27557500000000000 0.020834
60.0000000000000000 0.26130300000000000 0.020738
