55.0000000000000000 0.27160700000000000 0.020543
55.1020410000000000 0.27023700000000000 0.020212
55.2040820000000000 0.25630700000000000 0.019457
55.3061220000000000 0.27061300000000000 0.020648
55.4081630000000000 0.26489800000000000 0.020322
55.5102040000000000 0.25283500000000000 0.019572
55.6122450000000000 0.25410600000000000 0.018998
55.7142860000000000 0.22604400000000000 0.018284
55.8163270000000000 0.19701800000000000 0.016892
55.9183670000000000 0.22603600000000000 0.018009
56.0204080000000000 0.25794500000000000 0.019666
56.1224490000000000 0.26502600000000000 0.020409
56.2244900000000000 0.25578500000000000 0.019822
56.3265310000000000 0.28764100000000000 0.021495
56.4285710000000000 0.29311700000000000 0.021471
56.5306120000000000 0.27256400000000000 0.020773
56.6326530000000000 0.28368400000000000 0.021097
56.7346940000000000 0.25379200000000000 0.020047
56.8367350000000000 0.27172200000000000 0.020370
56.9387760000000000 0.29819900000000000 0.022602
57.0408160000000000 0.26348400000000000 0.020016
57.1428570000000000 0.29127900000000000 0.021572
57.2448980000000000 0.31188600000000000 0.022381
57.3469390000000000 0.28057500000000000 0.021136
57.4489800000000000 0.26405200000000000 0.020251
57.5510200000000000 0.27015000000000000 0.020534
57.6530610000000000 0.26864300000000000 0.020371
57.7551020000000000 0.29252000000000000 0.022128
57.8571430000000000 0.23855800000000000 0.018973
57.9591840000000000 0.28425100000000000 0.021365
58.0612240000000000 0.30257400000000000 0.022496
58.1632650000000000 0.26712100000000000 0.020784
58.2653060000000000 0.22998400000000000 0.018712
58.3673470000000000 0.26514800000000000 0.021030
58.4693880000000000 0.25493400000000000 0.020187
58.5714290000000000 0.26229000000000000 0.020453
58.6734690000000000 0.23145400000000000 0.018477
58.7755100000000000 0.21661700000000000 0.018519
58.8775510000000000 0.17376600000000000 0.016133
58.9795920000000000 0.07578700000000000 0.009953
59.0816330000000000 0.07313000000000000 0.010048
59.1836730000000000 0.12327500000000000 0.013640
59.2857140000000000 0.17697900000000000 0.016052
59.3877550000000000 0.25731200000000000 0.020519
59.4897960000000000 0.28350500000000000 0.021934
59.5918370000000000 0.24476100000000000 0.019552
59.6938780000000000 0.27839500000000000 0.021500
59.7959180000000000 0.27374300000000000 0.020871
59.8979590000000000 0.26916800000000000 0.020527
60.0000000000000000 0.25335400000000000 0.020344
