55.0000000000000000 0.30646800000000000 0.022192
55.1020410000000000 0.31748400000000000 0.022419
55.2040820000000000 0.28172300000000000 0.020657
55.3061220000000000 0.33394400000000000 0.023642
55.4081630000000000 0.32362000000000000 0.023104
55.5102040000000000 0.28324600000000000 0.021026
55.6122450000000000 0.28146100000000000 0.020271
55.7142860000000000 0.23234900000000000 0.018594
55.8163270000000000 0.19066700000000000 0.016567
55.9183670000000000 0.22501900000000000 0.017959
56.0204080000000000 0.23319200000000000 0.018472
56.1224490000000000 0.20795100000000000 0.017588
56.2244900000000000 0.22183700000000000 0.018157
56.3265310000000000 0.19072100000000000 0.016707
56.4285710000000000 0.15707800000000000 0.014725
56.5306120000000000 0.12718500000000000 0.013281
56.6326530000000000 0.09604100000000000 0.011318
56.7346940000000000 0.05063100000000000 0.008499
56.8367350000000000 0.03535600000000000 0.007040
56.9387760000000000 0.01953500000000000 0.006004
57.0408160000000000 0.00115000000000000 0.003459
57.1428570000000000 0.00117800000000000 0.003544
57.2448980000000000 0.00221000000000000 0.003644
57.3469390000000000 0.00011300000000000 0.003404
57.4489800000000000 0.00543300000000000 0.004136
57.5510200000000000 -0.0009520000000000 0.003195
57.6530610000000000 -0.0009430000000000 0.003165
57.7551020000000000 0.00571900000000000 0.004354
57.8571430000000000 0.00223100000000000 0.003679
57.9591840000000000 0.01415800000000000 0.005225
58.0612240000000000 -0.0009920000000000 0.003330
58.1632650000000000 -0.0032070000000000 0.002939
58.2653060000000000 -0.0052830000000000 0.002425
58.3673470000000000 0.00356200000000000 0.004147
58.4693880000000000 0.01341100000000000 0.005237
58.5714290000000000 0.00230900000000000 0.003808
58.6734690000000000 0.00948800000000000 0.004568
58.7755100000000000 0.01493300000000000 0.005512
58.8775510000000000 0.01132100000000000 0.005043
58.9795920000000000 0.00736600000000000 0.004294
59.0816330000000000 0.01101200000000000 0.004905
59.1836730000000000 0.00246900000000000 0.004072
59.2857140000000000 -0.0031410000000000 0.002878
59.3877550000000000 -0.0021470000000000 0.003211
59.4897960000000000 -0.0021740000000000 0.003252
59.5918370000000000 -0.0031620000000000 0.002897
59.6938780000000000 -0.0043880000000000 0.002769
59.7959180000000000 -0.0020500000000000 0.003065
59.8979590000000000 -0.0041590000000000 0.002624
60.0000000000000000 0.01147500000000000 0.005112
