55.0000000000000000 0.00222400000000000 0.003668
55.1020410000000000 -0.0019460000000000 0.002911
55.2040820000000000 0.00214000000000000 0.003530
55.3061220000000000 0.00011300000000000 0.003400
55.4081630000000000 -0.0041590000000000 0.002624
55.5102040000000000 0.00115900000000000 0.003485
55.6122450000000000 0.00107900000000000 0.003246
55.7142860000000000 0.00221200000000000 0.003648
55.8163270000000000 0.00011100000000000 0.003354
55.9183670000000000 -0.0009110000000000 0.003058
56.0204080000000000 0.00010800000000000 0.003267
56.1224490000000000 0.00334400000000000 0.003893
56.2244900000000000 0.01072000000000000 0.004775
56.3265310000000000 0.00011300000000000 0.003411
56.4285710000000000 0.00534200000000000 0.004067
56.5306120000000000 0.00872800000000000 0.004592
56.6326530000000000 0.03068200000000000 0.006716
56.7346940000000000 0.03415800000000000 0.007188
56.8367350000000000 0.04054000000000000 0.007457
56.9387760000000000 0.04237600000000000 0.008046
57.0408160000000000 0.06881600000000000 0.009516
57.1428570000000000 0.06090500000000000 0.009099
57.2448980000000000 0.06624400000000000 0.009386
57.3469390000000000 0.07533200000000000 0.010117
57.4489800000000000 0.09696100000000000 0.011431
57.5510200000000000 0.11386800000000000 0.012431
57.6530610000000000 0.11700100000000000 0.012551
57.7551020000000000 0.14463800000000000 0.014542
57.8571430000000000 0.12940200000000000 0.013299
57.9591840000000000 0.12003500000000000 0.012893
58.0612240000000000 0.13749600000000000 0.014061
58.1632650000000000 0.15965400000000000 0.015286
58.2653060000000000 0.10911300000000000 0.012246
58.3673470000000000 0.12288200000000000 0.013464
58.4693880000000000 0.13638800000000000 0.013998
58.5714290000000000 0.15149600000000000 0.014767
58.6734690000000000 0.15850800000000000 0.014770
58.7755100000000000 0.12660000000000000 0.013634
58.8775510000000000 0.10430700000000000 0.012195
58.9795920000000000 0.05920000000000000 0.008838
59.0816330000000000 0.04697500000000000 0.008185
59.1836730000000000 0.06228500000000000 0.009695
59.2857140000000000 0.11947100000000000 0.012889
59.3877550000000000 0.14174500000000000 0.014461
59.4897960000000000 0.15615400000000000 0.015360
59.5918370000000000 0.20325900000000000 0.017468
59.6938780000000000 0.17587200000000000 0.016291
59.7959180000000000 0.18505700000000000 0.016449
59.8979590000000000 0.18802400000000000 0.016499
60.0000000000000000 0.19316800000000000 0.017272
