55.0000000000000000 0.30541200000000000 0.022143
55.1020410000000000 0.31234900000000000 0.022181
55.2040820000000000 0.30002300000000000 0.021509
55.3061220000000000 0.30496200000000000 0.022284
55.4081630000000000 0.27984500000000000 0.021039
55.5102040000000000 0.27590500000000000 0.020677
55.6122450000000000 0.24042900000000000 0.018352
55.7142860000000000 0.22184100000000000 0.018076
55.8163270000000000 0.23089500000000000 0.018587
55.9183670000000000 0.23417800000000000 0.018404
56.0204080000000000 0.26929000000000000 0.020206
56.1224490000000000 0.23595000000000000 0.018988
56.2244900000000000 0.23138500000000000 0.018630
56.3265310000000000 0.24025800000000000 0.019201
56.4285710000000000 0.23033000000000000 0.018458
56.5306120000000000 0.18749000000000000 0.016540
56.6326530000000000 0.13715400000000000 0.013695
56.7346940000000000 0.09565600000000000 0.011539
56.8367350000000000 0.03846600000000000 0.007292
56.9387760000000000 -0.0010220000000000 0.003432
57.0408160000000000 0.00427300000000000 0.003907
57.1428570000000000 -0.0009550000000000 0.003205
57.2448980000000000 -0.0040890000000000 0.002580
57.3469390000000000 -0.0009620000000000 0.003229
57.4489800000000000 -0.0041450000000000 0.002616
57.5510200000000000 0.00436400000000000 0.003990
57.6530610000000000 -0.0009430000000000 0.003165
57.7551020000000000 -0.0021230000000000 0.003175
57.8571430000000000 0.00858900000000000 0.004519
57.9591840000000000 0.01523900000000000 0.005341
58.0612240000000000 0.05329600000000000 0.008741
58.1632650000000000 0.09318000000000000 0.011438
58.2653060000000000 0.08860800000000000 0.010996
58.3673470000000000 0.12058800000000000 0.013329
58.4693880000000000 0.10758300000000000 0.012322
58.5714290000000000 0.14381700000000000 0.014344
58.6734690000000000 0.13245500000000000 0.013357
58.7755100000000000 0.11064700000000000 0.012689
58.8775510000000000 0.07405800000000000 0.010263
58.9795920000000000 0.04987000000000000 0.008168
59.0816330000000000 0.04043700000000000 0.007672
59.1836730000000000 0.07049500000000000 0.010277
59.2857140000000000 0.14768200000000000 0.014478
59.3877550000000000 0.15307500000000000 0.015095
59.4897960000000000 0.17106900000000000 0.016178
59.5918370000000000 0.20653500000000000 0.017635
59.6938780000000000 0.18826500000000000 0.016948
59.7959180000000000 0.19370900000000000 0.016897
59.8979590000000000 0.21578400000000000 0.017910
60.0000000000000000 0.20679500000000000 0.017983
