55.0000000000000000 0.29801700000000000 0.021795
55.1020410000000000 0.34418900000000000 0.023643
55.2040820000000000 0.30714000000000000 0.021838
55.3061220000000000 0.31462300000000000 0.022739
55.4081630000000000 0.30226700000000000 0.022102
55.5102040000000000 0.28324600000000000 0.021026
55.6122450000000000 0.25117600000000000 0.018860
55.7142860000000000 0.22499300000000000 0.018232
55.8163270000000000 0.19913600000000000 0.016999
55.9183670000000000 0.19245200000000000 0.016345
56.0204080000000000 0.23731800000000000 0.018672
56.1224490000000000 0.19933600000000000 0.017150
56.2244900000000000 0.17303600000000000 0.015670
56.3265310000000000 0.15949200000000000 0.015064
56.4285710000000000 0.14033500000000000 0.013820
56.5306120000000000 0.09703200000000000 0.011506
56.6326530000000000 0.07706600000000000 0.010126
56.7346940000000000 0.04953300000000000 0.008416
56.8367350000000000 0.02084300000000000 0.005753
56.9387760000000000 0.01725100000000000 0.005768
57.0408160000000000 0.00115000000000000 0.003459
57.1428570000000000 -0.0030880000000000 0.002829
57.2448980000000000 0.00325900000000000 0.003795
57.3469390000000000 -0.0031110000000000 0.002850
57.4489800000000000 0.00330400000000000 0.003847
57.5510200000000000 -0.0030780000000000 0.002820
57.6530610000000000 0.00221700000000000 0.003656
57.7551020000000000 -0.0010030000000000 0.003367
57.8571430000000000 0.00329000000000000 0.003831
57.9591840000000000 0.00011300000000000 0.003423
58.0612240000000000 -0.0021000000000000 0.003140
58.1632650000000000 0.00344000000000000 0.004005
58.2653060000000000 -0.0009660000000000 0.003243
58.3673470000000000 -0.0010270000000000 0.003448
58.4693880000000000 0.00011600000000000 0.003510
58.5714290000000000 0.00450300000000000 0.004117
58.6734690000000000 0.00427800000000000 0.003911
58.7755100000000000 -0.0021590000000000 0.003229
58.8775510000000000 -0.0032430000000000 0.002971
58.9795920000000000 0.00218200000000000 0.003599
59.0816330000000000 0.00447400000000000 0.004090
59.1836730000000000 0.00364200000000000 0.004240
59.2857140000000000 0.01096400000000000 0.004884
59.3877550000000000 0.02164600000000000 0.006182
59.4897960000000000 0.02421400000000000 0.006482
59.5918370000000000 0.02632700000000000 0.006475
59.6938780000000000 0.02715700000000000 0.006681
59.7959180000000000 0.03688600000000000 0.007349
59.8979590000000000 0.05456400000000000 0.008652
60.0000000000000000 0.05349100000000000 0.008879
