55.0000000000000000 0.33604800000000000 0.023568
55.1020410000000000 0.34316200000000000 0.023596
55.2040820000000000 0.30205700000000000 0.021603
55.3061220000000000 0.32321000000000000 0.023141
55.4081630000000000 0.31080800000000000 0.022504
55.5102040000000000 0.29478100000000000 0.021570
55.6122450000000000 0.29318400000000000 0.020810
55.7142860000000000 0.25757000000000000 0.019820
55.8163270000000000 0.19913600000000000 0.016999
55.9183670000000000 0.22603600000000000 0.018009
56.0204080000000000 0.24453700000000000 0.019022
56.1224490000000000 0.21979700000000000 0.018185
56.2244900000000000 0.21971500000000000 0.018052
56.3265310000000000 0.19933600000000000 0.017150
56.4285710000000000 0.15184600000000000 0.014444
56.5306120000000000 0.09703200000000000 0.011506
56.6326530000000000 0.10658300000000000 0.011950
56.7346940000000000 0.06161300000000000 0.009298
56.8367350000000000 0.03432000000000000 0.006954
56.9387760000000000 0.01725100000000000 0.005768
57.0408160000000000 0.00219100000000000 0.003614
57.1428570000000000 0.00224500000000000 0.003703
57.2448980000000000 0.00430900000000000 0.003940
57.3469390000000000 -0.0052600000000000 0.002415
57.4489800000000000 -0.0020170000000000 0.003016
57.5510200000000000 -0.0073300000000000 0.001866
57.6530610000000000 -0.0062080000000000 0.002123
57.7551020000000000 -0.0010030000000000 0.003367
57.8571430000000000 -0.0030680000000000 0.002811
57.9591840000000000 0.00227400000000000 0.003751
58.0612240000000000 0.00122400000000000 0.003682
58.1632650000000000 0.00011600000000000 0.003510
58.2653060000000000 -0.0063620000000000 0.002176
58.3673470000000000 0.00585700000000000 0.004459
58.4693880000000000 0.00122400000000000 0.003682
58.5714290000000000 0.00011500000000000 0.003475
58.6734690000000000 0.00427800000000000 0.003911
58.7755100000000000 -0.0032990000000000 0.003022
58.8775510000000000 -0.0021230000000000 0.003175
58.9795920000000000 0.00529200000000000 0.004029
59.0816330000000000 -0.0020650000000000 0.003088
59.1836730000000000 0.00364200000000000 0.004240
59.2857140000000000 0.00770900000000000 0.004494
59.3877550000000000 0.01371500000000000 0.005357
59.4897960000000000 0.03224500000000000 0.007217
59.5918370000000000 0.03834100000000000 0.007512
59.6938780000000000 0.02152400000000000 0.006147
59.7959180000000000 0.02607000000000000 0.006411
59.8979590000000000 0.04815800000000000 0.008178
60.0000000000000000 0.05462700000000000 0.008964
