55.0000000000000000 0.29907300000000000 0.021845
55.1020410000000000 0.27537300000000000 0.020455
55.2040820000000000 0.26749000000000000 0.019987
55.3061220000000000 0.30710900000000000 0.022385
55.4081630000000000 0.24247600000000000 0.019232
55.5102040000000000 0.27066200000000000 0.020428
55.6122450000000000 0.25117600000000000 0.018860
55.7142860000000000 0.20397600000000000 0.017184
55.8163270000000000 0.22560200000000000 0.018326
55.9183670000000000 0.25351400000000000 0.019333
56.0204080000000000 0.25072500000000000 0.019320
56.1224490000000000 0.27579500000000000 0.020928
56.2244900000000000 0.29822100000000000 0.021847
56.3265310000000000 0.27256400000000000 0.020773
56.4285710000000000 0.26591000000000000 0.020181
56.5306120000000000 0.28441000000000000 0.021341
56.6326530000000000 0.26365500000000000 0.020142
56.7346940000000000 0.29003200000000000 0.021805
56.8367350000000000 0.27897900000000000 0.020713
56.9387760000000000 0.24566400000000000 0.020014
57.0408160000000000 0.27701800000000000 0.020660
57.1428570000000000 0.28701300000000000 0.021370
57.2448980000000000 0.30558800000000000 0.022087
57.3469390000000000 0.28487300000000000 0.021342
57.4489800000000000 0.26618000000000000 0.020353
57.5510200000000000 0.26058200000000000 0.020073
57.6530610000000000 0.29286300000000000 0.021521
57.7551020000000000 0.25779000000000000 0.020434
57.8571430000000000 0.25869400000000000 0.019952
57.9591840000000000 0.27560800000000000 0.020951
58.0612240000000000 0.27044400000000000 0.020946
58.1632650000000000 0.30700500000000000 0.022708
58.2653060000000000 0.29689500000000000 0.021957
58.3673470000000000 0.25367500000000000 0.020459
58.4693880000000000 0.28373900000000000 0.021591
58.5714290000000000 0.28532600000000000 0.021568
58.6734690000000000 0.27522200000000000 0.020585
58.7755100000000000 0.22915200000000000 0.019159
58.8775510000000000 0.13679600000000000 0.014100
58.9795920000000000 0.08200700000000000 0.010351
59.0816330000000000 0.06659200000000000 0.009605
59.1836730000000000 0.11741000000000000 0.013290
59.2857140000000000 0.20410500000000000 0.017456
59.3877550000000000 0.20632600000000000 0.017939
59.4897960000000000 0.25711700000000000 0.020631
59.5918370000000000 0.23602400000000000 0.019119
59.6938780000000000 0.28515400000000000 0.021829
59.7959180000000000 0.25319400000000000 0.019875
59.8979590000000000 0.26703300000000000 0.020424
60.0000000000000000 0.26130300000000000 0.020738
