55.0000000000000000 0.32231400000000000 0.022932
55.1020410000000000 0.30824000000000000 0.021991
55.2040820000000000 0.32035700000000000 0.022447
55.3061220000000000 0.31569600000000000 0.022789
55.4081630000000000 0.34817700000000000 0.024243
55.5102040000000000 0.30107300000000000 0.021865
55.6122450000000000 0.27950700000000000 0.020181
55.7142860000000000 0.29119700000000000 0.021422
55.8163270000000000 0.22771900000000000 0.018430
55.9183670000000000 0.25656700000000000 0.019479
56.0204080000000000 0.28682200000000000 0.021033
56.1224490000000000 0.30164000000000000 0.022160
56.2244900000000000 0.29609900000000000 0.021747
56.3265310000000000 0.28764100000000000 0.021495
56.4285710000000000 0.24288800000000000 0.019071
56.5306120000000000 0.22841200000000000 0.018615
56.6326530000000000 0.18670000000000000 0.016330
56.7346940000000000 0.15056400000000000 0.014724
56.8367350000000000 0.11621800000000000 0.012407
56.9387760000000000 0.04694400000000000 0.008408
57.0408160000000000 0.00739600000000000 0.004312
57.1428570000000000 -0.0030880000000000 0.002829
57.2448980000000000 0.00325900000000000 0.003795
57.3469390000000000 -0.0020360000000000 0.003045
57.4489800000000000 0.00011200000000000 0.003372
57.5510200000000000 0.00011200000000000 0.003368
57.6530610000000000 -0.0041020000000000 0.002588
57.7551020000000000 0.00235800000000000 0.003890
57.8571430000000000 0.00011100000000000 0.003357
57.9591840000000000 -0.0020470000000000 0.003062
58.0612240000000000 0.00122400000000000 0.003682
58.1632650000000000 0.00122400000000000 0.003682
58.2653060000000000 -0.0052830000000000 0.002425
58.3673470000000000 0.00126800000000000 0.003813
58.4693880000000000 0.00122400000000000 0.003682
58.5714290000000000 0.00340600000000000 0.003965
58.6734690000000000 0.00115100000000000 0.003463
58.7755100000000000 0.02974600000000000 0.006965
58.8775510000000000 0.03036600000000000 0.006946
58.9795920000000000 0.01773300000000000 0.005447
59.0816330000000000 0.01755100000000000 0.005616
59.1836730000000000 0.03413600000000000 0.007482
59.2857140000000000 0.07389800000000000 0.010075
59.3877550000000000 0.10435600000000000 0.012269
59.4897960000000000 0.09993600000000000 0.012077
59.5918370000000000 0.14865000000000000 0.014579
59.6938780000000000 0.14883300000000000 0.014817
59.7959180000000000 0.15585500000000000 0.014900
59.8979590000000000 0.14638500000000000 0.014292
60.0000000000000000 0.15228700000000000 0.015068
