55.0000000000000000 0.30118600000000000 0.021944
55.1020410000000000 0.27742700000000000 0.020552
55.2040820000000000 0.26444000000000000 0.019843
55.3061220000000000 0.26846600000000000 0.020544
55.4081630000000000 0.29372500000000000 0.021699
55.5102040000000000 0.28219700000000000 0.020976
55.6122450000000000 0.26192200000000000 0.019364
55.7142860000000000 0.22709500000000000 0.018335
55.8163270000000000 0.24889200000000000 0.019468
55.9183670000000000 0.26470900000000000 0.019865
56.0204080000000000 0.24041200000000000 0.018822
56.1224490000000000 0.30164000000000000 0.022160
56.2244900000000000 0.23032400000000000 0.018578
56.3265310000000000 0.28117900000000000 0.021186
56.4285710000000000 0.27009500000000000 0.020381
56.5306120000000000 0.25964200000000000 0.020148
56.6326530000000000 0.28684700000000000 0.021247
56.7346940000000000 0.27685400000000000 0.021171
56.8367350000000000 0.26861200000000000 0.020222
56.9387760000000000 0.31647200000000000 0.023484
57.0408160000000000 0.27701800000000000 0.020660
57.1428570000000000 0.25395000000000000 0.019782
57.2448980000000000 0.25834900000000000 0.019848
57.3469390000000000 0.23651800000000000 0.018997
57.4489800000000000 0.28853000000000000 0.021421
57.5510200000000000 0.28184500000000000 0.021092
57.6530610000000000 0.31076500000000000 0.022361
57.7551020000000000 0.25891000000000000 0.020489
57.8571430000000000 0.29366600000000000 0.021622
57.9591840000000000 0.25508100000000000 0.019957
58.0612240000000000 0.24496300000000000 0.019694
58.1632650000000000 0.29038700000000000 0.021912
58.2653060000000000 0.27423200000000000 0.020874
58.3673470000000000 0.23302400000000000 0.019419
58.4693880000000000 0.24717800000000000 0.019804
58.5714290000000000 0.24583500000000000 0.019645
58.6734690000000000 0.25646400000000000 0.019690
58.7755100000000000 0.19838600000000000 0.017575
58.8775510000000000 0.11887100000000000 0.013066
58.9795920000000000 0.08926400000000000 0.010805
59.0816330000000000 0.06768100000000000 0.009680
59.1836730000000000 0.12562100000000000 0.013779
59.2857140000000000 0.17480900000000000 0.015937
59.3877550000000000 0.23011900000000000 0.019157
59.4897960000000000 0.25826400000000000 0.020688
59.5918370000000000 0.29281700000000000 0.021883
59.6938780000000000 0.27388800000000000 0.021280
59.7959180000000000 0.27266200000000000 0.020819
59.8979590000000000 0.31614700000000000 0.022755
60.0000000000000000 0.23972700000000000 0.019662
