55.0000000000000000 0.27900200000000000 0.020895
55.1020410000000000 0.27434600000000000 0.020406
55.2040820000000000 0.26647300000000000 0.019939
55.3061220000000000 0.27276000000000000 0.020751
55.4081630000000000 0.23927300000000000 0.019075
55.5102040000000000 0.25807800000000000 0.019825
55.6122450000000000 0.24531400000000000 0.018584
55.7142860000000000 0.22709500000000000 0.018335
55.8163270000000000 0.22136700000000000 0.018116
55.9183670000000000 0.24740800000000000 0.019041
56.0204080000000000 0.23834900000000000 0.018722
56.1224490000000000 0.25856500000000000 0.020096
56.2244900000000000 0.24835900000000000 0.019461
56.3265310000000000 0.29517900000000000 0.021854
56.4285710000000000 0.27846700000000000 0.020779
56.5306120000000000 0.25748800000000000 0.020044
56.6326530000000000 0.28052200000000000 0.020947
56.7346940000000000 0.25928300000000000 0.020316
56.8367350000000000 0.28623600000000000 0.021056
56.9387760000000000 0.26964700000000000 0.021207
57.0408160000000000 0.28326400000000000 0.020956
57.1428570000000000 0.28061300000000000 0.021065
57.2448980000000000 0.27724400000000000 0.020751
57.3469390000000000 0.28057500000000000 0.021136
57.4489800000000000 0.30023700000000000 0.021974
57.5510200000000000 0.25739200000000000 0.019919
57.6530610000000000 0.26969600000000000 0.020421
57.7551020000000000 0.26451200000000000 0.020765
57.8571430000000000 0.25763400000000000 0.019901
57.9591840000000000 0.29505500000000000 0.021880
58.0612240000000000 0.28817100000000000 0.021805
58.1632650000000000 0.28152300000000000 0.021484
58.2653060000000000 0.27423200000000000 0.020874
58.3673470000000000 0.25826400000000000 0.020688
58.4693880000000000 0.30922100000000000 0.022814
58.5714290000000000 0.24364100000000000 0.019537
58.6734690000000000 0.26063300000000000 0.019890
58.7755100000000000 0.22003600000000000 0.018695
58.8775510000000000 0.14127700000000000 0.014353
58.9795920000000000 0.07371400000000000 0.009818
59.0816330000000000 0.06659200000000000 0.009605
59.1836730000000000 0.11741000000000000 0.013290
59.2857140000000000 0.19434000000000000 0.016956
59.3877550000000000 0.24598200000000000 0.019955
59.4897960000000000 0.26859000000000000 0.021200
59.5918370000000000 0.27206500000000000 0.020885
59.6938780000000000 0.25248200000000000 0.020225
59.7959180000000000 0.27915100000000000 0.021131
59.8979590000000000 0.25528900000000000 0.019857
60.0000000000000000 0.26357400000000000 0.020851
