55.0000000000000000 0.27794500000000000 0.020845
55.1020410000000000 0.32262000000000000 0.022655
55.2040820000000000 0.27257300000000000 0.020227
55.3061220000000000 0.31999000000000000 0.022990
55.4081630000000000 0.27023600000000000 0.020578
55.5102040000000000 0.27485600000000000 0.020627
55.6122450000000000 0.26094500000000000 0.019318
55.7142860000000000 0.23024700000000000 0.018491
55.8163270000000000 0.23195400000000000 0.018639
55.9183670000000000 0.23417800000000000 0.018404
56.0204080000000000 0.24763100000000000 0.019171
56.1224490000000000 0.25856500000000000 0.020096
56.2244900000000000 0.20592400000000000 0.017360
56.3265310000000000 0.19072100000000000 0.016707
56.4285710000000000 0.16858900000000000 0.015333
56.5306120000000000 0.12826200000000000 0.013342
56.6326530000000000 0.07706600000000000 0.010126
56.7346940000000000 0.03964900000000000 0.007643
56.8367350000000000 0.00529200000000000 0.004029
56.9387760000000000 0.00240400000000000 0.003965
57.0408160000000000 -0.0009320000000000 0.003129
57.1428570000000000 0.00224500000000000 0.003703
57.2448980000000000 0.00430900000000000 0.003940
57.3469390000000000 0.00763500000000000 0.004451
57.4489800000000000 0.00117600000000000 0.003537
57.5510200000000000 0.00011200000000000 0.003368
57.6530610000000000 0.00116400000000000 0.003499
57.7551020000000000 0.00123800000000000 0.003723
57.8571430000000000 0.00964900000000000 0.004646
57.9591840000000000 0.01415800000000000 0.005225
58.0612240000000000 0.01673500000000000 0.005595
58.1632650000000000 0.04110900000000000 0.007801
58.2653060000000000 0.06486600000000000 0.009435
58.3673470000000000 0.09305200000000000 0.011644
58.4693880000000000 0.09318000000000000 0.011438
58.5714290000000000 0.10652100000000000 0.012195
58.6734690000000000 0.11265500000000000 0.012234
58.7755100000000000 0.10267100000000000 0.012202
58.8775510000000000 0.08078000000000000 0.010710
58.9795920000000000 0.04883300000000000 0.008091
59.0816330000000000 0.04370600000000000 0.007931
59.1836730000000000 0.07284100000000000 0.010439
59.2857140000000000 0.13032100000000000 0.013510
59.3877550000000000 0.16440500000000000 0.015717
59.4897960000000000 0.15959600000000000 0.015551
59.5918370000000000 0.18578400000000000 0.016565
59.6938780000000000 0.17136500000000000 0.016049
59.7959180000000000 0.16667100000000000 0.015481
59.8979590000000000 0.19016000000000000 0.016609
60.0000000000000000 0.18408300000000000 0.016792
