55.0000000000000000 0.29801700000000000 0.021795
55.1020410000000000 0.32159300000000000 0.022608
55.2040820000000000 0.30002300000000000 0.021509
55.3061220000000000 0.26846600000000000 0.020544
55.4081630000000000 0.29372500000000000 0.021699
55.5102040000000000 0.29058600000000000 0.021372
55.6122450000000000 0.24238300000000000 0.018445
55.7142860000000000 0.21763700000000000 0.017867
55.8163270000000000 0.16843500000000000 0.015412
55.9183670000000000 0.20771800000000000 0.017108
56.0204080000000000 0.21153400000000000 0.017407
56.1224490000000000 0.20795100000000000 0.017588
56.2244900000000000 0.16136600000000000 0.015054
56.3265310000000000 0.15410700000000000 0.014774
56.4285710000000000 0.12987000000000000 0.013240
56.5306120000000000 0.09595500000000000 0.011440
56.6326530000000000 0.05387400000000000 0.008540
56.7346940000000000 0.06051500000000000 0.009220
56.8367350000000000 0.02395300000000000 0.006047
56.9387760000000000 0.01839300000000000 0.005887
57.0408160000000000 0.00635500000000000 0.004181
57.1428570000000000 0.00117800000000000 0.003544
57.2448980000000000 0.00011000000000000 0.003326
57.3469390000000000 -0.0063350000000000 0.002166
57.4489800000000000 0.00011200000000000 0.003372
57.5510200000000000 -0.0052040000000000 0.002389
57.6530610000000000 -0.0019960000000000 0.002984
57.7551020000000000 -0.0021230000000000 0.003175
57.8571430000000000 0.00541000000000000 0.004119
57.9591840000000000 0.00227400000000000 0.003751
58.0612240000000000 0.00344000000000000 0.004005
58.1632650000000000 -0.0021000000000000 0.003140
58.2653060000000000 0.00227200000000000 0.003747
58.3673470000000000 -0.0010270000000000 0.003448
58.4693880000000000 -0.0021000000000000 0.003140
58.5714290000000000 0.00669700000000000 0.004406
58.6734690000000000 -0.0030170000000000 0.002764
58.7755100000000000 -0.0021590000000000 0.003229
58.8775510000000000 -0.0021230000000000 0.003175
58.9795920000000000 0.00010900000000000 0.003284
59.0816330000000000 0.00774300000000000 0.004514
59.1836730000000000 0.00129600000000000 0.003898
59.2857140000000000 0.00228400000000000 0.003767
59.3877550000000000 -0.0032800000000000 0.003005
59.4897960000000000 0.00126800000000000 0.003813
59.5918370000000000 0.00011500000000000 0.003460
59.6938780000000000 0.00011800000000000 0.003569
59.7959180000000000 0.01092900000000000 0.004868
59.8979590000000000 0.00118000000000000 0.003548
60.0000000000000000 0.01374600000000000 0.005369
