55.0000000000000000 0.29696100000000000 0.021746
55.1020410000000000 0.33391800000000000 0.023174
55.2040820000000000 0.31019000000000000 0.021979
55.3061220000000000 0.29100800000000000 0.021623
55.4081630000000000 0.31507900000000000 0.022705
55.5102040000000000 0.29897500000000000 0.021767
55.6122450000000000 0.28927600000000000 0.020631
55.7142860000000000 0.22079000000000000 0.018024
55.8163270000000000 0.24889200000000000 0.019468
55.9183670000000000 0.25758500000000000 0.019527
56.0204080000000000 0.28579100000000000 0.020985
56.1224490000000000 0.27687200000000000 0.020980
56.2244900000000000 0.33110800000000000 0.023385
56.3265310000000000 0.30594800000000000 0.022364
56.4285710000000000 0.31090700000000000 0.022303
56.5306120000000000 0.27687200000000000 0.020980
56.6326530000000000 0.29844300000000000 0.021794
56.7346940000000000 0.23512300000000000 0.019124
56.8367350000000000 0.30386000000000000 0.021881
56.9387760000000000 0.27078900000000000 0.021263
57.0408160000000000 0.24786900000000000 0.019266
57.1428570000000000 0.23475200000000000 0.018843
57.2448980000000000 0.27304500000000000 0.020551
57.3469390000000000 0.19461000000000000 0.016890
57.4489800000000000 0.20445200000000000 0.017312
57.5510200000000000 0.18828800000000000 0.016479
57.6530610000000000 0.14016800000000000 0.013854
57.7551020000000000 0.11999100000000000 0.013132
57.8571430000000000 0.06687600000000000 0.009478
57.9591840000000000 0.03360500000000000 0.007070
58.0612240000000000 0.02781400000000000 0.006670
58.1632650000000000 0.00122400000000000 0.003682
58.2653060000000000 0.00011300000000000 0.003419
58.3673470000000000 0.00126800000000000 0.003813
58.4693880000000000 0.00122400000000000 0.003682
58.5714290000000000 -0.0009820000000000 0.003297
58.6734690000000000 0.00427800000000000 0.003911
58.7755100000000000 -0.0032990000000000 0.003022
58.8775510000000000 -0.0066040000000000 0.002259
58.9795920000000000 0.00736600000000000 0.004294
59.0816330000000000 0.00120400000000000 0.003621
59.1836730000000000 0.00129600000000000 0.003898
59.2857140000000000 0.00011400000000000 0.003437
59.3877550000000000 0.00125200000000000 0.003765
59.4897960000000000 0.00471000000000000 0.004306
59.5918370000000000 0.01758900000000000 0.005628
59.6938780000000000 0.01814400000000000 0.005807
59.7959180000000000 0.02174400000000000 0.006004
59.8979590000000000 0.04281900000000000 0.007768
60.0000000000000000 0.04100000000000000 0.007908
