55.0000000000000000 0.31280700000000000 0.022489
55.1020410000000000 0.32364700000000000 0.022702
55.2040820000000000 0.29087300000000000 0.021084
55.3061220000000000 0.31032900000000000 0.022537
55.4081630000000000 0.29372500000000000 0.021699
55.5102040000000000 0.26017500000000000 0.019926
55.6122450000000000 0.26094500000000000 0.019318
55.7142860000000000 0.24495900000000000 0.019210
55.8163270000000000 0.19913600000000000 0.016999
55.9183670000000000 0.21789500000000000 0.017610
56.0204080000000000 0.18781300000000000 0.016215
56.1224490000000000 0.21979700000000000 0.018185
56.2244900000000000 0.20698400000000000 0.017414
56.3265310000000000 0.17564500000000000 0.015923
56.4285710000000000 0.12987000000000000 0.013240
56.5306120000000000 0.11210900000000000 0.012410
56.6326530000000000 0.07495700000000000 0.009989
56.7346940000000000 0.04294400000000000 0.007907
56.8367350000000000 0.02913600000000000 0.006513
56.9387760000000000 -0.0021640000000000 0.003237
57.0408160000000000 0.00115000000000000 0.003459
57.1428570000000000 -0.0030880000000000 0.002829
57.2448980000000000 -0.0061880000000000 0.002116
57.3469390000000000 0.00118700000000000 0.003571
57.4489800000000000 -0.0009530000000000 0.003198
57.5510200000000000 0.00330100000000000 0.003843
57.6530610000000000 -0.0030490000000000 0.002793
57.7551020000000000 0.00123800000000000 0.003723
57.8571430000000000 0.00117100000000000 0.003522
57.9591840000000000 -0.0031280000000000 0.002865
58.0612240000000000 -0.0009920000000000 0.003330
58.1632650000000000 -0.0043150000000000 0.002723
58.2653060000000000 -0.0052830000000000 0.002425
58.3673470000000000 0.00012000000000000 0.003635
58.4693880000000000 -0.0021000000000000 0.003140
58.5714290000000000 0.00230900000000000 0.003808
58.6734690000000000 -0.0019750000000000 0.002953
58.7755100000000000 0.00467700000000000 0.004276
58.8775510000000000 0.00571900000000000 0.004354
58.9795920000000000 0.01462200000000000 0.005124
59.0816330000000000 0.00338400000000000 0.003939
59.1836730000000000 0.02240800000000000 0.006401
59.2857140000000000 0.03483600000000000 0.007193
59.3877550000000000 0.03750800000000000 0.007610
59.4897960000000000 0.04830700000000000 0.008537
59.5918370000000000 0.07219800000000000 0.009997
59.6938780000000000 0.07898200000000000 0.010623
59.7959180000000000 0.07690300000000000 0.010256
59.8979590000000000 0.07164700000000000 0.009838
60.0000000000000000 0.07279600000000000 0.010253
