55.0000000000000000 0.25893000000000000 0.019934
55.1020410000000000 0.28153600000000000 0.020745
55.2040820000000000 0.26952300000000000 0.020083
55.3061220000000000 0.27168600000000000 0.020699
55.4081630000000000 0.26169500000000000 0.020167
55.5102040000000000 0.27380800000000000 0.020578
55.6122450000000000 0.25606000000000000 0.019090
55.7142860000000000 0.24390800000000000 0.019159
55.8163270000000000 0.17902200000000000 0.015966
55.9183670000000000 0.21687700000000000 0.017560
56.0204080000000000 0.25691300000000000 0.019616
56.1224490000000000 0.26071800000000000 0.020201
56.2244900000000000 0.27912500000000000 0.020942
56.3265310000000000 0.26610300000000000 0.020461
56.4285710000000000 0.25335200000000000 0.019578
56.5306120000000000 0.25102700000000000 0.019729
56.6326530000000000 0.25733000000000000 0.019837
56.7346940000000000 0.24390900000000000 0.019560
56.8367350000000000 0.30074900000000000 0.021736
56.9387760000000000 0.24680600000000000 0.020071
57.0408160000000000 0.26452500000000000 0.020066
57.1428570000000000 0.27421400000000000 0.020759
57.2448980000000000 0.29404000000000000 0.021545
57.3469390000000000 0.26553100000000000 0.020413
57.4489800000000000 0.27363000000000000 0.020711
57.5510200000000000 0.28397100000000000 0.021194
57.6530610000000000 0.26653700000000000 0.020270
57.7551020000000000 0.28131600000000000 0.021586
57.8571430000000000 0.25021500000000000 0.019542
57.9591840000000000 0.25832200000000000 0.020115
58.0612240000000000 0.30257400000000000 0.022496
58.1632650000000000 0.26933600000000000 0.020892
58.2653060000000000 0.29581600000000000 0.021906
58.3673470000000000 0.27317900000000000 0.021427
58.4693880000000000 0.26601300000000000 0.020730
58.5714290000000000 0.26558000000000000 0.020613
58.6734690000000000 0.25229600000000000 0.019489
58.7755100000000000 0.20522300000000000 0.017931
58.8775510000000000 0.16480400000000000 0.015651
58.9795920000000000 0.10274100000000000 0.011621
59.0816330000000000 0.09383600000000000 0.011380
59.1836730000000000 0.08457000000000000 0.011229
59.2857140000000000 0.20519000000000000 0.017512
59.3877550000000000 0.23238500000000000 0.019271
59.4897960000000000 0.25023300000000000 0.020287
59.5918370000000000 0.27425000000000000 0.020991
59.6938780000000000 0.24234300000000000 0.019720
59.7959180000000000 0.27698800000000000 0.021027
59.8979590000000000 0.27984500000000000 0.021039
60.0000000000000000 0.29991200000000000 0.022626
