55.0000000000000000 0.26843800000000000 0.020391
55.1020410000000000 0.27537300000000000 0.020455
55.2040820000000000 0.30307300000000000 0.021650
55.3061220000000000 0.25343800000000000 0.019817
55.4081630000000000 0.26276200000000000 0.020219
55.5102040000000000 0.26646700000000000 0.020227
55.6122450000000000 0.22675200000000000 0.017700
55.7142860000000000 0.23865400000000000 0.018903
55.8163270000000000 0.20548800000000000 0.017321
55.9183670000000000 0.24537300000000000 0.018944
56.0204080000000000 0.26722700000000000 0.020108
56.1224490000000000 0.25856500000000000 0.020096
56.2244900000000000 0.26215100000000000 0.020129
56.3265310000000000 0.26718000000000000 0.020513
56.4285710000000000 0.28056000000000000 0.020878
56.5306120000000000 0.29087100000000000 0.021649
56.6326530000000000 0.26260100000000000 0.020091
56.7346940000000000 0.26477400000000000 0.020584
56.8367350000000000 0.27586900000000000 0.020566
56.9387760000000000 0.29020400000000000 0.022214
57.0408160000000000 0.23850000000000000 0.018812
57.1428570000000000 0.23795200000000000 0.019000
57.2448980000000000 0.22685600000000000 0.018315
57.3469390000000000 0.26982900000000000 0.020620
57.4489800000000000 0.25553800000000000 0.019839
57.5510200000000000 0.27865500000000000 0.020940
57.6530610000000000 0.25705900000000000 0.019815
57.7551020000000000 0.24658700000000000 0.019879
57.8571430000000000 0.24703600000000000 0.019387
57.9591840000000000 0.26696500000000000 0.020534
58.0612240000000000 0.23942300000000000 0.019419
58.1632650000000000 0.28263100000000000 0.021538
58.2653060000000000 0.27639000000000000 0.020978
58.3673470000000000 0.26973700000000000 0.021257
58.4693880000000000 0.26933700000000000 0.020892
58.5714290000000000 0.30945900000000000 0.022721
58.6734690000000000 0.24500100000000000 0.019137
58.7755100000000000 0.20864100000000000 0.018108
58.8775510000000000 0.16816500000000000 0.015833
58.9795920000000000 0.08408100000000000 0.010482
59.0816330000000000 0.06877100000000000 0.009754
59.1836730000000000 0.10568200000000000 0.012576
59.2857140000000000 0.19217000000000000 0.016844
59.3877550000000000 0.22898600000000000 0.019099
59.4897960000000000 0.26629500000000000 0.021086
59.5918370000000000 0.27643400000000000 0.021097
59.6938780000000000 0.24797600000000000 0.020001
59.7959180000000000 0.29753700000000000 0.022009
59.8979590000000000 0.24140900000000000 0.019180
60.0000000000000000 0.27833600000000000 0.021576
