55.0000000000000000 0.24942200000000000 0.019474
55.1020410000000000 0.28153600000000000 0.020745
55.2040820000000000 0.23190700000000000 0.018285
55.3061220000000000 0.28778800000000000 0.021470
55.4081630000000000 0.26169500000000000 0.020167
55.5102040000000000 0.26017500000000000 0.019926
55.6122450000000000 0.23261400000000000 0.017981
55.7142860000000000 0.21973900000000000 0.017972
55.8163270000000000 0.22454300000000000 0.018273
55.9183670000000000 0.22705400000000000 0.018058
56.0204080000000000 0.25691300000000000 0.019616
56.1224490000000000 0.26825700000000000 0.020565
56.2244900000000000 0.24305500000000000 0.019203
56.3265310000000000 0.25748800000000000 0.020044
56.4285710000000000 0.23870200000000000 0.018868
56.5306120000000000 0.24887300000000000 0.019624
56.6326530000000000 0.24468000000000000 0.019225
56.7346940000000000 0.28124600000000000 0.021383
56.8367350000000000 0.23232800000000000 0.018474
56.9387760000000000 0.25023200000000000 0.020243
57.0408160000000000 0.24891000000000000 0.019316
57.1428570000000000 0.26568200000000000 0.020349
57.2448980000000000 0.25624900000000000 0.019747
57.3469390000000000 0.27305300000000000 0.020776
57.4489800000000000 0.25873100000000000 0.019994
57.5510200000000000 0.25314000000000000 0.019713
57.6530610000000000 0.29391600000000000 0.021571
57.7551020000000000 0.26003000000000000 0.020544
57.8571430000000000 0.28094900000000000 0.021019
57.9591840000000000 0.24643800000000000 0.019534
58.0612240000000000 0.28373900000000000 0.021591
58.1632650000000000 0.28484700000000000 0.021645
58.2653060000000000 0.26991500000000000 0.020666
58.3673470000000000 0.29842000000000000 0.022661
58.4693880000000000 0.27709200000000000 0.021269
58.5714290000000000 0.23925300000000000 0.019319
58.6734690000000000 0.26896900000000000 0.020288
58.7755100000000000 0.20522300000000000 0.017931
58.8775510000000000 0.16256300000000000 0.015529
58.9795920000000000 0.07682400000000000 0.010020
59.0816330000000000 0.08620800000000000 0.010901
59.1836730000000000 0.10099000000000000 0.012284
59.2857140000000000 0.17480900000000000 0.015937
59.3877550000000000 0.21878900000000000 0.018580
59.4897960000000000 0.23990700000000000 0.019768
59.5918370000000000 0.25677500000000000 0.020142
59.6938780000000000 0.25586200000000000 0.020392
59.7959180000000000 0.26725400000000000 0.020558
59.8979590000000000 0.25849200000000000 0.020012
60.0000000000000000 0.26243800000000000 0.020794
