55.0000000000000000 0.25470400000000000 0.019730
55.1020410000000000 0.28564400000000000 0.020938
55.2040820000000000 0.27054000000000000 0.020131
55.3061220000000000 0.27705400000000000 0.020957
55.4081630000000000 0.29799600000000000 0.021901
55.5102040000000000 0.24234800000000000 0.019064
55.6122450000000000 0.24336000000000000 0.018491
55.7142860000000000 0.22919700000000000 0.018439
55.8163270000000000 0.22030900000000000 0.018063
55.9183670000000000 0.22603600000000000 0.018009
56.0204080000000000 0.22494200000000000 0.018068
56.1224490000000000 0.27256400000000000 0.020773
56.2244900000000000 0.27382000000000000 0.020689
56.3265310000000000 0.24564200000000000 0.019465
56.4285710000000000 0.26800200000000000 0.020281
56.5306120000000000 0.24887300000000000 0.019624
56.6326530000000000 0.27419700000000000 0.020646
56.7346940000000000 0.25489000000000000 0.020101
56.8367350000000000 0.25617200000000000 0.019628
56.9387760000000000 0.26964700000000000 0.021207
57.0408160000000000 0.24891000000000000 0.019316
57.1428570000000000 0.29767800000000000 0.021875
57.2448980000000000 0.23525400000000000 0.018727
57.3469390000000000 0.26768000000000000 0.020517
57.4489800000000000 0.25766600000000000 0.019942
57.5510200000000000 0.25207700000000000 0.019661
57.6530610000000000 0.28865100000000000 0.021322
57.7551020000000000 0.27235400000000000 0.021149
57.8571430000000000 0.29578500000000000 0.021722
57.9591840000000000 0.25616200000000000 0.020009
58.0612240000000000 0.26158100000000000 0.020513
58.1632650000000000 0.26268900000000000 0.020567
58.2653060000000000 0.27099400000000000 0.020718
58.3673470000000000 0.27088500000000000 0.021313
58.4693880000000000 0.26601300000000000 0.020730
58.5714290000000000 0.27874400000000000 0.021251
58.6734690000000000 0.27418000000000000 0.020536
58.7755100000000000 0.22003600000000000 0.018695
58.8775510000000000 0.15472100000000000 0.015101
58.9795920000000000 0.06956700000000000 0.009544
59.0816330000000000 0.07857900000000000 0.010408
59.1836730000000000 0.11037300000000000 0.012864
59.2857140000000000 0.16938300000000000 0.015650
59.3877550000000000 0.24371500000000000 0.019841
59.4897960000000000 0.25138100000000000 0.020344
59.5918370000000000 0.26769700000000000 0.020674
59.6938780000000000 0.27163500000000000 0.021169
59.7959180000000000 0.26184600000000000 0.020296
59.8979590000000000 0.27557500000000000 0.020834
60.0000000000000000 0.30559000000000000 0.022900
