55.0000000000000000 0.32759600000000000 0.023177
55.1020410000000000 0.25893900000000000 0.019675
55.2040820000000000 0.29392300000000000 0.021226
55.3061220000000000 0.28564100000000000 0.021368
55.4081630000000000 0.29159000000000000 0.021598
55.5102040000000000 0.26122400000000000 0.019976
55.6122450000000000 0.21307500000000000 0.017040
55.7142860000000000 0.20397600000000000 0.017184
55.8163270000000000 0.17161100000000000 0.015579
55.9183670000000000 0.14869100000000000 0.014079
56.0204080000000000 0.16306100000000000 0.014935
56.1224490000000000 0.14549200000000000 0.014304
56.2244900000000000 0.10407800000000000 0.011840
56.3265310000000000 0.07549500000000000 0.010140
56.4285710000000000 0.04196800000000000 0.007611
56.5306120000000000 0.01626600000000000 0.005438
56.6326530000000000 0.00749000000000000 0.004366
56.7346940000000000 0.00341000000000000 0.003970
56.8367350000000000 0.00010900000000000 0.003284
56.9387760000000000 0.00811400000000000 0.004731
57.0408160000000000 -0.0061370000000000 0.002098
57.1428570000000000 0.00011200000000000 0.003379
57.2448980000000000 -0.0019890000000000 0.002975
57.3469390000000000 0.00226200000000000 0.003731
57.4489800000000000 0.00117600000000000 0.003537
57.5510200000000000 0.00011200000000000 0.003368
57.6530610000000000 -0.0009430000000000 0.003165
57.7551020000000000 0.00235800000000000 0.003890
57.8571430000000000 -0.0009490000000000 0.003185
57.9591840000000000 -0.0009670000000000 0.003247
58.0612240000000000 0.00565600000000000 0.004306
58.1632650000000000 0.01008700000000000 0.004858
58.2653060000000000 0.01522200000000000 0.005335
58.3673470000000000 0.02306600000000000 0.006372
58.4693880000000000 0.01895100000000000 0.005823
58.5714290000000000 0.03083000000000000 0.006896
58.6734690000000000 0.04179300000000000 0.007578
58.7755100000000000 0.03658200000000000 0.007558
58.8775510000000000 0.01468200000000000 0.005419
58.9795920000000000 0.02602600000000000 0.006237
59.0816330000000000 0.01973100000000000 0.005837
59.1836730000000000 0.03413600000000000 0.007482
59.2857140000000000 0.07281300000000000 0.010003
59.3877550000000000 0.08849300000000000 0.011276
59.4897960000000000 0.10337800000000000 0.012290
59.5918370000000000 0.08202700000000000 0.010645
59.6938780000000000 0.12517400000000000 0.013473
59.7959180000000000 0.12124600000000000 0.012970
59.8979590000000000 0.14852000000000000 0.014408
60.0000000000000000 0.12503300000000000 0.013519
