55.0000000000000000 0.27794500000000000 0.020845
55.1020410000000000 0.26304800000000000 0.019871
55.2040820000000000 0.25935700000000000 0.019602
55.3061220000000000 0.28886100000000000 0.021521
55.4081630000000000 0.26276200000000000 0.020219
55.5102040000000000 0.26332100000000000 0.020077
55.6122450000000000 0.24629100000000000 0.018630
55.7142860000000000 0.24601000000000000 0.019261
55.8163270000000000 0.22560200000000000 0.018326
55.9183670000000000 0.26063800000000000 0.019672
56.0204080000000000 0.25588200000000000 0.019567
56.1224490000000000 0.27687200000000000 0.020980
56.2244900000000000 0.23456800000000000 0.018787
56.3265310000000000 0.26502600000000000 0.020409
56.4285710000000000 0.26172400000000000 0.019981
56.5306120000000000 0.27041000000000000 0.020669
56.6326530000000000 0.26470900000000000 0.020192
56.7346940000000000 0.25269400000000000 0.019993
56.8367350000000000 0.27275900000000000 0.020419
56.9387760000000000 0.30276700000000000 0.022824
57.0408160000000000 0.30616600000000000 0.022030
57.1428570000000000 0.27314800000000000 0.020708
57.2448980000000000 0.24995100000000000 0.019442
57.3469390000000000 0.25478500000000000 0.019892
57.4489800000000000 0.26511600000000000 0.020302
57.5510200000000000 0.26483400000000000 0.020278
57.6530610000000000 0.26969600000000000 0.020421
57.7551020000000000 0.28803800000000000 0.021912
57.8571430000000000 0.26717200000000000 0.020360
57.9591840000000000 0.29289400000000000 0.021778
58.0612240000000000 0.27266000000000000 0.021054
58.1632650000000000 0.27376800000000000 0.021108
58.2653060000000000 0.25048900000000000 0.019723
58.3673470000000000 0.26514800000000000 0.021030
58.4693880000000000 0.23388400000000000 0.019142
58.5714290000000000 0.27106500000000000 0.020880
58.6734690000000000 0.26480100000000000 0.020089
58.7755100000000000 0.23598800000000000 0.019506
58.8775510000000000 0.16592400000000000 0.015712
58.9795920000000000 0.07578700000000000 0.009953
59.0816330000000000 0.08511800000000000 0.010831
59.1836730000000000 0.10568200000000000 0.012576
59.2857140000000000 0.16829800000000000 0.015592
59.3877550000000000 0.23805000000000000 0.019557
59.4897960000000000 0.25023300000000000 0.020287
59.5918370000000000 0.26878900000000000 0.020727
59.6938780000000000 0.27726800000000000 0.021445
59.7959180000000000 0.26941700000000000 0.020663
59.8979590000000000 0.28731900000000000 0.021395
60.0000000000000000 0.26470900000000000 0.020907
