55.0000000000000000 0.28005800000000000 0.020946
55.1020410000000000 0.28769800000000000 0.021034
55.2040820000000000 0.25732300000000000 0.019505
55.3061220000000000 0.27168600000000000 0.020699
55.4081630000000000 0.26383000000000000 0.020270
55.5102040000000000 0.26017500000000000 0.019926
55.6122450000000000 0.25996800000000000 0.019273
55.7142860000000000 0.23024700000000000 0.018491
55.8163270000000000 0.20760500000000000 0.017427
55.9183670000000000 0.23112500000000000 0.018256
56.0204080000000000 0.23216100000000000 0.018421
56.1224490000000000 0.27902500000000000 0.021083
56.2244900000000000 0.25896800000000000 0.019975
56.3265310000000000 0.28010200000000000 0.021135
56.4285710000000000 0.28056000000000000 0.020878
56.5306120000000000 0.26502600000000000 0.020409
56.6326530000000000 0.28263000000000000 0.021047
56.7346940000000000 0.26147900000000000 0.020423
56.8367350000000000 0.26757500000000000 0.020173
56.9387760000000000 0.34616600000000000 0.024900
57.0408160000000000 0.27181300000000000 0.020413
57.1428570000000000 0.25181700000000000 0.019678
57.2448980000000000 0.26254800000000000 0.020049
57.3469390000000000 0.26015800000000000 0.020153
57.4489800000000000 0.25660200000000000 0.019891
57.5510200000000000 0.25632900000000000 0.019868
57.6530610000000000 0.30550000000000000 0.022115
57.7551020000000000 0.31716600000000000 0.023310
57.8571430000000000 0.25021500000000000 0.019542
57.9591840000000000 0.27560800000000000 0.020951
58.0612240000000000 0.27155200000000000 0.021000
58.1632650000000000 0.22612800000000000 0.018753
58.2653060000000000 0.27854900000000000 0.021081
58.3673470000000000 0.23990700000000000 0.019768
58.4693880000000000 0.28041600000000000 0.021430
58.5714290000000000 0.25570800000000000 0.020131
58.6734690000000000 0.24500100000000000 0.019137
58.7755100000000000 0.19952600000000000 0.017634
58.8775510000000000 0.14463800000000000 0.014542
58.9795920000000000 0.08304400000000000 0.010417
59.0816330000000000 0.09383600000000000 0.011380
59.1836730000000000 0.10920000000000000 0.012792
59.2857140000000000 0.18674400000000000 0.016562
59.3877550000000000 0.26071100000000000 0.020687
59.4897960000000000 0.24793900000000000 0.020172
59.5918370000000000 0.26005200000000000 0.020302
59.6938780000000000 0.24572200000000000 0.019888
59.7959180000000000 0.29213000000000000 0.021752
59.8979590000000000 0.29479300000000000 0.021749
60.0000000000000000 0.23972700000000000 0.019662
