55.0000000000000000 0.25364800000000000 0.019679
55.1020410000000000 0.25893900000000000 0.019675
55.2040820000000000 0.29900700000000000 0.021462
55.3061220000000000 0.25021800000000000 0.019660
55.4081630000000000 0.26810100000000000 0.020476
55.5102040000000000 0.25178600000000000 0.019522
55.6122450000000000 0.22089000000000000 0.017418
55.7142860000000000 0.24180700000000000 0.019056
55.8163270000000000 0.21289800000000000 0.017693
55.9183670000000000 0.25046100000000000 0.019187
56.0204080000000000 0.24660000000000000 0.019121
56.1224490000000000 0.24779600000000000 0.019571
56.2244900000000000 0.26745500000000000 0.020384
56.3265310000000000 0.31025500000000000 0.022567
56.4285710000000000 0.27532800000000000 0.020630
56.5306120000000000 0.25102700000000000 0.019729
56.6326530000000000 0.30055100000000000 0.021893
56.7346940000000000 0.27246100000000000 0.020958
56.8367350000000000 0.28934600000000000 0.021202
56.9387760000000000 0.27307300000000000 0.021375
57.0408160000000000 0.29887900000000000 0.021689
57.1428570000000000 0.26994800000000000 0.020554
57.2448980000000000 0.28354300000000000 0.021050
57.3469390000000000 0.25693400000000000 0.019997
57.4489800000000000 0.27895200000000000 0.020965
57.5510200000000000 0.25314000000000000 0.019713
57.6530610000000000 0.27180200000000000 0.020522
57.7551020000000000 0.25779000000000000 0.020434
57.8571430000000000 0.27565000000000000 0.020766
57.9591840000000000 0.28857300000000000 0.021572
58.0612240000000000 0.26601300000000000 0.020730
58.1632650000000000 0.27487600000000000 0.021162
58.2653060000000000 0.24833100000000000 0.019617
58.3673470000000000 0.26744300000000000 0.021143
58.4693880000000000 0.25382600000000000 0.020132
58.5714290000000000 0.28971400000000000 0.021779
58.6734690000000000 0.25229600000000000 0.019489
58.7755100000000000 0.24852200000000000 0.020135
58.8775510000000000 0.13119400000000000 0.013781
58.9795920000000000 0.09133800000000000 0.010933
59.0816330000000000 0.05678300000000000 0.008914
59.1836730000000000 0.13031200000000000 0.014055
59.2857140000000000 0.20519000000000000 0.017512
59.3877550000000000 0.24598200000000000 0.019955
59.4897960000000000 0.25826400000000000 0.020688
59.5918370000000000 0.25895900000000000 0.020248
59.6938780000000000 0.22995000000000000 0.019097
59.7959180000000000 0.27915100000000000 0.021131
59.8979590000000000 0.26810100000000000 0.020476
60.0000000000000000 0.26016700000000000 0.020682
