55.0000000000000000 0.27372000000000000 0.020644
55.1020410000000000 0.25996600000000000 0.019724
55.2040820000000000 0.26647300000000000 0.019939
55.3061220000000000 0.27598000000000000 0.020906
55.4081630000000000 0.26810100000000000 0.020476
55.5102040000000000 0.26017500000000000 0.019926
55.6122450000000000 0.23359100000000000 0.018027
55.7142860000000000 0.23445100000000000 0.018697
55.8163270000000000 0.17055200000000000 0.015524
55.9183670000000000 0.22400100000000000 0.017909
56.0204080000000000 0.24453700000000000 0.019022
56.1224490000000000 0.28548700000000000 0.021392
56.2244900000000000 0.25154200000000000 0.019616
56.3265310000000000 0.29625600000000000 0.021905
56.4285710000000000 0.28056000000000000 0.020878
56.5306120000000000 0.27471800000000000 0.020876
56.6326530000000000 0.29106400000000000 0.021447
56.7346940000000000 0.25379200000000000 0.020047
56.8367350000000000 0.25720800000000000 0.019678
56.9387760000000000 0.29934100000000000 0.022658
57.0408160000000000 0.26556600000000000 0.020116
57.1428570000000000 0.25501600000000000 0.019834
57.2448980000000000 0.29823900000000000 0.021743
57.3469390000000000 0.26660600000000000 0.020465
57.4489800000000000 0.26724500000000000 0.020404
57.5510200000000000 0.28184500000000000 0.021092
57.6530610000000000 0.25179400000000000 0.019560
57.7551020000000000 0.26339100000000000 0.020710
57.8571430000000000 0.28836700000000000 0.021371
57.9591840000000000 0.31990400000000000 0.023054
58.0612240000000000 0.27930800000000000 0.021377
58.1632650000000000 0.28263100000000000 0.021538
58.2653060000000000 0.26667700000000000 0.020510
58.3673470000000000 0.27432700000000000 0.021483
58.4693880000000000 0.25271800000000000 0.020077
58.5714290000000000 0.25132000000000000 0.019915
58.6734690000000000 0.22728600000000000 0.018272
58.7755100000000000 0.19838600000000000 0.017575
58.8775510000000000 0.16368300000000000 0.015590
58.9795920000000000 0.09237400000000000 0.010996
59.0816330000000000 0.06986100000000000 0.009828
59.1836730000000000 0.11506500000000000 0.013149
59.2857140000000000 0.19325500000000000 0.016900
59.3877550000000000 0.25391300000000000 0.020350
59.4897960000000000 0.24908600000000000 0.020229
59.5918370000000000 0.26223600000000000 0.020408
59.6938780000000000 0.26600200000000000 0.020893
59.7959180000000000 0.25103100000000000 0.019769
59.8979590000000000 0.29159000000000000 0.021598
60.0000000000000000 0.27606500000000000 0.021465
