55.0000000000000000 0.23252000000000000 0.018649
55.1020410000000000 0.21374600000000000 0.017482
55.2040820000000000 0.17192300000000000 0.015291
55.3061220000000000 0.16541800000000000 0.015357
55.4081630000000000 0.14958800000000000 0.014466
55.5102040000000000 0.10078000000000000 0.011573
55.6122450000000000 0.06653400000000000 0.009044
55.7142860000000000 0.04109400000000000 0.007561
55.8163270000000000 0.00963900000000000 0.004641
55.9183670000000000 0.00417800000000000 0.003819
56.0204080000000000 0.00217100000000000 0.003581
56.1224490000000000 -0.0031180000000000 0.002856
56.2244900000000000 0.00011100000000000 0.003361
56.3265310000000000 -0.0009640000000000 0.003236
56.4285710000000000 -0.0040760000000000 0.002572
56.5306120000000000 0.00011300000000000 0.003411
56.6326530000000000 -0.0009440000000000 0.003168
56.7346940000000000 -0.0009830000000000 0.003300
56.8367350000000000 0.00010900000000000 0.003284
56.9387760000000000 -0.0010220000000000 0.003432
57.0408160000000000 0.00010900000000000 0.003298
57.1428570000000000 0.00011200000000000 0.003379
57.2448980000000000 0.00116000000000000 0.003488
57.3469390000000000 0.00226200000000000 0.003731
57.4489800000000000 0.00117600000000000 0.003537
57.5510200000000000 0.01074300000000000 0.004785
57.6530610000000000 0.00642900000000000 0.004229
57.7551020000000000 0.01916300000000000 0.005889
57.8571430000000000 0.02236600000000000 0.005984
57.9591840000000000 0.04224800000000000 0.007777
58.0612240000000000 0.04886400000000000 0.008408
58.1632650000000000 0.04997200000000000 0.008492
58.2653060000000000 0.07242000000000000 0.009948
58.3673470000000000 0.06551700000000000 0.009806
58.4693880000000000 0.08764100000000000 0.011088
58.5714290000000000 0.08348400000000000 0.010764
58.6734690000000000 0.08972900000000000 0.010864
58.7755100000000000 0.08899800000000000 0.011343
58.8775510000000000 0.05053200000000000 0.008589
58.9795920000000000 0.03743000000000000 0.007209
59.0816330000000000 0.03825700000000000 0.007495
59.1836730000000000 0.04351900000000000 0.008267
59.2857140000000000 0.11730000000000000 0.012762
59.3877550000000000 0.12135100000000000 0.013288
59.4897960000000000 0.12632400000000000 0.013666
59.5918370000000000 0.14318900000000000 0.014277
59.6938780000000000 0.15671900000000000 0.015253
59.7959180000000000 0.18289400000000000 0.016336
59.8979590000000000 0.16026500000000000 0.015042
60.0000000000000000 0.16364300000000000 0.015693
