55.0000000000000000 0.27688900000000000 0.020795
55.1020410000000000 0.26099300000000000 0.019773
55.2040820000000000 0.25224000000000000 0.019263
55.3061220000000000 0.26739300000000000 0.020493
55.4081630000000000 0.25101800000000000 0.019649
55.5102040000000000 0.26122400000000000 0.019976
55.6122450000000000 0.26485300000000000 0.019501
55.7142860000000000 0.20607800000000000 0.017289
55.8163270000000000 0.22666000000000000 0.018378
55.9183670000000000 0.22298300000000000 0.017860
56.0204080000000000 0.27960300000000000 0.020694
56.1224490000000000 0.28871700000000000 0.021546
56.2244900000000000 0.27169900000000000 0.020588
56.3265310000000000 0.26071800000000000 0.020201
56.4285710000000000 0.25021300000000000 0.019426
56.5306120000000000 0.29625600000000000 0.021905
56.6326530000000000 0.29949700000000000 0.021844
56.7346940000000000 0.24390900000000000 0.019560
56.8367350000000000 0.28934600000000000 0.021202
56.9387760000000000 0.27650000000000000 0.021544
57.0408160000000000 0.26764800000000000 0.020215
57.1428570000000000 0.29554500000000000 0.021774
57.2448980000000000 0.27514500000000000 0.020651
57.3469390000000000 0.29776800000000000 0.021955
57.4489800000000000 0.24276600000000000 0.019217
57.5510200000000000 0.27440300000000000 0.020737
57.6530610000000000 0.24758100000000000 0.019356
57.7551020000000000 0.22754100000000000 0.018924
57.8571430000000000 0.26081300000000000 0.020055
57.9591840000000000 0.23131300000000000 0.018788
58.0612240000000000 0.30035800000000000 0.022390
58.1632650000000000 0.26268900000000000 0.020567
58.2653060000000000 0.26883600000000000 0.020614
58.3673470000000000 0.25711700000000000 0.020631
58.4693880000000000 0.27487600000000000 0.021162
58.5714290000000000 0.26338700000000000 0.020506
58.6734690000000000 0.23353800000000000 0.018579
58.7755100000000000 0.21092000000000000 0.018226
58.8775510000000000 0.12671300000000000 0.013523
58.9795920000000000 0.08511800000000000 0.010547
59.0816330000000000 0.08184900000000000 0.010621
59.1836730000000000 0.13148500000000000 0.014123
59.2857140000000000 0.18023400000000000 0.016223
59.3877550000000000 0.22785300000000000 0.019042
59.4897960000000000 0.24564400000000000 0.020057
59.5918370000000000 0.25677500000000000 0.020142
59.6938780000000000 0.27050800000000000 0.021114
59.7959180000000000 0.27482500000000000 0.020923
59.8979590000000000 0.24995000000000000 0.019597
60.0000000000000000 0.27947200000000000 0.021632
