55.0000000000000000 0.27583300000000000 0.020744
55.1020410000000000 0.25893900000000000 0.019675
55.2040820000000000 0.25732300000000000 0.019505
55.3061220000000000 0.26524600000000000 0.020389
55.4081630000000000 0.23927300000000000 0.019075
55.5102040000000000 0.24968900000000000 0.019420
55.6122450000000000 0.25215200000000000 0.018906
55.7142860000000000 0.22394200000000000 0.018180
55.8163270000000000 0.23724700000000000 0.018899
55.9183670000000000 0.24740800000000000 0.019041
56.0204080000000000 0.24453700000000000 0.019022
56.1224490000000000 0.28548700000000000 0.021392
56.2244900000000000 0.28442900000000000 0.021195
56.3265310000000000 0.28117900000000000 0.021186
56.4285710000000000 0.25544500000000000 0.019679
56.5306120000000000 0.25641100000000000 0.019991
56.6326530000000000 0.29211800000000000 0.021496
56.7346940000000000 0.26257800000000000 0.020477
56.8367350000000000 0.22299800000000000 0.018017
56.9387760000000000 0.24794800000000000 0.020128
57.0408160000000000 0.25411500000000000 0.019567
57.1428570000000000 0.27421400000000000 0.020759
57.2448980000000000 0.25834900000000000 0.019848
57.3469390000000000 0.22899600000000000 0.018625
57.4489800000000000 0.24383100000000000 0.019269
57.5510200000000000 0.25951900000000000 0.020022
57.6530610000000000 0.27917300000000000 0.020873
57.7551020000000000 0.25891000000000000 0.020489
57.8571430000000000 0.28624700000000000 0.021271
57.9591840000000000 0.25184000000000000 0.019799
58.0612240000000000 0.28041600000000000 0.021430
58.1632650000000000 0.29703400000000000 0.022231
58.2653060000000000 0.27854900000000000 0.021081
58.3673470000000000 0.30071500000000000 0.022773
58.4693880000000000 0.28817100000000000 0.021805
58.5714290000000000 0.26119300000000000 0.020399
58.6734690000000000 0.28043300000000000 0.020832
58.7755100000000000 0.23370900000000000 0.019390
58.8775510000000000 0.16032200000000000 0.015407
58.9795920000000000 0.08200700000000000 0.010351
59.0816330000000000 0.08293800000000000 0.010691
59.1836730000000000 0.12444800000000000 0.013710
59.2857140000000000 0.17697900000000000 0.016052
59.3877550000000000 0.25731200000000000 0.020519
59.4897960000000000 0.28580000000000000 0.022046
59.5918370000000000 0.25131400000000000 0.019874
59.6938780000000000 0.23783600000000000 0.019494
59.7959180000000000 0.26400900000000000 0.020401
59.8979590000000000 0.23073200000000000 0.018654
60.0000000000000000 0.20793000000000000 0.018042
