55.0000000000000000 0.25681700000000000 0.019832
55.1020410000000000 0.26715600000000000 0.020066
55.2040820000000000 0.26037300000000000 0.019650
55.3061220000000000 0.22875000000000000 0.018603
55.4081630000000000 0.24888200000000000 0.019545
55.5102040000000000 0.27485600000000000 0.020627
55.6122450000000000 0.22968300000000000 0.017841
55.7142860000000000 0.22814600000000000 0.018387
55.8163270000000000 0.20548800000000000 0.017321
55.9183670000000000 0.20466500000000000 0.016957
56.0204080000000000 0.27135200000000000 0.020304
56.1224490000000000 0.25318000000000000 0.019834
56.2244900000000000 0.27700300000000000 0.020841
56.3265310000000000 0.27579500000000000 0.020928
56.4285710000000000 0.28056000000000000 0.020878
56.5306120000000000 0.26933400000000000 0.020617
56.6326530000000000 0.26154700000000000 0.020041
56.7346940000000000 0.29552300000000000 0.022068
56.8367350000000000 0.28001600000000000 0.020762
56.9387760000000000 0.26964700000000000 0.021207
57.0408160000000000 0.28222300000000000 0.020906
57.1428570000000000 0.25821600000000000 0.019989
57.2448980000000000 0.24365200000000000 0.019137
57.3469390000000000 0.25263600000000000 0.019787
57.4489800000000000 0.32258700000000000 0.023022
57.5510200000000000 0.25420300000000000 0.019765
57.6530610000000000 0.24231600000000000 0.019100
57.7551020000000000 0.28131600000000000 0.021586
57.8571430000000000 0.25975300000000000 0.020003
57.9591840000000000 0.24751900000000000 0.019587
58.0612240000000000 0.27155200000000000 0.021000
58.1632650000000000 0.28373900000000000 0.021591
58.2653060000000000 0.26128100000000000 0.020248
58.3673470000000000 0.26629500000000000 0.021086
58.4693880000000000 0.28595500000000000 0.021698
58.5714290000000000 0.27106500000000000 0.020880
58.6734690000000000 0.24604300000000000 0.019187
58.7755100000000000 0.22117500000000000 0.018753
58.8775510000000000 0.15248000000000000 0.014977
58.9795920000000000 0.09963100000000000 0.011435
59.0816330000000000 0.07422000000000000 0.010121
59.1836730000000000 0.09981700000000000 0.012210
59.2857140000000000 0.17480900000000000 0.015937
59.3877550000000000 0.25504600000000000 0.020406
59.4897960000000000 0.26055900000000000 0.020802
59.5918370000000000 0.28189500000000000 0.021360
59.6938780000000000 0.24234300000000000 0.019720
59.7959180000000000 0.27915100000000000 0.021131
59.8979590000000000 0.27557500000000000 0.020834
60.0000000000000000 0.29423500000000000 0.022351
