55.0000000000000000 0.26315600000000000 0.020138
55.1020410000000000 0.27023700000000000 0.020212
55.2040820000000000 0.28070700000000000 0.020609
55.3061220000000000 0.27598000000000000 0.020906
55.4081630000000000 0.26062700000000000 0.020115
55.5102040000000000 0.24864000000000000 0.019369
55.6122450000000000 0.25801400000000000 0.019181
55.7142860000000000 0.24601000000000000 0.019261
55.8163270000000000 0.20125300000000000 0.017107
55.9183670000000000 0.22094800000000000 0.017760
56.0204080000000000 0.28682200000000000 0.021033
56.1224490000000000 0.28333300000000000 0.021289
56.2244900000000000 0.28973400000000000 0.021446
56.3265310000000000 0.26610300000000000 0.020461
56.4285710000000000 0.29207100000000000 0.021422
56.5306120000000000 0.27364100000000000 0.020825
56.6326530000000000 0.25100500000000000 0.019532
56.7346940000000000 0.24720300000000000 0.019723
56.8367350000000000 0.29867600000000000 0.021639
56.9387760000000000 0.24338000000000000 0.019899
57.0408160000000000 0.27493600000000000 0.020562
57.1428570000000000 0.30087800000000000 0.022026
57.2448980000000000 0.28354300000000000 0.021050
57.3469390000000000 0.26445600000000000 0.020361
57.4489800000000000 0.25873100000000000 0.019994
57.5510200000000000 0.26696100000000000 0.020380
57.6530610000000000 0.27285500000000000 0.020572
57.7551020000000000 0.28579800000000000 0.021803
57.8571430000000000 0.25445400000000000 0.019747
57.9591840000000000 0.23995600000000000 0.019215
58.0612240000000000 0.27598400000000000 0.021216
58.1632650000000000 0.25825700000000000 0.020350
58.2653060000000000 0.28394500000000000 0.021340
58.3673470000000000 0.29268400000000000 0.022382
58.4693880000000000 0.23499200000000000 0.019197
58.5714290000000000 0.27984100000000000 0.021304
58.6734690000000000 0.24395900000000000 0.019086
58.7755100000000000 0.22345400000000000 0.018869
58.8775510000000000 0.14351800000000000 0.014479
58.9795920000000000 0.09652100000000000 0.011248
59.0816330000000000 0.08293800000000000 0.010691
59.1836730000000000 0.09629900000000000 0.011988
59.2857140000000000 0.17263900000000000 0.015823
59.3877550000000000 0.23125200000000000 0.019214
59.4897960000000000 0.20548800000000000 0.018004
59.5918370000000000 0.28626400000000000 0.021570
59.6938780000000000 0.28290100000000000 0.021719
59.7959180000000000 0.27158000000000000 0.020767
59.8979590000000000 0.28411600000000000 0.021242
60.0000000000000000 0.27038700000000000 0.021186
