55.0000000000000000 0.26315600000000000 0.020138
55.1020410000000000 0.26818300000000000 0.020115
55.2040820000000000 0.27460700000000000 0.020323
55.3061220000000000 0.30174200000000000 0.022132
55.4081630000000000 0.28091300000000000 0.021090
55.5102040000000000 0.28010000000000000 0.020877
55.6122450000000000 0.23359100000000000 0.018027
55.7142860000000000 0.22604400000000000 0.018284
55.8163270000000000 0.20548800000000000 0.017321
55.9183670000000000 0.18532800000000000 0.015985
56.0204080000000000 0.24041200000000000 0.018822
56.1224490000000000 0.30056300000000000 0.022109
56.2244900000000000 0.26427200000000000 0.020231
56.3265310000000000 0.26718000000000000 0.020513
56.4285710000000000 0.27742100000000000 0.020729
56.5306120000000000 0.24564200000000000 0.019465
56.6326530000000000 0.28790100000000000 0.021297
56.7346940000000000 0.26587200000000000 0.020638
56.8367350000000000 0.26446500000000000 0.020025
56.9387760000000000 0.29477300000000000 0.022436
57.0408160000000000 0.27493600000000000 0.020562
57.1428570000000000 0.28914600000000000 0.021471
57.2448980000000000 0.25834900000000000 0.019848
57.3469390000000000 0.28917100000000000 0.021547
57.4489800000000000 0.25234500000000000 0.019684
57.5510200000000000 0.28290800000000000 0.021143
57.6530610000000000 0.27180200000000000 0.020522
57.7551020000000000 0.27123400000000000 0.021094
57.8571430000000000 0.27670900000000000 0.020817
57.9591840000000000 0.26480500000000000 0.020429
58.0612240000000000 0.26822900000000000 0.020838
58.1632650000000000 0.28817100000000000 0.021805
58.2653060000000000 0.27423200000000000 0.020874
58.3673470000000000 0.27088500000000000 0.021313
58.4693880000000000 0.26712100000000000 0.020784
58.5714290000000000 0.26558000000000000 0.020613
58.6734690000000000 0.24291700000000000 0.019036
58.7755100000000000 0.20066500000000000 0.017694
58.8775510000000000 0.14687900000000000 0.014667
58.9795920000000000 0.08822800000000000 0.010741
59.0816330000000000 0.07749000000000000 0.010337
59.1836730000000000 0.09747200000000000 0.012062
59.2857140000000000 0.17697900000000000 0.016052
59.3877550000000000 0.26297700000000000 0.020799
59.4897960000000000 0.23417100000000000 0.019477
59.5918370000000000 0.26769700000000000 0.020674
59.6938780000000000 0.27163500000000000 0.021169
59.7959180000000000 0.23697100000000000 0.019078
59.8979590000000000 0.25635600000000000 0.019909
60.0000000000000000 0.23972700000000000 0.019662
