55.0000000000000000 0.32020200000000000 0.022834
55.1020410000000000 0.28769800000000000 0.021034
55.2040820000000000 0.32544000000000000 0.022680
55.3061220000000000 0.31032900000000000 0.022537
55.4081630000000000 0.27343900000000000 0.020732
55.5102040000000000 0.27590500000000000 0.020677
55.6122450000000000 0.26778300000000000 0.019637
55.7142860000000000 0.19977300000000000 0.016971
55.8163270000000000 0.17902200000000000 0.015966
55.9183670000000000 0.16904500000000000 0.015150
56.0204080000000000 0.16306100000000000 0.014935
56.1224490000000000 0.14226100000000000 0.014126
56.2244900000000000 0.10938300000000000 0.012155
56.3265310000000000 0.10241700000000000 0.011833
56.4285710000000000 0.06499000000000000 0.009284
56.5306120000000000 0.04641900000000000 0.008086
56.6326530000000000 0.01803200000000000 0.005539
56.7346940000000000 0.01329300000000000 0.005191
56.8367350000000000 0.00114500000000000 0.003445
56.9387760000000000 -0.0021640000000000 0.003237
57.0408160000000000 0.00010900000000000 0.003298
57.1428570000000000 0.00117800000000000 0.003544
57.2448980000000000 0.00221000000000000 0.003644
57.3469390000000000 0.00011300000000000 0.003404
57.4489800000000000 0.00117600000000000 0.003537
57.5510200000000000 0.00436400000000000 0.003990
57.6530610000000000 0.00748200000000000 0.004362
57.7551020000000000 0.00123800000000000 0.003723
57.8571430000000000 -0.0030680000000000 0.002811
57.9591840000000000 0.00227400000000000 0.003751
58.0612240000000000 -0.0009920000000000 0.003330
58.1632650000000000 -0.0021000000000000 0.003140
58.2653060000000000 0.00335100000000000 0.003901
58.3673470000000000 0.00126800000000000 0.003813
58.4693880000000000 0.00676400000000000 0.004450
58.5714290000000000 0.00560000000000000 0.004263
58.6734690000000000 0.01053000000000000 0.004690
58.7755100000000000 0.00923500000000000 0.004860
58.8775510000000000 0.00683900000000000 0.004499
58.9795920000000000 0.01462200000000000 0.005124
59.0816330000000000 0.00665300000000000 0.004377
59.1836730000000000 0.02475300000000000 0.006628
59.2857140000000000 0.03375100000000000 0.007101
59.3877550000000000 0.05223700000000000 0.008774
59.4897960000000000 0.05978000000000000 0.009396
59.5918370000000000 0.08421200000000000 0.010786
59.6938780000000000 0.06884200000000000 0.009939
59.7959180000000000 0.08988100000000000 0.011088
59.8979590000000000 0.07378200000000000 0.009980
60.0000000000000000 0.10686400000000000 0.012437
