55.0000000000000000 0.28322700000000000 0.021096
55.1020410000000000 0.28872500000000000 0.021083
55.2040820000000000 0.27562300000000000 0.020371
55.3061220000000000 0.26095200000000000 0.020181
55.4081630000000000 0.26596500000000000 0.020373
55.5102040000000000 0.25388300000000000 0.019623
55.6122450000000000 0.22675200000000000 0.017700
55.7142860000000000 0.21658600000000000 0.017815
55.8163270000000000 0.20125300000000000 0.017107
55.9183670000000000 0.20568200000000000 0.017007
56.0204080000000000 0.27032100000000000 0.020255
56.1224490000000000 0.27148700000000000 0.020721
56.2244900000000000 0.28124700000000000 0.021043
56.3265310000000000 0.27471800000000000 0.020876
56.4285710000000000 0.29625700000000000 0.021618
56.5306120000000000 0.27148700000000000 0.020721
56.6326530000000000 0.25311300000000000 0.019634
56.7346940000000000 0.28783500000000000 0.021700
56.8367350000000000 0.25617200000000000 0.019628
56.9387760000000000 0.30162500000000000 0.022768
57.0408160000000000 0.27597700000000000 0.020611
57.1428570000000000 0.24861700000000000 0.019522
57.2448980000000000 0.26674700000000000 0.020251
57.3469390000000000 0.27842600000000000 0.021033
57.4489800000000000 0.28108000000000000 0.021066
57.5510200000000000 0.26058200000000000 0.020073
57.6530610000000000 0.24968800000000000 0.019458
57.7551020000000000 0.24994800000000000 0.020046
57.8571430000000000 0.27353000000000000 0.020665
57.9591840000000000 0.27344800000000000 0.020847
58.0612240000000000 0.29260200000000000 0.022018
58.1632650000000000 0.26933600000000000 0.020892
58.2653060000000000 0.25264800000000000 0.019828
58.3673470000000000 0.27662100000000000 0.021596
58.4693880000000000 0.26379700000000000 0.020622
58.5714290000000000 0.26009600000000000 0.020345
58.6734690000000000 0.25021200000000000 0.019389
58.7755100000000000 0.24510400000000000 0.019964
58.8775510000000000 0.15472100000000000 0.015101
58.9795920000000000 0.08822800000000000 0.010741
59.0816330000000000 0.06659200000000000 0.009605
59.1836730000000000 0.09160700000000000 0.011688
59.2857140000000000 0.18782900000000000 0.016619
59.3877550000000000 0.24031600000000000 0.019671
59.4897960000000000 0.21237200000000000 0.018361
59.5918370000000000 0.28407900000000000 0.021465
59.6938780000000000 0.29191400000000000 0.022157
59.7959180000000000 0.26184600000000000 0.020296
59.8979590000000000 0.28304800000000000 0.021191
60.0000000000000000 0.29082800000000000 0.022186
