55.0000000000000000 0.25153500000000000 0.019577
55.1020410000000000 0.24866800000000000 0.019184
55.2040820000000000 0.27155700000000000 0.020179
55.3061220000000000 0.28778800000000000 0.021470
55.4081630000000000 0.27771000000000000 0.020937
55.5102040000000000 0.22347300000000000 0.018139
55.6122450000000000 0.27950700000000000 0.020181
55.7142860000000000 0.23445100000000000 0.018697
55.8163270000000000 0.20654600000000000 0.017374
55.9183670000000000 0.24842600000000000 0.019090
56.0204080000000000 0.23731800000000000 0.018672
56.1224490000000000 0.26179500000000000 0.020253
56.2244900000000000 0.27382000000000000 0.020689
56.3265310000000000 0.28117900000000000 0.021186
56.4285710000000000 0.25963100000000000 0.019880
56.5306120000000000 0.26179500000000000 0.020253
56.6326530000000000 0.27946800000000000 0.020897
56.7346940000000000 0.24171200000000000 0.019451
56.8367350000000000 0.26031800000000000 0.019827
56.9387760000000000 0.26393700000000000 0.020924
57.0408160000000000 0.29159200000000000 0.021348
57.1428570000000000 0.26994800000000000 0.020554
57.2448980000000000 0.26254800000000000 0.020049
57.3469390000000000 0.28702200000000000 0.021444
57.4489800000000000 0.29385200000000000 0.021673
57.5510200000000000 0.23400300000000000 0.018778
57.6530610000000000 0.28759800000000000 0.021272
57.7551020000000000 0.28579800000000000 0.021803
57.8571430000000000 0.25127500000000000 0.019593
57.9591840000000000 0.27993000000000000 0.021158
58.0612240000000000 0.27376800000000000 0.021108
58.1632650000000000 0.29038700000000000 0.021912
58.2653060000000000 0.27639000000000000 0.020978
58.3673470000000000 0.26285400000000000 0.020916
58.4693880000000000 0.28263100000000000 0.021538
58.5714290000000000 0.27106500000000000 0.020880
58.6734690000000000 0.28043300000000000 0.020832
58.7755100000000000 0.20066500000000000 0.017694
58.8775510000000000 0.15360100000000000 0.015039
58.9795920000000000 0.07786100000000000 0.010087
59.0816330000000000 0.07966900000000000 0.010479
59.1836730000000000 0.12092900000000000 0.013501
59.2857140000000000 0.16721300000000000 0.015535
59.3877550000000000 0.23805000000000000 0.019557
59.4897960000000000 0.25482200000000000 0.020516
59.5918370000000000 0.25131400000000000 0.019874
59.6938780000000000 0.27163500000000000 0.021169
59.7959180000000000 0.26617300000000000 0.020506
59.8979590000000000 0.26916800000000000 0.020527
60.0000000000000000 0.25903200000000000 0.020626
