55.0000000000000000 0.29590400000000000 0.021696
55.1020410000000000 0.33083700000000000 0.023032
55.2040820000000000 0.30612300000000000 0.021791
55.3061220000000000 0.27276000000000000 0.020751
55.4081630000000000 0.28731900000000000 0.021395
55.5102040000000000 0.25912700000000000 0.019875
55.6122450000000000 0.22284400000000000 0.017512
55.7142860000000000 0.21868800000000000 0.017919
55.8163270000000000 0.18643200000000000 0.016350
55.9183670000000000 0.15276200000000000 0.014296
56.0204080000000000 0.14037100000000000 0.013722
56.1224490000000000 0.15841500000000000 0.015006
56.2244900000000000 0.09134800000000000 0.011067
56.3265310000000000 0.05288000000000000 0.008571
56.4285710000000000 0.02941100000000000 0.006575
56.5306120000000000 0.00765100000000000 0.004460
56.6326530000000000 -0.0051600000000000 0.002369
56.7346940000000000 -0.0064740000000000 0.002214
56.8367350000000000 -0.0050750000000000 0.002330
56.9387760000000000 -0.0055910000000000 0.002567
57.0408160000000000 0.00427300000000000 0.003907
57.1428570000000000 0.00544500000000000 0.004145
57.2448980000000000 0.00011000000000000 0.003326
57.3469390000000000 0.00333600000000000 0.003884
57.4489800000000000 0.00543300000000000 0.004136
57.5510200000000000 -0.0041410000000000 0.002613
57.6530610000000000 0.00537600000000000 0.004093
57.7551020000000000 0.00683900000000000 0.004499
57.8571430000000000 0.00647000000000000 0.004256
57.9591840000000000 0.01956000000000000 0.005786
58.0612240000000000 0.02670600000000000 0.006569
58.1632650000000000 0.04443200000000000 0.008065
58.2653060000000000 0.04867800000000000 0.008268
58.3673470000000000 0.05978000000000000 0.009396
58.4693880000000000 0.07877700000000000 0.010514
58.5714290000000000 0.08019300000000000 0.010551
58.6734690000000000 0.10431900000000000 0.011746
58.7755100000000000 0.08444000000000000 0.011048
58.8775510000000000 0.07069700000000000 0.010035
58.9795920000000000 0.04157600000000000 0.007538
59.0816330000000000 0.03825700000000000 0.007495
59.1836730000000000 0.07753300000000000 0.010760
59.2857140000000000 0.10211000000000000 0.011861
59.3877550000000000 0.13721300000000000 0.014205
59.4897960000000000 0.16877400000000000 0.016053
59.5918370000000000 0.16940100000000000 0.015701
59.6938780000000000 0.16122600000000000 0.015500
59.7959180000000000 0.20668800000000000 0.017560
59.8979590000000000 0.18802400000000000 0.016499
60.0000000000000000 0.17045600000000000 0.016063
