55.0000000000000000 0.24731000000000000 0.019372
55.1020410000000000 0.28975200000000000 0.021131
55.2040820000000000 0.27359000000000000 0.020275
55.3061220000000000 0.24163100000000000 0.019239
55.4081630000000000 0.29479300000000000 0.021749
55.5102040000000000 0.22242400000000000 0.018087
55.6122450000000000 0.25508300000000000 0.019044
55.7142860000000000 0.20187400000000000 0.017078
55.8163270000000000 0.21501500000000000 0.017799
55.9183670000000000 0.23417800000000000 0.018404
56.0204080000000000 0.25794500000000000 0.019666
56.1224490000000000 0.25102700000000000 0.019729
56.2244900000000000 0.25790700000000000 0.019924
56.3265310000000000 0.28441000000000000 0.021341
56.4285710000000000 0.26277000000000000 0.020031
56.5306120000000000 0.29087100000000000 0.021649
56.6326530000000000 0.26470900000000000 0.020192
56.7346940000000000 0.26587200000000000 0.020638
56.8367350000000000 0.26135500000000000 0.019876
56.9387760000000000 0.26279500000000000 0.020868
57.0408160000000000 0.26244300000000000 0.019967
57.1428570000000000 0.26461500000000000 0.020298
57.2448980000000000 0.26779700000000000 0.020301
57.3469390000000000 0.23114500000000000 0.018731
57.4489800000000000 0.25873100000000000 0.019994
57.5510200000000000 0.30310700000000000 0.022099
57.6530610000000000 0.28759800000000000 0.021272
57.7551020000000000 0.24210500000000000 0.019655
57.8571430000000000 0.23855800000000000 0.018973
57.9591840000000000 0.25400100000000000 0.019904
58.0612240000000000 0.28817100000000000 0.021805
58.1632650000000000 0.28817100000000000 0.021805
58.2653060000000000 0.29473700000000000 0.021854
58.3673470000000000 0.30300900000000000 0.022884
58.4693880000000000 0.25604200000000000 0.020241
58.5714290000000000 0.26229000000000000 0.020453
58.6734690000000000 0.23770700000000000 0.018782
58.7755100000000000 0.24852200000000000 0.020135
58.8775510000000000 0.15024000000000000 0.014853
58.9795920000000000 0.09237400000000000 0.010996
59.0816330000000000 0.06114300000000000 0.009225
59.1836730000000000 0.11858300000000000 0.013361
59.2857140000000000 0.17806400000000000 0.016109
59.3877550000000000 0.22672000000000000 0.018984
59.4897960000000000 0.23072900000000000 0.019303
59.5918370000000000 0.26114400000000000 0.020355
59.6938780000000000 0.27050800000000000 0.021114
59.7959180000000000 0.27807000000000000 0.021079
59.8979590000000000 0.27343900000000000 0.020732
60.0000000000000000 0.24994700000000000 0.020174
