55.0000000000000000 0.30963700000000000 0.022341
55.1020410000000000 0.32056600000000000 0.022561
55.2040820000000000 0.30510700000000000 0.021745
55.3061220000000000 0.33501800000000000 0.023692
55.4081630000000000 0.33643200000000000 0.023700
55.5102040000000000 0.31260800000000000 0.022404
55.6122450000000000 0.32151500000000000 0.022099
55.7142860000000000 0.24706100000000000 0.019312
55.8163270000000000 0.27218200000000000 0.020590
55.9183670000000000 0.27895700000000000 0.020537
56.0204080000000000 0.30023000000000000 0.021660
56.1224490000000000 0.30594800000000000 0.022364
56.2244900000000000 0.30352500000000000 0.022097
56.3265310000000000 0.29410200000000000 0.021803
56.4285710000000000 0.26800200000000000 0.020281
56.5306120000000000 0.25748800000000000 0.020044
56.6326530000000000 0.24468000000000000 0.019225
56.7346940000000000 0.25708700000000000 0.020209
56.8367350000000000 0.21677700000000000 0.017710
56.9387760000000000 0.19541300000000000 0.017438
57.0408160000000000 0.17187600000000000 0.015466
57.1428570000000000 0.13982900000000000 0.013924
57.2448980000000000 0.13972700000000000 0.013808
57.3469390000000000 0.09037600000000000 0.011081
57.4489800000000000 0.07248200000000000 0.009877
57.5510200000000000 0.03732200000000000 0.007309
57.6530610000000000 0.02433100000000000 0.006144
57.7551020000000000 0.01244100000000000 0.005171
57.8571430000000000 0.00329000000000000 0.003831
57.9591840000000000 -0.0042080000000000 0.002655
58.0612240000000000 -0.0043150000000000 0.002723
58.1632650000000000 0.00233200000000000 0.003846
58.2653060000000000 0.00227200000000000 0.003747
58.3673470000000000 0.00471000000000000 0.004306
58.4693880000000000 -0.0021000000000000 0.003140
58.5714290000000000 -0.0009820000000000 0.003297
58.6734690000000000 -0.0030170000000000 0.002764
58.7755100000000000 0.00012000000000000 0.003610
58.8775510000000000 0.00459900000000000 0.004205
58.9795920000000000 -0.0030010000000000 0.002750
59.0816330000000000 0.00556300000000000 0.004236
59.1836730000000000 -0.0033960000000000 0.003111
59.2857140000000000 0.00119900000000000 0.003606
59.3877550000000000 -0.0010140000000000 0.003405
59.4897960000000000 0.00012000000000000 0.003635
59.5918370000000000 0.00666800000000000 0.004386
59.6938780000000000 -0.0055150000000000 0.002532
59.7959180000000000 0.00227700000000000 0.003755
59.8979590000000000 0.00438300000000000 0.004007
60.0000000000000000 0.00920400000000000 0.004843
