55.0000000000000000 0.27583300000000000 0.020744
55.1020410000000000 0.25483100000000000 0.019479
55.2040820000000000 0.26545700000000000 0.019891
55.3061220000000000 0.28671400000000000 0.021419
55.4081630000000000 0.27877800000000000 0.020988
55.5102040000000000 0.26437000000000000 0.020127
55.6122450000000000 0.23652100000000000 0.018167
55.7142860000000000 0.23129800000000000 0.018542
55.8163270000000000 0.22136700000000000 0.018116
55.9183670000000000 0.23621300000000000 0.018503
56.0204080000000000 0.26929000000000000 0.020206
56.1224490000000000 0.23056600000000000 0.018722
56.2244900000000000 0.27594200000000000 0.020790
56.3265310000000000 0.27471800000000000 0.020876
56.4285710000000000 0.26277000000000000 0.020031
56.5306120000000000 0.24456500000000000 0.019413
56.6326530000000000 0.26470900000000000 0.020192
56.7346940000000000 0.24940000000000000 0.019831
56.8367350000000000 0.27379500000000000 0.020468
56.9387760000000000 0.28906200000000000 0.022158
57.0408160000000000 0.25099200000000000 0.019417
57.1428570000000000 0.24221800000000000 0.019210
57.2448980000000000 0.26569700000000000 0.020200
57.3469390000000000 0.30206600000000000 0.022158
57.4489800000000000 0.26405200000000000 0.020251
57.5510200000000000 0.25101300000000000 0.019610
57.6530610000000000 0.26759000000000000 0.020321
57.7551020000000000 0.26115100000000000 0.020599
57.8571430000000000 0.28412800000000000 0.021170
57.9591840000000000 0.27344800000000000 0.020847
58.0612240000000000 0.25271800000000000 0.020077
58.1632650000000000 0.25936500000000000 0.020404
58.2653060000000000 0.29689500000000000 0.021957
58.3673470000000000 0.26170600000000000 0.020859
58.4693880000000000 0.27930800000000000 0.021377
58.5714290000000000 0.27106500000000000 0.020880
58.6734690000000000 0.27939000000000000 0.020783
58.7755100000000000 0.21319900000000000 0.018344
58.8775510000000000 0.16144300000000000 0.015468
58.9795920000000000 0.07993400000000000 0.010220
59.0816330000000000 0.09383600000000000 0.011380
59.1836730000000000 0.10450900000000000 0.012503
59.2857140000000000 0.19542500000000000 0.017011
59.3877550000000000 0.22558700000000000 0.018927
59.4897960000000000 0.24449700000000000 0.019999
59.5918370000000000 0.23493200000000000 0.019065
59.6938780000000000 0.30205400000000000 0.022646
59.7959180000000000 0.24886800000000000 0.019663
59.8979590000000000 0.29586100000000000 0.021800
60.0000000000000000 0.25676000000000000 0.020513
