55.0000000000000000 0.27900200000000000 0.020895
55.1020410000000000 0.27845400000000000 0.020600
55.2040820000000000 0.29595700000000000 0.021321
55.3061220000000000 0.28027400000000000 0.021111
55.4081630000000000 0.22859600000000000 0.018548
55.5102040000000000 0.26332100000000000 0.020077
55.6122450000000000 0.24238300000000000 0.018445
55.7142860000000000 0.22604400000000000 0.018284
55.8163270000000000 0.21607400000000000 0.017852
55.9183670000000000 0.20975300000000000 0.017209
56.0204080000000000 0.27754000000000000 0.020596
56.1224490000000000 0.25318000000000000 0.019834
56.2244900000000000 0.26639400000000000 0.020333
56.3265310000000000 0.28871700000000000 0.021546
56.4285710000000000 0.26277000000000000 0.020031
56.5306120000000000 0.26287200000000000 0.020305
56.6326530000000000 0.32585200000000000 0.023074
56.7346940000000000 0.25379200000000000 0.020047
56.8367350000000000 0.24995200000000000 0.019329
56.9387760000000000 0.25708500000000000 0.020584
57.0408160000000000 0.26452500000000000 0.020066
57.1428570000000000 0.27741400000000000 0.020912
57.2448980000000000 0.25520000000000000 0.019696
57.3469390000000000 0.27197800000000000 0.020724
57.4489800000000000 0.26298800000000000 0.020199
57.5510200000000000 0.29672900000000000 0.021798
57.6530610000000000 0.28759800000000000 0.021272
57.7551020000000000 0.28355700000000000 0.021694
57.8571430000000000 0.29896500000000000 0.021872
57.9591840000000000 0.30153700000000000 0.022188
58.0612240000000000 0.25715000000000000 0.020296
58.1632650000000000 0.24828600000000000 0.019858
58.2653060000000000 0.25912300000000000 0.020143
58.3673470000000000 0.29727300000000000 0.022605
58.4693880000000000 0.27598400000000000 0.021216
58.5714290000000000 0.26558000000000000 0.020613
58.6734690000000000 0.25646400000000000 0.019690
58.7755100000000000 0.22117500000000000 0.018753
58.8775510000000000 0.13231500000000000 0.013845
58.9795920000000000 0.07060400000000000 0.009613
59.0816330000000000 0.07966900000000000 0.010479
59.1836730000000000 0.14321400000000000 0.014800
59.2857140000000000 0.18131900000000000 0.016279
59.3877550000000000 0.23011900000000000 0.019157
59.4897960000000000 0.23876000000000000 0.019710
59.5918370000000000 0.26769700000000000 0.020674
59.6938780000000000 0.26938200000000000 0.021059
59.7959180000000000 0.27698800000000000 0.021027
59.8979590000000000 0.25208500000000000 0.019701
60.0000000000000000 0.27152300000000000 0.021242
