55.0000000000000000 0.27688900000000000 0.020795
55.1020410000000000 0.28359000000000000 0.020842
55.2040820000000000 0.24105700000000000 0.018727
55.3061220000000000 0.24270400000000000 0.019292
55.4081630000000000 0.19656600000000000 0.016938
55.5102040000000000 0.15950500000000000 0.014869
55.6122450000000000 0.13785100000000000 0.013222
55.7142860000000000 0.11675500000000000 0.012524
55.8163270000000000 0.10279900000000000 0.011751
55.9183670000000000 0.05099200000000000 0.008164
56.0204080000000000 0.04239300000000000 0.007579
56.1224490000000000 0.00765100000000000 0.004460
56.2244900000000000 0.00117200000000000 0.003525
56.3265310000000000 0.00442100000000000 0.004041
56.4285710000000000 -0.0019830000000000 0.002966
56.5306120000000000 0.00119000000000000 0.003579
56.6326530000000000 -0.0019980000000000 0.002988
56.7346940000000000 0.00341000000000000 0.003970
56.8367350000000000 0.00010900000000000 0.003284
56.9387760000000000 -0.0021640000000000 0.003237
57.0408160000000000 0.00010900000000000 0.003298
57.1428570000000000 0.00011200000000000 0.003379
57.2448980000000000 -0.0019890000000000 0.002975
57.3469390000000000 -0.0031110000000000 0.002850
57.4489800000000000 0.00436900000000000 0.003994
57.5510200000000000 0.00011200000000000 0.003368
57.6530610000000000 0.00011000000000000 0.003336
57.7551020000000000 0.01468200000000000 0.005419
57.8571430000000000 0.00435000000000000 0.003977
57.9591840000000000 0.00983700000000000 0.004737
58.0612240000000000 0.03003000000000000 0.006868
58.1632650000000000 0.02670600000000000 0.006569
58.2653060000000000 0.04436100000000000 0.007937
58.3673470000000000 0.03912900000000000 0.007803
58.4693880000000000 0.05551100000000000 0.008904
58.5714290000000000 0.06703000000000000 0.009670
58.6734690000000000 0.05950900000000000 0.008885
58.7755100000000000 0.07304500000000000 0.010289
58.8775510000000000 0.03932900000000000 0.007708
58.9795920000000000 0.03743000000000000 0.007209
59.0816330000000000 0.03171800000000000 0.006946
59.1836730000000000 0.05524800000000000 0.009178
59.2857140000000000 0.07498300000000000 0.010148
59.3877550000000000 0.09302500000000000 0.011565
59.4897960000000000 0.12402900000000000 0.013531
59.5918370000000000 0.09950200000000000 0.011742
59.6938780000000000 0.11052700000000000 0.012607
59.7959180000000000 0.14612200000000000 0.014369
59.8979590000000000 0.11435400000000000 0.012486
60.0000000000000000 0.14320200000000000 0.014560
