55.0000000000000000 0.18709500000000000 0.016367
55.1020410000000000 0.14903900000000000 0.014162
55.2040820000000000 0.13125700000000000 0.013126
55.3061220000000000 0.11711500000000000 0.012681
55.4081630000000000 0.07805300000000000 0.010260
55.5102040000000000 0.05044500000000000 0.008264
55.6122450000000000 0.02354900000000000 0.005786
55.7142860000000000 0.01377100000000000 0.005082
55.8163270000000000 0.00858000000000000 0.004515
55.9183670000000000 0.00010700000000000 0.003224
56.0204080000000000 -0.0050490000000000 0.002318
56.1224490000000000 -0.0031180000000000 0.002856
56.2244900000000000 -0.0041320000000000 0.002607
56.3265310000000000 0.00334400000000000 0.003893
56.4285710000000000 0.00115600000000000 0.003477
56.5306120000000000 0.00980500000000000 0.004721
56.6326530000000000 0.00327300000000000 0.003811
56.7346940000000000 0.00560600000000000 0.004268
56.8367350000000000 0.00425600000000000 0.003890
56.9387760000000000 -0.0021640000000000 0.003237
57.0408160000000000 0.00219100000000000 0.003614
57.1428570000000000 -0.0041540000000000 0.002621
57.2448980000000000 -0.0030390000000000 0.002784
57.3469390000000000 0.00548600000000000 0.004176
57.4489800000000000 -0.0030810000000000 0.002823
57.5510200000000000 0.00117500000000000 0.003533
57.6530610000000000 0.00537600000000000 0.004093
57.7551020000000000 0.00235800000000000 0.003890
57.8571430000000000 0.00329000000000000 0.003831
57.9591840000000000 0.00443500000000000 0.004055
58.0612240000000000 0.01119500000000000 0.004987
58.1632650000000000 0.01562700000000000 0.005478
58.2653060000000000 0.03033100000000000 0.006783
58.3673470000000000 0.02077200000000000 0.006147
58.4693880000000000 0.03556900000000000 0.007346
58.5714290000000000 0.02973300000000000 0.006800
58.6734690000000000 0.04700400000000000 0.007978
58.7755100000000000 0.04000100000000000 0.007842
58.8775510000000000 0.04268900000000000 0.007980
58.9795920000000000 0.01773300000000000 0.005447
59.0816330000000000 0.02191000000000000 0.006050
59.1836730000000000 0.03530900000000000 0.007583
59.2857140000000000 0.05219700000000000 0.008557
59.3877550000000000 0.06130100000000000 0.009439
59.4897960000000000 0.07125300000000000 0.010205
59.5918370000000000 0.08312000000000000 0.010715
59.6938780000000000 0.08123500000000000 0.010772
59.7959180000000000 0.09312600000000000 0.011291
59.8979590000000000 0.10688000000000000 0.012047
60.0000000000000000 0.10913500000000000 0.012575
