55.0000000000000000 0.33076600000000000 0.023324
55.1020410000000000 0.32570100000000000 0.022797
55.2040820000000000 0.30002300000000000 0.021509
55.3061220000000000 0.31032900000000000 0.022537
55.4081630000000000 0.31401100000000000 0.022655
55.5102040000000000 0.30526700000000000 0.022061
55.6122450000000000 0.31760700000000000 0.021922
55.7142860000000000 0.26387500000000000 0.020123
55.8163270000000000 0.23513000000000000 0.018796
55.9183670000000000 0.24130200000000000 0.018748
56.0204080000000000 0.27032100000000000 0.020255
56.1224490000000000 0.31887000000000000 0.022972
56.2244900000000000 0.25578500000000000 0.019822
56.3265310000000000 0.25318000000000000 0.019834
56.4285710000000000 0.26695600000000000 0.020231
56.5306120000000000 0.23595000000000000 0.018988
56.6326530000000000 0.21938000000000000 0.017981
56.7346940000000000 0.18790200000000000 0.016720
56.8367350000000000 0.17012600000000000 0.015343
56.9387760000000000 0.13945200000000000 0.014389
57.0408160000000000 0.12086600000000000 0.012699
57.1428570000000000 0.07690300000000000 0.010179
57.2448980000000000 0.02635400000000000 0.006316
57.3469390000000000 0.00441100000000000 0.004033
57.4489800000000000 0.00117600000000000 0.003537
57.5510200000000000 0.00117500000000000 0.003533
57.6530610000000000 0.00327000000000000 0.003807
57.7551020000000000 0.00011800000000000 0.003549
57.8571430000000000 -0.0041280000000000 0.002605
57.9591840000000000 0.00551500000000000 0.004199
58.0612240000000000 0.00454800000000000 0.004158
58.1632650000000000 -0.0009920000000000 0.003330
58.2653060000000000 0.00011300000000000 0.003419
58.3673470000000000 0.00471000000000000 0.004306
58.4693880000000000 0.00011600000000000 0.003510
58.5714290000000000 -0.0042730000000000 0.002696
58.6734690000000000 0.00636200000000000 0.004185
58.7755100000000000 0.00581700000000000 0.004429
58.8775510000000000 0.01468200000000000 0.005419
58.9795920000000000 0.00321900000000000 0.003747
59.0816330000000000 0.00665300000000000 0.004377
59.1836730000000000 0.01537000000000000 0.005675
59.2857140000000000 0.04243100000000000 0.007811
59.3877550000000000 0.04770500000000000 0.008428
59.4897960000000000 0.08043200000000000 0.010825
59.5918370000000000 0.09404100000000000 0.011406
59.6938780000000000 0.09926100000000000 0.011920
59.7959180000000000 0.11043100000000000 0.012338
59.8979590000000000 0.10047400000000000 0.011663
60.0000000000000000 0.12503300000000000 0.013519
