55.0000000000000000 0.25470400000000000 0.019730
55.1020410000000000 0.25791200000000000 0.019626
55.2040820000000000 0.27460700000000000 0.020323
55.3061220000000000 0.30388900000000000 0.022233
55.4081630000000000 0.28304800000000000 0.021191
55.5102040000000000 0.26751600000000000 0.020277
55.6122450000000000 0.26583000000000000 0.019546
55.7142860000000000 0.22499300000000000 0.018232
55.8163270000000000 0.21925000000000000 0.018010
55.9183670000000000 0.21484200000000000 0.017460
56.0204080000000000 0.25691300000000000 0.019616
56.1224490000000000 0.27579500000000000 0.020928
56.2244900000000000 0.25472400000000000 0.019770
56.3265310000000000 0.22302800000000000 0.018346
56.4285710000000000 0.27009500000000000 0.020381
56.5306120000000000 0.25641100000000000 0.019991
56.6326530000000000 0.27525100000000000 0.020697
56.7346940000000000 0.23512300000000000 0.019124
56.8367350000000000 0.27690600000000000 0.020615
56.9387760000000000 0.26622100000000000 0.021037
57.0408160000000000 0.26556600000000000 0.020116
57.1428570000000000 0.28594600000000000 0.021319
57.2448980000000000 0.27514500000000000 0.020651
57.3469390000000000 0.26338200000000000 0.020309
57.4489800000000000 0.25340900000000000 0.019736
57.5510200000000000 0.26270800000000000 0.020176
57.6530610000000000 0.30655300000000000 0.022164
57.7551020000000000 0.26899300000000000 0.020984
57.8571430000000000 0.29154600000000000 0.021522
57.9591840000000000 0.25940300000000000 0.020167
58.0612240000000000 0.26158100000000000 0.020513
58.1632650000000000 0.29038700000000000 0.021912
58.2653060000000000 0.28070700000000000 0.021185
58.3673470000000000 0.26629500000000000 0.021086
58.4693880000000000 0.29703400000000000 0.022231
58.5714290000000000 0.29300500000000000 0.021937
58.6734690000000000 0.28564300000000000 0.021078
58.7755100000000000 0.19154900000000000 0.017216
58.8775510000000000 0.14687900000000000 0.014667
58.9795920000000000 0.08615400000000000 0.010612
59.0816330000000000 0.08620800000000000 0.010901
59.1836730000000000 0.13852200000000000 0.014531
59.2857140000000000 0.18457400000000000 0.016449
59.3877550000000000 0.27090800000000000 0.021190
59.4897960000000000 0.24679100000000000 0.020114
59.5918370000000000 0.26114400000000000 0.020355
59.6938780000000000 0.25360900000000000 0.020281
59.7959180000000000 0.28996600000000000 0.021649
59.8979590000000000 0.25422100000000000 0.019805
60.0000000000000000 0.25448900000000000 0.020400
