55.0000000000000000 0.26104300000000000 0.020036
55.1020410000000000 0.27640000000000000 0.020503
55.2040820000000000 0.24105700000000000 0.018727
55.3061220000000000 0.27168600000000000 0.020699
55.4081630000000000 0.24140900000000000 0.019180
55.5102040000000000 0.23920200000000000 0.018911
55.6122450000000000 0.21405200000000000 0.017088
55.7142860000000000 0.20923000000000000 0.017448
55.8163270000000000 0.18537300000000000 0.016295
55.9183670000000000 0.21382400000000000 0.017410
56.0204080000000000 0.26103900000000000 0.019813
56.1224490000000000 0.24564200000000000 0.019465
56.2244900000000000 0.29185500000000000 0.021547
56.3265310000000000 0.28764100000000000 0.021495
56.4285710000000000 0.26486300000000000 0.020131
56.5306120000000000 0.27471800000000000 0.020876
56.6326530000000000 0.27841400000000000 0.020847
56.7346940000000000 0.25708700000000000 0.020209
56.8367350000000000 0.26031800000000000 0.019827
56.9387760000000000 0.27078900000000000 0.021263
57.0408160000000000 0.26036100000000000 0.019867
57.1428570000000000 0.26781500000000000 0.020452
57.2448980000000000 0.27934400000000000 0.020851
57.3469390000000000 0.28057500000000000 0.021136
57.4489800000000000 0.26405200000000000 0.020251
57.5510200000000000 0.26696100000000000 0.020380
57.6530610000000000 0.23389100000000000 0.018688
57.7551020000000000 0.27123400000000000 0.021094
57.8571430000000000 0.24385700000000000 0.019232
57.9591840000000000 0.32530500000000000 0.023308
58.0612240000000000 0.25050200000000000 0.019968
58.1632650000000000 0.27266000000000000 0.021054
58.2653060000000000 0.28502400000000000 0.021391
58.3673470000000000 0.30071500000000000 0.022773
58.4693880000000000 0.27266000000000000 0.021054
58.5714290000000000 0.27764700000000000 0.021198
58.6734690000000000 0.23666500000000000 0.018731
58.7755100000000000 0.18471200000000000 0.016854
58.8775510000000000 0.12111100000000000 0.013197
58.9795920000000000 0.09030100000000000 0.010869
59.0816330000000000 0.06332200000000000 0.009378
59.1836730000000000 0.13148500000000000 0.014123
59.2857140000000000 0.18348900000000000 0.016393
59.3877550000000000 0.24258200000000000 0.019784
59.4897960000000000 0.28809400000000000 0.022158
59.5918370000000000 0.27534200000000000 0.021044
59.6938780000000000 0.26825500000000000 0.021003
59.7959180000000000 0.28564000000000000 0.021442
59.8979590000000000 0.24140900000000000 0.019180
60.0000000000000000 0.24426900000000000 0.019890
