55.0000000000000000 0.27794500000000000 0.020845
55.1020410000000000 0.27948100000000000 0.020649
55.2040820000000000 0.27054000000000000 0.020131
55.3061220000000000 0.28349400000000000 0.021265
55.4081630000000000 0.28838700000000000 0.021446
55.5102040000000000 0.29792700000000000 0.021718
55.6122450000000000 0.26094500000000000 0.019318
55.7142860000000000 0.20607800000000000 0.017289
55.8163270000000000 0.21183900000000000 0.017640
55.9183670000000000 0.21891300000000000 0.017660
56.0204080000000000 0.24041200000000000 0.018822
56.1224490000000000 0.29087100000000000 0.021649
56.2244900000000000 0.27382000000000000 0.020689
56.3265310000000000 0.26718000000000000 0.020513
56.4285710000000000 0.28369900000000000 0.021027
56.5306120000000000 0.26610300000000000 0.020461
56.6326530000000000 0.26154700000000000 0.020041
56.7346940000000000 0.28783500000000000 0.021700
56.8367350000000000 0.23647500000000000 0.018677
56.9387760000000000 0.29819900000000000 0.022602
57.0408160000000000 0.27493600000000000 0.020562
57.1428570000000000 0.26354900000000000 0.020246
57.2448980000000000 0.29089100000000000 0.021397
57.3469390000000000 0.26768000000000000 0.020517
57.4489800000000000 0.27788700000000000 0.020914
57.5510200000000000 0.26377100000000000 0.020227
57.6530610000000000 0.26232400000000000 0.020068
57.7551020000000000 0.29364000000000000 0.022182
57.8571430000000000 0.27459000000000000 0.020716
57.9591840000000000 0.27884900000000000 0.021106
58.0612240000000000 0.26379700000000000 0.020622
58.1632650000000000 0.27044400000000000 0.020946
58.2653060000000000 0.25048900000000000 0.019723
58.3673470000000000 0.26285400000000000 0.020916
58.4693880000000000 0.27820000000000000 0.021323
58.5714290000000000 0.26996800000000000 0.020826
58.6734690000000000 0.27209600000000000 0.020437
58.7755100000000000 0.22801200000000000 0.019102
58.8775510000000000 0.14015700000000000 0.014290
58.9795920000000000 0.09133800000000000 0.010933
59.0816330000000000 0.06550200000000000 0.009530
59.1836730000000000 0.11389200000000000 0.013078
59.2857140000000000 0.18782900000000000 0.016619
59.3877550000000000 0.21539000000000000 0.018406
59.4897960000000000 0.23187600000000000 0.019361
59.5918370000000000 0.24803800000000000 0.019713
59.6938780000000000 0.28515400000000000 0.021829
59.7959180000000000 0.29321100000000000 0.021804
59.8979590000000000 0.24034100000000000 0.019127
60.0000000000000000 0.29082800000000000 0.022186
