55.0000000000000000 0.23357600000000000 0.018701
55.1020410000000000 0.28461700000000000 0.020890
55.2040820000000000 0.28274000000000000 0.020704
55.3061220000000000 0.23304400000000000 0.018816
55.4081630000000000 0.27237100000000000 0.020681
55.5102040000000000 0.25807800000000000 0.019825
55.6122450000000000 0.24042900000000000 0.018352
55.7142860000000000 0.22604400000000000 0.018284
55.8163270000000000 0.24677500000000000 0.019365
55.9183670000000000 0.23010700000000000 0.018207
56.0204080000000000 0.27650900000000000 0.020548
56.1224490000000000 0.24995000000000000 0.019676
56.2244900000000000 0.29079500000000000 0.021497
56.3265310000000000 0.24133500000000000 0.019254
56.4285710000000000 0.27742100000000000 0.020729
56.5306120000000000 0.24671900000000000 0.019518
56.6326530000000000 0.28684700000000000 0.021247
56.7346940000000000 0.25269400000000000 0.019993
56.8367350000000000 0.26861200000000000 0.020222
56.9387760000000000 0.24109600000000000 0.019784
57.0408160000000000 0.26764800000000000 0.020215
57.1428570000000000 0.24221800000000000 0.019210
57.2448980000000000 0.25310000000000000 0.019595
57.3469390000000000 0.26230700000000000 0.020257
57.4489800000000000 0.25447300000000000 0.019788
57.5510200000000000 0.28397100000000000 0.021194
57.6530610000000000 0.28970400000000000 0.021372
57.7551020000000000 0.22418000000000000 0.018754
57.8571430000000000 0.25445400000000000 0.019747
57.9591840000000000 0.29181400000000000 0.021726
58.0612240000000000 0.27930800000000000 0.021377
58.1632650000000000 0.32805500000000000 0.023707
58.2653060000000000 0.25912300000000000 0.020143
58.3673470000000000 0.27317900000000000 0.021427
58.4693880000000000 0.30589700000000000 0.022655
58.5714290000000000 0.25899900000000000 0.020292
58.6734690000000000 0.23353800000000000 0.018579
58.7755100000000000 0.24054600000000000 0.019735
58.8775510000000000 0.12335200000000000 0.013328
58.9795920000000000 0.09652100000000000 0.011248
59.0816330000000000 0.08293800000000000 0.010691
59.1836730000000000 0.12444800000000000 0.013710
59.2857140000000000 0.18674400000000000 0.016562
59.3877550000000000 0.25731200000000000 0.020519
59.4897960000000000 0.27891600000000000 0.021709
59.5918370000000000 0.27425000000000000 0.020991
59.6938780000000000 0.29529400000000000 0.022320
59.7959180000000000 0.25427600000000000 0.019928
59.8979590000000000 0.29159000000000000 0.021598
60.0000000000000000 0.27833600000000000 0.021576
