55.0000000000000000 0.31175000000000000 0.022439
55.1020410000000000 0.31440300000000000 0.022276
55.2040820000000000 0.30409000000000000 0.021698
55.3061220000000000 0.28778800000000000 0.021470
55.4081630000000000 0.27023600000000000 0.020578
55.5102040000000000 0.27800200000000000 0.020777
55.6122450000000000 0.26094500000000000 0.019318
55.7142860000000000 0.20397600000000000 0.017184
55.8163270000000000 0.20337000000000000 0.017214
55.9183670000000000 0.18939900000000000 0.016191
56.0204080000000000 0.18987600000000000 0.016320
56.1224490000000000 0.16595300000000000 0.015410
56.2244900000000000 0.13802700000000000 0.013787
56.3265310000000000 0.13149300000000000 0.013525
56.4285710000000000 0.09429100000000000 0.011168
56.5306120000000000 0.05718800000000000 0.008883
56.6326530000000000 0.02962800000000000 0.006624
56.7346940000000000 0.01329300000000000 0.005191
56.8367350000000000 0.00529200000000000 0.004029
56.9387760000000000 0.00583000000000000 0.004439
57.0408160000000000 0.00010900000000000 0.003298
57.1428570000000000 0.00011200000000000 0.003379
57.2448980000000000 -0.0009400000000000 0.003155
57.3469390000000000 -0.0074090000000000 0.001886
57.4489800000000000 -0.0020170000000000 0.003016
57.5510200000000000 -0.0030780000000000 0.002820
57.6530610000000000 -0.0062080000000000 0.002123
57.7551020000000000 -0.0010030000000000 0.003367
57.8571430000000000 0.00329000000000000 0.003831
57.9591840000000000 0.00011300000000000 0.003423
58.0612240000000000 0.00011600000000000 0.003510
58.1632650000000000 0.00233200000000000 0.003846
58.2653060000000000 -0.0052830000000000 0.002425
58.3673470000000000 0.00241500000000000 0.003983
58.4693880000000000 0.00787200000000000 0.004589
58.5714290000000000 0.00450300000000000 0.004117
58.6734690000000000 0.00636200000000000 0.004185
58.7755100000000000 0.00923500000000000 0.004860
58.8775510000000000 0.01692200000000000 0.005658
58.9795920000000000 0.00218200000000000 0.003599
59.0816330000000000 0.00665300000000000 0.004377
59.1836730000000000 0.02240800000000000 0.006401
59.2857140000000000 0.03049600000000000 0.006821
59.3877550000000000 0.06016800000000000 0.009358
59.4897960000000000 0.04945500000000000 0.008625
59.5918370000000000 0.07329000000000000 0.010071
59.6938780000000000 0.07560200000000000 0.010398
59.7959180000000000 0.06825100000000000 0.009678
59.8979590000000000 0.08232400000000000 0.010536
60.0000000000000000 0.07733900000000000 0.010559
