55.0000000000000000 0.29484800000000000 0.021646
55.1020410000000000 0.27229200000000000 0.020309
55.2040820000000000 0.28680700000000000 0.020894
55.3061220000000000 0.28456700000000000 0.021317
55.4081630000000000 0.28198100000000000 0.021141
55.5102040000000000 0.27905100000000000 0.020827
55.6122450000000000 0.23163700000000000 0.017934
55.7142860000000000 0.23550200000000000 0.018748
55.8163270000000000 0.20337000000000000 0.017214
55.9183670000000000 0.23824900000000000 0.018601
56.0204080000000000 0.25794500000000000 0.019666
56.1224490000000000 0.26071800000000000 0.020201
56.2244900000000000 0.27912500000000000 0.020942
56.3265310000000000 0.24779600000000000 0.019571
56.4285710000000000 0.26277000000000000 0.020031
56.5306120000000000 0.25748800000000000 0.020044
56.6326530000000000 0.25943800000000000 0.019939
56.7346940000000000 0.24830100000000000 0.019777
56.8367350000000000 0.24787800000000000 0.019229
56.9387760000000000 0.27650000000000000 0.021544
57.0408160000000000 0.26556600000000000 0.020116
57.1428570000000000 0.26034900000000000 0.020092
57.2448980000000000 0.24995100000000000 0.019442
57.3469390000000000 0.27842600000000000 0.021033
57.4489800000000000 0.28001600000000000 0.021016
57.5510200000000000 0.26589700000000000 0.020329
57.6530610000000000 0.29391600000000000 0.021571
57.7551020000000000 0.27795500000000000 0.021422
57.8571430000000000 0.23219900000000000 0.018661
57.9591840000000000 0.26696500000000000 0.020534
58.0612240000000000 0.27155200000000000 0.021000
58.1632650000000000 0.27266000000000000 0.021054
58.2653060000000000 0.25372700000000000 0.019881
58.3673470000000000 0.29612500000000000 0.022550
58.4693880000000000 0.28373900000000000 0.021591
58.5714290000000000 0.25680500000000000 0.020184
58.6734690000000000 0.25438000000000000 0.019589
58.7755100000000000 0.21433900000000000 0.018402
58.8775510000000000 0.15024000000000000 0.014853
58.9795920000000000 0.07371400000000000 0.009818
59.0816330000000000 0.08402800000000000 0.010761
59.1836730000000000 0.12444800000000000 0.013710
59.2857140000000000 0.21170100000000000 0.017842
59.3877550000000000 0.25731200000000000 0.020519
59.4897960000000000 0.22958200000000000 0.019244
59.5918370000000000 0.26988100000000000 0.020780
59.6938780000000000 0.29304100000000000 0.022211
59.7959180000000000 0.26941700000000000 0.020663
59.8979590000000000 0.27984500000000000 0.021039
60.0000000000000000 0.22382900000000000 0.018858
